200	2j, with total spin j
1000	maximum n (fock state) that is contained in truncated Hamiltonian
0.7853981634	delta
0.003141592654	gamma
1e-08	tolerance
101	Number of gammas
0	gamma_min
2	gamma_max
0
0.03981133748
0.079532634
0.1191277264
0.1585493181
0.1977371044
0.2366162673
0.275096692
0.3130732896
0.3504277819
0.3870321693
0.4227538652
0.4574621681
0.4910354242
0.523368007
0.5543761965
0.5840022072
0.6122159561
0.6390145653
0.6644199581
0.6884751274
0.711239721
0.7327855204
0.753192241
0.7725439169
0.7909259848
0.8084230712
0.8251174191
0.8410878546
0.8564091883
0.8711519468
0.8853823493
0.8991624541
0.9125504218
0.9256008511
0.9383651585
0.9508919789
0.9632275752
0.9754162462
0.987500729
0.9995225929
1.011522625
1.023541207
1.035618686
1.04779574
1.060113741
1.072615111
1.085343678
1.09834503
1.111666856
1.125359276
1.139475153
1.154070359
1.169203993
1.184938518
1.20133978
1.218476869
1.236421771
1.25524874
1.275033335
1.295851038
1.317775396
1.340875651
1.365213869
1.390841628
1.417796449
1.446098247
1.47574618
1.50671636
1.5389609
1.572408638
1.606967729
1.642529944
1.678976274
1.71618315
1.754028533
1.792397181
1.831184615
1.870299586
1.909665076
1.949218099
1.988908622
