200.406	0.0390453
200.552	0.145788
200.831	0.279433
201.357	0.525664
201.437	0.0805698
201.562	0.124604
201.802	0.239597
202.347	0.545185
202.469	0.121987
202.572	0.103476
202.772	0.199855
203.337	0.564661
203.5	0.163298
203.582	0.0824051
203.743	0.160207
204.327	0.584093
204.531	0.204504
204.593	0.0613898
204.713	0.120652
205.317	0.603482
205.562	0.245605
205.603	0.0404299
205.684	0.0811897
206.307	0.622827
206.593	0.286602
206.613	0.0195249
206.655	0.0418194
207.297	0.642128
207.623	0.326171
207.624	0.00132548
207.626	0.00121496
208.287	0.661387
208.596	0.309518
208.633	0.0366479
208.655	0.0221218
209.277	0.621833
209.567	0.290368
209.643	0.0757461
209.686	0.0428643
210.267	0.581166
210.539	0.271259
210.653	0.114755
210.717	0.0635536
211.257	0.540599
211.51	0.252192
211.663	0.153675
211.747	0.08419
212.248	0.500133
212.481	0.233167
212.673	0.192507
212.778	0.104774
213.238	0.459765
213.452	0.214183
213.683	0.231251
213.809	0.125306
214.228	0.419496
214.423	0.195239
214.693	0.269908
214.839	0.145786
215.218	0.379324
215.395	0.176336
215.703	0.308479
215.869	0.166215
216.209	0.33925
216.366	0.157474
216.713	0.346964
216.9	0.186593
217.199	0.299271
217.338	0.138652
217.723	0.385363
217.93	0.20692
218.189	0.259389
218.309	0.119869
218.733	0.423678
218.96	0.227197
219.18	0.219601
219.281	0.101126
219.743	0.461909
219.99	0.247425
220.17	0.179907
220.252	0.0824225
220.752	0.500056
221.02	0.267602
221.16	0.140307
221.224	0.063758
221.762	0.53812
222.05	0.287731
222.151	0.1008
222.196	0.0451323
222.772	0.576101
223.08	0.307812
223.141	0.0613849
223.168	0.0265453
223.782	0.614001
224.11	0.327843
224.132	0.0220616
224.14	0.00799666
224.791	0.651819
225.112	0.320143
225.122	0.0105139
225.139	0.0171707
225.801	0.661871
226.084	0.282464
226.113	0.0289865
226.169	0.0563127
226.811	0.641914
227.056	0.244866
227.103	0.0474214
227.198	0.095365
227.82	0.622003
228.028	0.207347
228.094	0.0658189
228.228	0.134328
228.83	0.60214
229	0.169907
229.084	0.0841792
229.257	0.173203
229.84	0.582323
229.972	0.132545
230.075	0.102503
230.287	0.21199
230.849	0.562553
230.945	0.0952622
231.065	0.120789
231.316	0.250689
231.859	0.542829
231.917	0.0580565
232.056	0.139039
232.345	0.289302
232.868	0.523151
232.889	0.0209279
233.047	0.157253
233.374	0.327829
233.862	0.487395
233.878	0.0161242
234.037	0.159306
234.404	0.36627
234.834	0.430832
234.887	0.0531001
235.028	0.140472
235.433	0.404626
235.807	0.374389
235.897	0.0900003
236.019	0.121677
236.461	0.442897
236.78	0.318066
236.906	0.126825
237.009	0.102923
237.49	0.481085
237.752	0.261862
237.916	0.163576
238	0.0842078
238.519	0.51919
238.725	0.205777
238.925	0.200252
238.991	0.0655319
239.548	0.557211
239.698	0.149809
239.935	0.236854
239.982	0.046895
240.577	0.595151
240.671	0.0939575
240.944	0.273383
240.972	0.0282968
241.605	0.633009
241.644	0.0382223
241.953	0.309839
241.963	0.00973712
242.617	0.653388
242.634	0.0173976
242.954	0.32004
242.963	0.00878432
243.59	0.626794
243.662	0.0729028
243.945	0.282363
243.972	0.0272677
244.563	0.590535
244.691	0.128294
244.936	0.244765
244.981	0.0457134
245.536	0.554347
245.719	0.183572
245.927	0.207247
245.991	0.0641215
246.509	0.518231
246.748	0.238738
246.917	0.169808
247	0.0824922
247.482	0.482184
247.776	0.293792
247.908	0.132448
248.009	0.100826
248.455	0.446208
248.804	0.348734
248.899	0.0951659
249.018	0.119123
249.429	0.410302
249.832	0.403566
249.89	0.0579612
250.028	0.137383
250.402	0.374465
250.86	0.458289
250.881	0.0208335
251.037	0.155607
251.376	0.338697
251.872	0.496684
251.888	0.0162175
252.046	0.157577
252.349	0.302997
252.863	0.514214
252.916	0.0531925
253.055	0.138753
253.323	0.267365
253.854	0.531712
253.944	0.0900918
254.064	0.119969
254.296	0.231801
254.845	0.549177
254.972	0.126916
255.073	0.101225
255.27	0.196305
255.836	0.566611
256	0.163665
256.083	0.0825208
256.243	0.160875
256.827	0.584013
257.028	0.20034
257.092	0.0638553
257.217	0.125512
257.819	0.601383
258.055	0.236942
258.101	0.0452286
258.191	0.0902155
258.81	0.618722
259.083	0.27347
259.11	0.0266406
259.165	0.0549845
259.801	0.63603
260.111	0.309925
260.119	0.00809098
260.139	0.019819
260.792	0.653307
261.112	0.320605
261.128	0.0152814
261.138	0.0104205
261.783	0.644851
262.086	0.303406
262.137	0.0503171
262.166	0.0288941
262.774	0.608557
263.06	0.286238
263.146	0.0852884
263.193	0.04733
263.765	0.572335
264.035	0.2691
264.155	0.120196
264.22	0.0657284
264.757	0.536184
265.009	0.251992
265.164	0.155039
265.248	0.0840896
265.748	0.500103
265.983	0.234913
266.173	0.18982
266.275	0.102414
266.739	0.464093
266.957	0.217865
267.181	0.224537
267.302	0.120701
267.73	0.428153
267.931	0.200846
268.19	0.259192
268.329	0.138952
268.722	0.392282
268.905	0.183857
269.199	0.293784
269.356	0.157167
269.713	0.35648
269.88	0.166897
270.208	0.328314
270.383	0.175345
270.704	0.320747
270.854	0.149966
271.217	0.362783
271.41	0.193487
271.696	0.285083
271.829	0.133065
272.226	0.39719
272.437	0.211594
272.687	0.249486
272.803	0.116192
273.235	0.431537
273.464	0.229666
273.678	0.213957
273.778	0.0993477
274.243	0.465823
274.491	0.247702
274.67	0.178494
274.752	0.0825321
275.252	0.500048
275.518	0.265702
275.661	0.143099
275.727	0.065745
276.261	0.534214
276.545	0.283669
276.652	0.10777
276.701	0.0489861
277.27	0.568319
277.571	0.3016
277.644	0.0725068
277.676	0.0322554
278.278	0.602366
278.598	0.319497
278.635	0.0373094
278.651	0.0155528
279.287	0.636353
279.624	0.337359
279.626	0.00105517
279.627	0.00112204
280.296	0.66916
280.6	0.304529
280.618	0.0177691
280.651	0.03289
281.304	0.653492
281.575	0.270701
281.61	0.0343886
281.677	0.0678927
282.313	0.635682
282.55	0.236932
282.601	0.0509806
282.704	0.102831
283.322	0.617906
283.525	0.20322
283.593	0.0675454
283.73	0.137706
284.33	0.600163
284.5	0.169565
284.584	0.0840829
284.757	0.172517
285.339	0.582453
285.475	0.135968
285.576	0.100593
285.783	0.207265
286.348	0.564777
286.45	0.102427
286.567	0.117077
286.809	0.24195
287.356	0.547133
287.425	0.068943
287.559	0.133534
287.835	0.276573
288.365	0.529523
288.4	0.035515
288.55	0.149964
288.861	0.311134
289.373	0.511945
289.376	0.00214295
289.542	0.166367
289.888	0.345633
290.351	0.463226
290.382	0.0311735
290.533	0.151571
290.914	0.38007
291.326	0.412452
291.39	0.0644345
291.525	0.134661
291.94	0.414446
292.301	0.361765
292.399	0.0976404
292.517	0.11778
292.965	0.448762
293.277	0.311165
293.407	0.130792
293.508	0.100927
293.991	0.483017
294.252	0.260651
294.416	0.163888
294.5	0.0841037
295.017	0.517211
295.227	0.210223
295.424	0.19693
295.492	0.0673085
296.043	0.551346
296.203	0.159881
296.433	0.229919
296.483	0.0505416
297.069	0.585422
297.178	0.109623
297.441	0.262853
297.475	0.033803
298.095	0.619438
298.154	0.0594502
298.45	0.295734
298.467	0.0170924
299.12	0.653395
299.13	0.0093614
299.458	0.328562
299.459	0.000409785
300.105	0.64665
300.146	0.0406437
300.45	0.304448
300.467	0.0162451
301.081	0.614324
301.171	0.0905654
301.442	0.270621
301.475	0.0328722
302.057	0.58164
302.197	0.140404
302.434	0.236852
302.483	0.0494719
303.032	0.549008
303.222	0.190161
303.426	0.203141
303.492	0.0660442
304.008	0.516429
304.248	0.239835
304.417	0.169487
304.5	0.0825892
304.984	0.483901
305.273	0.289428
305.409	0.135891
305.508	0.0991071
305.96	0.451425
306.299	0.338939
306.401	0.102351
306.517	0.115598
306.936	0.419
307.324	0.38837
307.393	0.068867
307.525	0.132062
307.912	0.386626
308.349	0.43772
308.385	0.0354396
308.533	0.1485
308.887	0.354303
309.374	0.48699
309.377	0.0020682
309.541	0.16491
309.863	0.322031
310.368	0.504932
310.4	0.0312476
310.55	0.150047
310.84	0.289809
311.36	0.520783
311.425	0.064508
311.558	0.133145
311.816	0.257637
312.352	0.53661
312.45	0.0977133
312.566	0.116271
312.792	0.225515
313.344	0.552413
313.475	0.130864
313.574	0.0994263
313.768	0.193442
314.336	0.568192
314.5	0.16396
314.583	0.0826101
314.744	0.161419
315.328	0.583948
315.525	0.197002
315.591	0.0658223
315.72	0.129445
316.32	0.599681
316.55	0.229989
316.599	0.0490628
316.697	0.0975204
317.312	0.61539
317.575	0.262923
317.607	0.0323315
317.673	0.0656442
318.304	0.631076
318.6	0.295804
318.615	0.0156282
318.649	0.0338165
319.296	0.646739
319.623	0.327584
319.624	0.00104729
319.625	0.000989722
320.288	0.662379
320.602	0.314016
320.632	0.0296944
320.649	0.017695
321.28	0.630607
321.578	0.298434
321.64	0.0613779
321.674	0.0343151
322.272	0.597897
322.555	0.282874
322.648	0.0930138
322.699	0.0509077
323.264	0.56524
323.531	0.267337
323.656	0.124602
323.723	0.067473
324.256	0.532636
324.508	0.251823
324.664	0.156144
324.748	0.0840112
325.248	0.500083
325.484	0.236331
325.672	0.187638
325.773	0.100522
326.24	0.467581
326.461	0.220861
326.68	0.219085
326.797	0.117006
327.232	0.435131
327.438	0.205413
327.688	0.250486
327.822	0.133464
328.224	0.402733
328.414	0.189988
328.696	0.281841
328.846	0.149894
329.216	0.370385
329.391	0.174584
329.704	0.313149
329.87	0.166299
330.209	0.338088
330.368	0.159202
330.712	0.344412
330.895	0.182676
331.201	0.305841
331.344	0.143842
331.72	0.375629
331.919	0.199028
332.193	0.273645
332.321	0.128504
332.728	0.4068
332.943	0.215353
333.185	0.241498
333.298	0.113187
333.736	0.437925
333.968	0.231652
334.177	0.209402
334.275	0.0978916
334.744	0.469006
334.992	0.247926
335.169	0.177354
335.252	0.0826177
335.752	0.500042
336.016	0.264173
336.161	0.145356
336.229	0.0673652
336.76	0.531033
337.04	0.280395
337.154	0.113408
337.206	0.0521339
337.768	0.561979
338.064	0.296592
338.146	0.0815076
338.183	0.0369237
