200.081	0.0626497
200.12	0.0380397
200.141	0.0213138
200.222	0.0809818
200.234	0.0119995
200.271	0.0374244
200.275	0.00346037
200.279	0.00386833
200.294	0.0151723
200.377	0.0837141
200.516	0.138372
200.55	0.0340167
200.561	0.0110141
200.588	0.0276057
200.679	0.0902248
200.804	0.125221
200.832	0.0284376
200.905	0.072482
200.96	0.0547645
201	0.0404216
201.026	0.025764
201.036	0.0105508
201.149	0.112461
201.169	0.0203582
201.248	0.0789714
201.25	0.00173112
201.263	0.0129977
201.303	0.0399594
201.307	0.00446307
201.311	0.00413726
201.379	0.0674881
201.478	0.0990373
201.498	0.0197175
201.545	0.0476801
201.606	0.0606197
201.664	0.0585397
201.796	0.131598
201.874	0.078209
201.899	0.0250922
201.9	0.00109555
201.991	0.0907956
202	0.00873323
202.084	0.0839639
202.157	0.07275
202.219	0.0619148
202.225	0.0064137
202.245	0.0204488
202.266	0.0203418
202.304	0.0379257
202.327	0.0232132
202.34	0.0127714
202.44	0.100371
202.446	0.00544709
202.464	0.0182325
202.53	0.0660352
202.533	0.00352465
202.74	0.206935
202.788	0.0479842
202.841	0.053219
202.844	0.00233136
202.946	0.102496
202.966	0.0199116
203	0.0337683
203.142	0.142003
203.165	0.0226283
203.18	0.0150973
203.202	0.0223045
203.268	0.0659552
203.282	0.0137995
203.345	0.0627852
203.351	0.00651371
203.372	0.021057
203.394	0.0214572
203.402	0.00879461
203.461	0.0585277
203.514	0.0534552
203.548	0.0340841
203.78	0.232029
203.783	0.0021501
203.813	0.0307932
203.816	0.00245299
203.901	0.0855862
204	0.098526
204.033	0.0329017
204.114	0.0812049
204.173	0.0584229
204.179	0.00654905
204.2	0.0208051
204.298	0.0978191
204.317	0.0195125
204.342	0.0245398
204.365	0.0230078
204.375	0.0103772
204.385	0.0101394
204.389	0.00336502
204.404	0.0158154
204.499	0.0945051
204.633	0.133925
204.724	0.0910276
204.773	0.0488107
204.783	0.0103875
204.857	0.0736121
204.891	0.0345461
205	0.108726
205.049	0.0486233
205.099	0.050764
205.156	0.05679
205.18	0.0242303
205.258	0.0771986
205.29	0.032416
205.314	0.0235548
205.317	0.0029387
205.327	0.0106992
205.366	0.0390947
205.399	0.0328215
205.426	0.0267466
205.437	0.0108136
205.484	0.0468963
205.665	0.181732
205.717	0.0517582
205.753	0.0357883
205.765	0.0121175
205.812	0.0470972
205.966	0.154369
205.983	0.0168282
206	0.0167218
206.133	0.13333
206.166	0.0323605
206.188	0.0225764
206.238	0.0501359
206.245	0.00613424
206.29	0.0452151
206.315	0.0254207
206.329	0.0142391
206.415	0.0858616
206.423	0.00778805
206.466	0.0433083
206.468	0.00187754
206.469	0.000592512
206.607	0.138008
206.723	0.115839
206.757	0.0345719
206.768	0.010275
206.801	0.033496
206.918	0.117041
207	0.0819297
207.041	0.041417
207.111	0.0691176
207.173	0.0621712
207.187	0.0141884
207.196	0.00921143
207.232	0.0357056
207.252	0.020561
207.345	0.0928339
207.373	0.0273771
207.447	0.0743469
207.453	0.006012
207.464	0.0111641
207.501	0.0367983
207.507	0.0058504
207.548	0.0417452
207.693	0.144075
207.723	0.0305085
207.75	0.0264677
207.853	0.103448
207.885	0.0317462
208	0.115255
208.088	0.0877923
208.101	0.0132305
208.116	0.0151543
208.135	0.0193204
208.204	0.0684282
208.215	0.0111506
208.298	0.0826763
208.361	0.0632089
208.43	0.0688786
208.438	0.007833
208.471	0.0330656
208.49	0.0195373
208.513	0.0225343
208.533	0.0200769
208.547	0.014148
208.663	0.115496
208.679	0.0161993
208.742	0.0631312
208.788	0.0462012
208.968	0.180165
209	0.0317725
209.029	0.0294864
209.065	0.0356157
209.084	0.0191091
209.178	0.0936519
209.191	0.0128687
209.212	0.0209948
209.364	0.151789
209.377	0.0131623
209.422	0.0457619
209.432	0.00973535
209.487	0.0547692
209.494	0.00754328
209.561	0.0668988
209.565	0.00340191
209.587	0.0224228
209.633	0.0453444
209.634	0.00191915
209.723	0.0887873
209.734	0.010929
209.958	0.223905
210	0.0419041
210.033	0.0330348
210.042	0.0094291
210.051	0.00901491
210.141	0.0892535
210.22	0.0787762
210.265	0.0455744
210.374	0.109113
210.392	0.018159
210.407	0.0148863
210.429	0.0218596
210.518	0.0890756
210.544	0.02572
210.59	0.046418
210.597	0.00629345
210.603	0.0060387
210.61	0.00718837
210.627	0.0174481
210.659	0.0313113
210.727	0.0679433
210.887	0.160312
210.982	0.0951172
211	0.0180325
211.02	0.0198771
211.104	0.0838061
211.135	0.0308174
211.227	0.092771
211.316	0.0890672
211.339	0.0228933
211.392	0.0528464
211.408	0.0159157
211.495	0.0865171
211.542	0.0472957
211.546	0.00444341
211.573	0.0265548
211.594	0.0212554
211.601	0.00663846
211.628	0.0276488
211.658	0.0298104
211.667	0.00909477
211.719	0.0516501
211.816	0.0968458
211.931	0.11526
211.997	0.0663329
212	0.00265855
212.067	0.0667154
212.217	0.15058
212.235	0.0177211
212.259	0.0235861
212.377	0.118348
212.413	0.0362307
212.424	0.010414
212.502	0.078686
212.53	0.0273777
212.543	0.0133711
212.56	0.0167174
212.565	0.00563153
212.657	0.0919734
212.66	0.00265548
212.706	0.0463485
212.707	0.000764524
212.711	0.00416528
212.745	0.0335047
212.88	0.135367
212.975	0.0946992
213	0.0251434
213.03	0.0298282
213.201	0.171157
213.243	0.0417565
213.3	0.0571218
213.362	0.061993
213.439	0.0773011
213.458	0.0192479
213.465	0.00698253
213.487	0.0215428
213.513	0.0263892
213.589	0.075572
213.625	0.035918
213.674	0.0491644
213.692	0.0176135
213.704	0.0120983
213.714	0.0101708
213.747	0.0330298
213.754	0.00754281
213.829	0.0749837
213.952	0.123009
213.993	0.0405989
214	0.00697879
214.143	0.143488
214.25	0.106962
214.347	0.096348
214.382	0.0354112
214.401	0.0190398
214.415	0.0133757
214.455	0.0400589
214.484	0.0289932
214.56	0.0768078
214.603	0.0428161
214.612	0.00904793
214.69	0.0773537
214.696	0.00640264
214.723	0.0269856
214.77	0.0471255
214.779	0.00856037
214.787	0.00777716
214.802	0.0158274
214.93	0.127658
214.956	0.0262558
215	0.0437062
215.086	0.0861084
215.258	0.17203
215.332	0.0736338
215.337	0.0054662
215.371	0.0336971
215.454	0.0831617
215.464	0.0102342
215.47	0.00583938
215.533	0.0625956
215.634	0.101075
215.636	0.00190523
215.689	0.0527933
215.728	0.0397041
215.754	0.0261793
215.755	9.06701e-05
215.826	0.0716054
215.826	0.000308759
215.85	0.0237807
215.908	0.0574949
215.92	0.011942
216	0.0803544
216.029	0.028847
216.266	0.236962
216.273	0.0075481
216.317	0.0434234
216.327	0.0105584
216.425	0.0972434
216.462	0.0377895
216.486	0.0232492
216.546	0.0606125
216.659	0.112854
216.678	0.0187288
216.681	0.00317557
216.707	0.0260121
216.786	0.0788556
216.819	0.0331156
216.866	0.0466109
216.882	0.0169094
216.883	0.00058
216.885	0.0023426
216.898	0.0124972
216.972	0.0737868
217	0.0282975
217.21	0.209605
217.273	0.0638574
217.284	0.0103728
217.302	0.0179882
217.392	0.0902939
217.395	0.00301528
217.501	0.105903
217.627	0.126459
217.628	0.000423427
217.673	0.0455445
217.682	0.00891091
217.78	0.0976021
217.817	0.0371542
217.847	0.0294548
217.863	0.0165983
217.883	0.0201782
217.905	0.0215949
217.915	0.00971858
217.938	0.0237462
217.946	0.00708196
218	0.0544975
218.146	0.14598
218.24	0.0944424
218.281	0.0406752
218.287	0.00580181
218.322	0.0351012
218.366	0.0437457
218.516	0.150666
218.577	0.0608634
218.666	0.0886737
218.706	0.0396531
218.709	0.00378273
218.81	0.100785
218.841	0.0308251
218.848	0.0073272
218.853	0.00443249
218.858	0.00500642
218.944	0.0864658
218.948	0.00335233
218.993	0.04539
218.994	0.00123298
219	0.00579723
219.082	0.0824811
219.197	0.114618
219.252	0.0549209
219.272	0.0199874
219.289	0.0167064
219.336	0.0477083
219.527	0.190737
219.532	0.00459307
219.658	0.1267
219.729	0.0703227
219.774	0.0450578
219.791	0.0168037
219.801	0.0103265
219.819	0.017893
219.879	0.0605832
219.925	0.0459055
219.983	0.0580568
220	0.0165975
220.012	0.0116339
220.019	0.00747487
220.04	0.0212098
220.05	0.0095252
220.154	0.104024
220.182	0.02831
220.257	0.0749724
220.296	0.0391639
220.307	0.0108486
220.477	0.169985
220.547	0.069911
220.651	0.103916
220.738	0.0865995
220.744	0.00670689
220.752	0.00761375
220.797	0.0448724
220.872	0.0749098
220.91	0.038806
220.956	0.0453792
220.998	0.0418865
221	0.00225189
221.022	0.0224815
221.076	0.0530428
221.088	0.0120253
221.105	0.0177949
221.111	0.00538041
221.112	0.00174527
221.242	0.129854
221.278	0.0356401
221.304	0.0259311
221.427	0.12334
221.562	0.135091
221.644	0.0811845
221.688	0.0441989
221.701	0.0136791
221.775	0.0733345
221.775	0.000233577
221.893	0.117781
221.941	0.0487109
221.953	0.0110537
222	0.0474963
222.043	0.0428979
222.061	0.0185674
222.068	0.00620617
222.07	0.00229256
222.135	0.0646999
222.139	0.00458848
222.161	0.0214537
222.228	0.0668257
222.249	0.0212973
222.311	0.0626312
222.377	0.0659654
222.578	0.200135
222.631	0.0536927
222.636	0.00481247
222.665	0.0292156
222.753	0.0874478
222.798	0.0452376
222.83	0.0317737
222.972	0.142603
222.973	0.0011164
223	0.0265403
223.025	0.0247064
223.033	0.00841455
223.1	0.0672334
223.142	0.0416404
223.182	0.0396676
223.203	0.021157
223.213	0.00995222
223.216	0.00315816
223.22	0.00382564
223.319	0.0992523
223.328	0.00870872
223.575	0.247192
223.593	0.0178506
223.629	0.0358776
223.629	0.000611794
223.731	0.101533
223.767	0.0360833
223.821	0.054057
223.904	0.0832336
223.982	0.0776743
224	0.0181707
224.003	0.00316312
224.114	0.110367
224.139	0.0256197
224.191	0.0515933
224.198	0.00730042
224.214	0.0157984
224.229	0.0147039
224.266	0.0376807
224.271	0.00478989
224.278	0.00709086
224.327	0.0484307
224.519	0.192137
224.593	0.0746151
224.608	0.0146321
224.621	0.0133015
224.704	0.0828879
224.709	0.00476924
224.835	0.126103
224.844	0.00883967
224.939	0.095217
