200.0242523	-871.2868231	-1.135392409	-6.748031781e-13	5.236454648e-14	5.142707848
200.038051	776.4223398	-7.648802235	-3.284589854e-12	4.381171987e-13	2.972976045
200.039401	693.9361343	-3.010912409	-4.875076347e-12	5.263732378e-13	3.120218248
200.0497367	-534.3941234	1.714169326	-9.186215389e-14	4.065880799e-13	4.505716613
200.0513814	-1017.767015	-2.747581602	-1.368380181e-12	1.086773959e-12	5.474951632
200.0879009	363.5499829	2.888285222	-8.059993746e-14	-9.342190178e-14	3.622234296
200.1100423	-1035.957281	-2.956546552	-2.604141076e-13	1.731091009e-13	5.519130931
200.1102611	498.1114472	1.865503566	1.051176935e-12	7.583872524e-14	3.442689929
200.1215389	783.3194753	-8.120546792	2.51316525e-13	-4.110574873e-13	2.962410936
200.1296761	563.7328709	0.8718022566	1.595362232e-12	-4.31538791e-14	3.342563955
200.1325852	-719.2519486	0.3259483568	1.013279091e-13	-2.120496393e-13	4.833481033
200.1353084	629.8057369	-0.6894034708	7.740103593e-13	1.577771649e-13	3.233788069
200.1523362	117.1873139	3.269179329	1.174986017e-12	-1.71032271e-12	3.854616413
200.1564643	-1054.082439	-3.16711191	-1.931870083e-14	-2.226437332e-13	5.563342238
200.1670937	436.5066909	2.461195047	1.219568313e-12	-4.067533406e-13	3.530776099
200.1679641	702.5288671	-3.381983268	-2.016292098e-12	2.47679449e-13	3.107639665
200.1717737	-796.4250389	-0.382043521	-4.109139443e-13	-1.098369607e-13	4.98764087
200.1804834	-890.1538533	-1.328827206	2.854191545e-13	-6.774327063e-13	5.186576544
200.1805292	-80.47115516	3.172748883	4.655324464e-13	-3.13138352e-14	3.996545022
200.1817589	-598.3993047	1.286566954	-2.464746709e-13	-7.372196153e-13	4.614268661
200.1907074	-1072.145398	-3.379228081	-1.350526755e-13	2.108600169e-13	5.607584562
200.1954688	298.0780057	3.099201452	-2.439217249e-12	-1.26327625e-12	3.698015971
200.2070687	-1143.827694	-4.242273836	8.052451965e-13	-4.706612217e-13	5.784845477
200.2090004	-659.854397	0.8227403911	3.878877504e-13	-1.344766422e-13	4.723545192
200.2128309	-1090.148895	-3.592847372	-1.437611263e-13	9.166430169e-14	5.651856947
200.2172561	217.6176125	3.224508936	-5.040025377e-13	5.497741277e-13	3.775509821
200.218065	-490.3398887	1.97444387	-3.447700682e-13	1.535273189e-13	4.440511123
200.2209537	-1125.987678	-4.024413554	-1.283218622e-13	1.259215805e-13	5.740488271
200.2228936	-1108.095511	-3.807923909	-8.994183131e-13	5.544606828e-13	5.696158478
200.2922554	710.932082	-3.7627728	5.439539353e-12	1.253705239e-13	3.095255456
200.3009196	640.0610714	-0.9872610127	-9.244155248e-13	-1.640254965e-13	3.21974522
200.3171049	-157.0035406	3.077831564	-1.124374813e-12	-4.341436063e-14	4.058443369
200.3239955	-908.9236857	-1.524346376	4.654891803e-13	-2.090639876e-13	5.230486928
200.3317099	575.943347	0.6391595317	-5.296527422e-12	9.277183012e-14	3.327216809
200.3432919	-444.4500844	2.214983896	3.822412363e-13	3.235089094e-13	4.375700322
200.3459368	512.4940799	1.687133627	-3.27154586e-12	1.49786322e-13	3.426257327
200.376864	-815.7665662	-0.5656951284	-5.726820818e-13	5.051153251e-13	5.031313903
200.3831478	383.364375	2.793010525	1.998100575e-12	-2.436614087e-13	3.604139789
200.38741	-739.1911414	0.1534660946	7.388954275e-13	2.981444047e-13	4.876930678
200.3950858	40.21586539	3.25100717	-2.139561453e-13	8.413790445e-13	3.914979857
200.4097738	-226.5808804	2.955078711	-1.464783071e-12	3.722116745e-13	4.120898426
200.4123826	719.1545569	-4.153140263	-2.376988529e-12	-2.667588062e-13	3.083062805
200.4174344	-556.4703963	1.573660739	2.145371812e-13	6.132415534e-13	4.548526785
200.4252337	-396.2054597	2.434602643	-1.184877095e-13	1.08721823e-13	4.311307947
200.4319878	453.1691003	2.325241643	-4.576497464e-13	-7.787216464e-14	3.513495167
200.4548534	-927.6012596	-1.721881624	3.494580438e-14	1.476697963e-13	5.274437632
200.4586123	-288.7548323	2.806001245	-4.636329807e-13	2.626448762e-13	4.183879975
200.461506	650.0508174	-1.295548578	1.003902466e-12	-1.189790294e-12	3.205910972
200.4637233	-344.7484563	2.632047857	5.816381732e-13	-3.036675125e-13	4.247359043
200.5009926	-680.3599343	0.659860957	-4.289153712e-13	3.074941168e-13	4.766802781
200.5113767	-619.6005347	1.134306634	-2.990227254e-15	2.398997555e-13	4.657313867
200.5150923	321.5535374	3.033129549	1.917390845e-12	-8.017260037e-13	3.679337409
200.5219494	153.0697767	3.257170355	-2.8728173e-12	1.78645344e-13	3.834856593
200.528113	587.7952454	0.3958753553	1.552801379e-13	-4.231278334e-14	3.312082493
200.528453	727.2046669	-4.552938406	-4.587675477e-12	2.97962149e-13	3.071058768
200.5616924	246.695378	3.18621594	1.919523556e-12	-5.573469921e-13	3.756275681
200.5689954	-834.9862992	-0.751740521	8.629063853e-14	-1.97027954e-13	5.07503481
200.5731212	-946.1911803	-1.921367384	-2.210464352e-13	3.461542121e-13	5.318427348
200.5755255	526.4047259	1.498244031	4.460535736e-12	-5.786307944e-13	3.410035119
200.5939375	-40.48700766	3.201066215	-1.270105725e-12	5.722397704e-13	3.975978676
200.610365	-513.1578533	1.842696234	-1.100116817e-12	9.165393585e-13	4.483146075
200.6171722	659.7874306	-1.614185618	-1.783678837e-12	1.330070076e-13	3.192283712
200.6290304	-758.9748227	-0.02177201608	4.930545658e-13	-1.064284816e-13	4.92043544
200.6405737	735.0904062	-4.962013959	3.347497894e-12	-1.557331667e-14	3.059240279
200.6717003	402.2800656	2.687904065	-1.227215277e-12	6.825284295e-13	3.586241919
200.6788625	-964.6977483	-2.122740691	7.296347871e-14	-2.09652113e-13	5.362454814
200.6904714	469.2184744	2.179050286	2.483318502e-12	-1.616609634e-13	3.496418994
200.718983	599.3064244	0.1419693364	5.206705958e-12	-1.049528553e-12	3.297160613
200.7482347	-854.0909089	-0.9400993488	4.185228993e-13	1.666773384e-13	5.118801987
200.7488515	742.8194082	-5.380208122	9.266240473e-13	2.587089195e-13	3.047604162
200.7488874	-119.6142868	3.120993216	-4.745579593e-13	8.351674964e-13	4.037580136
200.760347	-468.1881626	2.092587055	2.485265755e-14	-2.434088392e-13	4.418148259
200.7680238	669.28272	-1.943082391	-1.644860114e-12	8.139875765e-14	3.178861648
200.7713868	-578.2443418	1.429340563	2.286761623e-12	-1.021739084e-12	4.591413189
200.77214	-983.1249844	-2.32594107	4.241547761e-13	-6.235356119e-13	5.406518821
200.7796005	-700.6754378	0.4939132581	-9.495889981e-13	6.308821793e-13	4.810121735
200.7828843	79.56911655	3.255636314	8.28207168e-13	6.228445099e-13	3.894887274
200.7991157	539.8697801	1.298804512	-1.516555739e-12	7.397781011e-14	3.39402391
200.8274295	-640.5653416	0.9786275459	-1.785101975e-12	4.734496139e-13	4.700427449
200.827839	343.6485101	2.957610056	1.187202486e-12	-9.248833758e-13	3.660847799
200.8530161	-1001.476653	-2.53091042	5.283466713e-13	-4.084555665e-13	5.450618208
200.8533924	750.3989634	-5.807357075	5.229202339e-12	-1.818041034e-13	3.036147142
200.8575148	-778.6122826	-0.1996713515	1.131371735e-12	-1.912481801e-13	4.963993427
200.8599658	-192.9619199	3.012375625	1.092401081e-12	8.604082375e-13	4.099752487
200.8671903	-421.1512621	2.32218382	-6.854598631e-13	4.739941674e-13	4.353556324
200.8843905	186.7584157	3.236583338	3.387347505e-12	-1.20282891e-12	3.815268333
200.8990931	273.7031657	3.138897501	-3.85936796e-12	9.416489685e-13	3.73722205
200.9044186	610.4935979	-0.1225289267	-3.691110722e-12	6.237273363e-13	3.282450579
200.9141666	678.5478964	-2.282140267	2.494731502e-12	9.111914035e-14	3.165642805
200.914648	-873.086575	-1.130694515	1.013702411e-13	1.117485932e-13	5.16261389
200.9215522	-1019.756284	-2.737592912	2.523611333e-13	-2.799278061e-13	5.494751858
200.9272337	-258.8359049	2.876745447	-1.370003465e-12	6.86846565e-13	4.162465091
200.9307204	-371.3787416	2.530272739	4.863723943e-13	-5.805300262e-13	4.289394545
200.9426246	484.6969464	2.022555387	-2.47414851e-12	-3.987591798e-13	3.479548892
200.9507805	-317.7852756	2.715574767	8.917138301e-13	-7.968995295e-13	4.225688505
200.9536291	420.3946106	2.572871171	8.441388808e-13	3.262001585e-13	3.568542577
200.954302	757.8360368	-6.24329248	-1.136709172e-12	-5.293646091e-13	3.02486585
200.9778093	-1037.967187	-2.945934884	8.959781341e-13	-4.252143856e-13	5.538918698
200.9888113	-535.6090373	1.706850505	-7.905343178e-14	-4.86203899e-13	4.52586299
201	5.368320651e-14	3.221591408	1.121658912e-12	5.301905725e-13	3.955568172
201.0167978	552.9134044	1.088794232	-4.610720671e-13	4.878247261e-13	3.378224115
201.0218476	-1056.112474	-3.155884747	-4.103525272e-13	-1.036275251e-13	5.583117695
201.0448936	-720.8131594	0.3250041653	-1.253014117e-12	3.909708033e-13	4.853499917
201.0516851	765.1372826	-6.687841986	-3.952349555e-12	-3.734565598e-13	3.01375684
201.0537269	-1074.195072	-3.367392895	8.406691542e-13	-4.739231041e-13	5.627347858
201.0557068	687.5936155	-2.631252061	-2.832524911e-12	9.581967731e-13	3.152625041
201.0608241	-1145.951341	-4.228080736	9.1332474e-14	-9.769434166e-14	5.804561615
201.068301	-891.9790326	-1.323452029	-1.036454439e-12	1.00782682e-12	5.206469041
201.0729314	-798.1120529	-0.3801411592	-9.538890302e-13	7.182001707e-13	5.007602823
201.0735061	-1092.217734	-3.580411613	5.120367972e-13	-6.94347872e-14	5.671608232
201.0769972	-1128.093489	-4.010798878	7.487342332e-13	-6.44604376e-13	5.760215978
201.0812436	-1110.183057	-3.794894998	-1.445912084e-13	1.862835916e-14	5.7158979
201.0845199	621.372453	-0.3975798976	-2.122517856e-12	-2.781202947e-13	3.267951598
201.1116644	-599.7404506	1.281344776	-8.339422118e-13	9.700783876e-13	4.634373104
201.1299877	-661.3104617	0.8196503088	8.533521815e-14	-2.902135165e-14	4.743606994
201.1337726	364.5579123	2.872531406	-1.671737713e-12	4.722259304e-13	3.642549372
201.1456456	772.3090593	-7.140829737	-5.215948226e-13	1.477427708e-13	3.002816595
201.1634385	117.459626	3.252010217	-2.473154813e-13	1.89740336e-12	3.874959796
201.1634418	-491.4623639	1.965785144	7.021344708e-13	-7.309393661e-13	4.460684297
201.1732741	-80.65028762	3.156684149	-1.401716109e-13	9.861024445e-14	4.016866317
201.1885292	499.6410792	1.855699647	-2.24634653e-12	-9.440619758e-14	3.462886007
201.1927512	696.4300157	-2.990302395	6.176412198e-12	-1.305016884e-12	3.139806048
201.2092585	-910.7736136	-1.518300869	4.347975721e-13	-5.413166984e-14	5.250366017
201.2286637	565.5578507	0.8682019355	-1.455783131e-12	8.403749469e-14	3.362635961
201.2290071	437.7842819	2.447823964	2.871078488e-12	4.593927779e-13	3.551043521
201.2295147	298.8632591	3.082429308	7.996862676e-13	1.601353499e-12	3.718351414
201.2362866	779.3574422	-7.602076864	1.700019407e-12	-2.918990194e-13	2.992041537
201.239709	218.1562295	3.207285127	-7.24689551e-13	-3.307983475e-13	3.795854297
201.259388	631.9577501	-0.6831341958	1.860559512e-12	-2.152651075e-13	3.253662684
201.2753476	-817.4819885	-0.5630943859	3.112099694e-13	-1.88535181e-13	5.051261888
201.2950826	-445.4732029	2.205031542	1.65264899e-12	-4.160701129e-13	4.395899369
201.2969411	-740.784251	0.1532361627	8.071442357e-13	-1.790500795e-13	4.896935277
201.3027199	-157.3558863	3.062518011	1.331888711e-12	6.517152142e-14	4.07874964
201.3237103	786.2882368	-8.07140198	-7.254297512e-13	4.566983411e-13	2.98142804
201.3254063	705.0667521	-3.359168093	-3.439144032e-12	2.362891097e-13	3.127183362
201.3375849	-929.4752824	-1.715172848	4.951949921e-13	-6.374851386e-13	5.294303457
201.3534743	-557.7277392	1.567053497	-1.18123128e-13	-9.447185752e-13	4.56865893
201.3835522	-397.1206472	2.423413547	-6.897596116e-13	1.303396097e-12	4.331531729
201.3883828	-227.0959652	2.940644435	-6.189460538e-13	-6.333323845e-13	4.141187111
201.3987552	40.30645789	3.234184736	-7.109879857e-13	-6.033320567e-13	3.935316305
201.419121	-681.8509201	0.6574905908	7.936050009e-13	1.339179827e-13	4.786850188
201.4282693	514.0832452	1.678434343	3.754042811e-12	-1.889004128e-13	3.446431313
201.428686	-345.54468	2.619690668	-9.613203774e-13	3.431053433e-13	4.267606187
201.429125	642.2634087	-0.9791327316	3.543557098e-12	-6.069464903e-14	3.239582655
201.4303378	-289.4182507	2.792557588	-2.322750993e-12	-4.625886724e-15	4.204148848
201.4329589	384.4410902	2.77778755	1.631488145e-12	-3.959223154e-14	3.624444249
201.4348071	577.8237146	0.6370260667	4.139370471e-12	5.224612065e-16	3.347259479
201.4383376	-620.9800652	1.129803794	2.461098616e-12	-2.758149543e-13	4.677403924
201.4533439	-948.0886687	-1.914002485	6.707389546e-13	-5.605424056e-13	5.33828005
201.4537791	713.5130269	-3.737718597	-1.415023622e-13	-6.002507773e-13	3.114754372
201.4648303	-836.7293374	-0.7484475124	8.542111747e-13	-7.312025925e-13	5.09496895
201.4979095	454.5099193	2.312681716	-5.396601852e-12	5.36766715e-13	3.533746366
201.5358115	-760.5988972	-0.02129246104	-9.367504691e-13	1.348501964e-13	4.940425849
201.5367932	153.4319164	3.239992377	1.138918878e-12	-6.381931375e-14	3.855200152
201.5526465	-514.3258909	1.834736453	6.373089833e-13	-8.842397102e-13	4.503305271
201.5530156	322.4145929	3.016691299	-6.408601703e-13	7.05861435e-13	3.699666174
201.5565985	-966.6180958	-2.114726886	-9.71690671e-14	1.999594226e-13	5.382294538
201.577976	721.7776157	-4.125816406	-8.322805603e-13	5.499144481e-13	3.102516328
201.5879566	247.3183191	3.169145626	-1.651807335e-12	5.441664127e-13	3.776617087
201.5902995	-40.57696802	3.184764571	7.686288244e-13	-5.381564605e-13	3.996304709
201.5938339	652.3025811	-1.285506882	-5.332472218e-13	1.152756744e-12	3.225710138
201.635323	589.7301386	0.3952748447	-1.990320665e-12	1.946811998e-13	3.332094503
201.6414457	-855.8608018	-0.9361203962	-1.891470612e-12	1.63707125e-14	5.138722408
201.6474111	-985.0676065	-2.31728563	-8.76032546e-13	6.582655085e-13	5.426345713
201.6619306	528.0525303	1.49071958	-2.248959734e-12	3.922727318e-13	3.430185608
201.694899	-702.2002803	0.4922593197	1.157429228e-11	-1.352654741e-12	4.830154814
201.6981037	729.8688927	-4.523317531	-2.707618113e-12	3.609460653e-13	3.090466351
201.7044242	-579.5426647	1.423446062	-4.845177704e-13	9.408077012e-13	4.611531079
201.7089799	-469.260565	2.083316201	-1.990596997e-13	2.591439782e-13	4.438333676
201.7254656	403.4237786	2.673278341	-2.115846443e-12	-4.300184319e-13	3.606534433
201.7258436	-1003.440986	-2.521620656	-7.406144136e-13	6.985225774e-13	5.470432413
201.7380669	-119.8807169	3.105367033	-1.934833843e-14	-8.076249354e-13	4.057892659
201.7514765	-641.9820289	0.9748427006	-1.468778812e-12	-1.262348054e-13	4.720503146
201.7536183	662.087717	-1.602178705	-1.114312893e-12	1.247101681e-13	3.212043574
201.7604133	470.6214507	2.167371192	7.386785295e-13	-9.935153997e-14	3.516652576
201.7615728	-780.2664275	-0.1984874274	3.813602607e-13	-7.839806929e-14	4.983969749
201.7902438	79.7503852	3.238707786	1.086491694e-12	-7.619742231e-13	3.915225844
201.791957	-1021.741784	-2.727676159	1.036221002e-12	-8.11147763e-13	5.514553523
201.8052595	-874.8825909	-1.12603612	-1.965242884e-13	-1.153767844e-13	5.182520722
201.8142684	737.7948521	-4.930071965	2.661220582e-12	-5.296889099e-13	3.078601439
201.8222869	-422.1203946	2.311653349	-5.760975867e-13	1.331695775e-13	4.373766933
201.8303079	601.2949796	0.1429663009	-1.109850282e-12	7.090139584e-13	3.317140674
201.8420868	-193.3967037	2.997561188	-1.031407441e-13	-3.473249101e-13	4.120048776
201.845812	-1039.97333	-2.935398492	1.001349321e-13	2.215943557e-13	5.55870797
201.8696568	344.5826239	2.941568051	4.33338911e-12	5.11491771e-13	3.681168639
201.8874683	-1058.138753	-3.144736068	-6.956654806e-13	3.878017122e-13	5.602894721
201.8896008	541.5753462	1.292524512	-2.878305381e-12	2.83244397e-13	3.41414951
201.8923955	-372.2349139	2.518545214	-4.122797191e-13	4.979309868e-13	4.309629096
201.902419	-259.4263615	2.862861821	3.06664759e-12	-8.156688434e-13	4.182742764
201.9029956	187.209028	3.219448592	4.546167267e-13	7.405732291e-13	3.835611028
201.9085826	671.6306192	-1.92906119	-3.870681117e-13	9.57818954e-14	3.198581224
201.914824	-1148.071281	-4.21398034	-8.284012939e-13	5.673975135e-13	5.824279607
201.9169853	-1076.240997	-3.355639274	-6.538286918e-13	2.570052742e-13	5.647112785
201.9191511	-318.5160493	2.702725025	4.338207864e-13	6.703636894e-13	4.245945499
201.9265759	745.5631283	-5.345924168	6.192261113e-14	-3.46350395e-13	3.066918483
201.9280307	-536.8209729	1.699592913	-1.928514797e-13	1.059831367e-13	4.546008142
201.9291871	274.4075866	3.122038159	2.011994736e-12	-6.241139019e-13	3.757559237
201.9332839	-1130.195581	-3.99727429	-7.079804299e-13	5.277040481e-13	5.779945486
201.9344217	-1094.282834	-3.568060378	1.393754586e-13	-5.2443523e-14	5.691361208
201.9398354	-1112.266873	-3.781953451	8.535203869e-13	-5.609696492e-13	5.735639069
201.9563369	-893.8004682	-1.318120851	-2.669037941e-13	-2.80070024e-13	5.226362417
201.9573907	-722.3708418	0.3240628866	-9.567429539e-13	-6.20824774e-14	4.873518742
201.9742925	-799.7954107	-0.3782582915	6.238193858e-13	-5.670245254e-13	5.027565166
202	4.066633871e-13	3.205095431	-1.012429856e-12	-3.195825609e-13	3.975898091
202.011363	421.6037967	2.558909913	-1.391411362e-12	-5.88805379e-14	3.588821802
202.0165977	486.1610817	2.011826973	2.339331982e-12	6.682455728e-13	3.499763461
202.0198597	612.5349484	-0.1198717247	1.807216056e-12	-4.66113249e-13	3.302397434
202.0351315	753.1810142	-5.77071355	8.488786694e-13	-3.726745046e-13	3.055414271
202.041731	-601.0783901	1.276163332	-1.106456179e-12	-9.548001798e-14	4.654476733
202.0511506	-662.7631389	0.8165814719	-5.318368791e-13	1.683212861e-13	4.763668371
202.0588318	680.9424925	-2.266058549	-2.597188203e-12	-9.071378437e-14	3.185321171
202.0947423	-912.6197919	-1.512303697	-2.104235655e-13	2.296710864e-13	5.270246074
202.1089513	-492.5820505	1.957201428	-6.895107697e-13	5.994407715e-13	4.480855971
202.1113692	554.6758658	1.083827527	2.725196382e-12	-6.597260907e-13	3.398323449
202.14004	760.655478	-6.204274968	-3.597111161e-13	6.636964512e-13	3.044085499
202.1660394	-80.82900239	3.140784093	-1.029284206e-12	-9.618666345e-15	4.037184318
202.1740376	-819.1937366	-0.560518273	4.430921695e-13	-3.221645764e-13	5.071210365
202.1745083	117.7312637	3.235023768	-7.835797951e-13	-1.913407224e-13	3.895299525
202.1795012	365.5626503	2.856949161	-2.029511631e-12	-8.553628342e-14	3.662861017
202.2040772	623.465728	-0.3932016286	4.685572926e-13	1.948772322e-13	3.287864033
202.204471	690.0339873	-2.613066531	4.653268852e-12	-6.874477428e-13	3.172261331
202.2066644	-742.3738011	0.1530033433	6.18616707e-13	-2.608561627e-13	4.916939933
202.2205395	-931.3455518	-1.708516582	-2.848434084e-13	4.878744708e-13	5.314170332
202.2414053	767.9931787	-6.646439222	1.178903074e-11	-4.923431873e-13	3.032928784
202.2469928	-446.4937503	2.195168075	1.842675227e-13	-5.624879896e-14	4.416096638
202.2620947	218.6933609	3.19024731	3.100399247e-11	2.280732129e-12	3.816195054
202.2634563	299.646158	3.065839841	1.101607615e-10	7.819220387e-12	3.738683203
202.2665437	501.1654252	1.845991761	4.142206795e-13	2.151305959e-13	3.483080165
202.2883744	-157.7073841	3.047358488	-5.213348633e-14	1.470842873e-14	4.09905283
202.2896644	-558.9820299	1.560500337	-3.442098493e-13	3.453194594e-13	4.588789993
202.2907232	439.0576198	2.434595045	-2.306996868e-13	-9.077888239e-13	3.571308099
202.3273269	567.376348	0.8646164083	-2.668260347e-12	3.97513431e-13	3.382707672
202.3337917	-949.9824015	-1.906694119	-9.02377982e-13	7.538221398e-13	5.358133882
202.3374293	-683.3384756	0.6551351895	6.482238658e-13	-6.592338175e-13	4.806897296
202.3393308	775.2004802	-7.09703354	2.357543676e-13	-1.201923415e-13	3.021940671
202.3419762	-398.0335143	2.412327172	5.35212872e-13	1.349495851e-15	4.351753457
202.3456058	698.9152373	-2.969972776	-8.421058371e-14	3.539112503e-13	3.159399456
202.3608743	-838.4686861	-0.7451840933	1.901695213e-13	1.91532453e-13	5.114903682
202.3654644	-622.3563321	1.12533495	-6.644703685e-13	5.634127906e-13	4.697493301
202.3670494	-227.60977	2.926352403	-3.978743879e-13	-1.201162904e-12	4.161472952
202.3830605	634.1020737	-0.6769761286	4.050845293e-12	-3.11615335e-13	3.273539523
202.3937392	-346.3388767	2.607449836	9.886944558e-14	2.940735038e-13	4.287851003
202.4021379	-290.0799889	2.779243534	5.359774916e-14	-1.151383932e-13	4.224415129
202.4024141	40.39683812	3.217538687	-5.902215585e-14	-1.291580694e-13	3.955649226
202.4339189	782.2834649	-7.555882072	-3.544253791e-12	2.489108554e-13	3.011117641
202.4345617	-968.5346874	-2.106773487	-3.445985562e-13	1.036866109e-13	5.40213547
202.4427882	-762.2193849	-0.02082140987	-7.402359767e-15	3.71156548e-14	4.960416428
202.4823421	707.5958937	-3.336657193	-8.206945999e-13	-1.874393344e-13	3.146733144
202.4826138	385.5143547	2.762729629	-2.957460209e-12	-1.02172035e-12	3.644745407
202.4950663	-515.4910532	1.826844344	-5.409869058e-13	9.383826587e-14	4.523463113
202.5103345	515.6668885	1.669816652	2.369723061e-12	-9.92406936e-14	3.466603667
202.5229114	-987.0064741	-2.308694324	-1.961011984e-14	-1.817634746e-13	5.446173886
202.525271	789.2479458	-8.022806366	2.777783961e-12	6.37927405e-13	3.000456127
202.5348686	-857.6269924	-0.9321758213	-4.563032593e-13	1.008283676e-13	5.158643516
202.5375664	579.6973921	0.6348884459	3.680154577e-12	-3.449037608e-13	3.367302231
202.5515934	153.7931283	3.22299783	5.160979674e-13	5.450895226e-14	3.875540043
202.5569106	644.4578993	-0.9711383903	-7.970365698e-12	1.033427912e-12	3.259422768
202.5636205	455.8462365	2.300253517	-6.897487426e-13	3.387112627e-13	3.55399493
202.5866717	-40.66672074	3.168631067	-3.570884276e-11	2.581095358e-12	4.016627379
202.5908224	323.2730193	3.000431953	-1.612286171e-12	-4.26515883e-13	3.719991361
202.5989021	-1005.401568	-2.512398611	4.135044964e-13	-2.137273021e-13	5.490247972
202.6103813	-703.7216536	0.4906142496	-2.253695957e-13	4.016884217e-14	4.850187715
202.6141417	247.9394904	3.152259973	-1.798350709e-13	1.520297881e-13	3.796954801
202.6147855	716.0851554	-3.712992359	-5.854720193e-13	3.811861278e-14	3.134259847
202.6376169	-580.8378676	1.41759866	-5.611471286e-13	2.943693038e-13	4.631648027
202.6577384	-470.3302948	2.074126755	-6.547330364e-12	-4.599610375e-13	4.458517465
202.6625947	-1023.723537	-2.717830574	2.936492096e-13	-3.293492032e-13	5.534356611
202.6658296	-781.9169614	-0.1973174423	7.086916773e-13	-6.951608476e-13	5.003946349
202.6756937	-643.3954007	0.9710852927	5.439720586e-13	-2.058901963e-13	4.740578294
202.6960856	-876.6748943	-1.121416724	-1.10622054e-12	6.206054124e-13	5.202428334
202.7140492	-1041.97573	-2.924936585	1.588350561e-12	-1.121657089e-12	5.578498732
202.7257295	654.5463511	-1.275622191	8.372323458e-13	5.280195041e-14	3.245512444
202.7272763	-120.1465184	3.089899131	-3.780319172e-13	2.075653664e-13	4.078202017
202.7421818	591.6581416	0.3946505184	-5.158110783e-12	8.751534667e-13	3.35210699
202.743042	724.3917962	-4.098843945	-3.213310442e-12	3.296086882e-13	3.121976879
202.748055	529.6945819	1.483261384	-1.029682098e-12	-3.473933288e-14	3.450334772
202.7533252	-1060.161296	-3.133665062	3.20707918e-13	-3.838800205e-13	5.622673301
202.769067	-1150.187533	-4.199971761	9.290502095e-13	-6.729368339e-13	5.843999435
202.7774957	-423.0870868	2.301218047	-1.78154126e-12	2.756957367e-13	4.393975639
202.7790619	404.5637858	2.658810237	-2.77150649e-12	-3.736167304e-13	3.626823795
202.7804815	-1078.283194	-3.343966388	-7.286084906e-13	4.089629548e-13	5.666879328
202.7898125	-1132.293973	-3.983838917	-2.457188253e-13	5.729125054e-14	5.799676778
202.7955765	-1096.344213	-3.555792819	-3.695137154e-13	1.06702072e-13	5.711115856
202.797582	79.93122012	3.2219576	-1.859775187e-12	6.728072453e-13	3.935560848
202.7986678	-1114.34698	-3.769098406	-7.345215525e-13	5.682377523e-13	5.755381968
202.8242562	-193.8304259	2.982893888	8.617710362e-13	-6.165454974e-13	4.140342122
202.830131	472.0196796	2.155812441	6.922002997e-13	1.679358263e-13	3.536883751
202.8445898	-895.6181829	-1.312833127	7.756894554e-11	-3.998883596e-12	5.246256663
202.8541683	-373.0889156	2.506926496	-2.849115634e-13	-1.524028237e-12	4.32986147
202.867217	732.5241887	-4.494071155	2.558726958e-12	9.413805234e-14	3.109881423
202.867394	-538.0299534	1.692395799	1.478545255e-12	-1.050155166e-12	4.566152084
202.8700751	-723.9250203	0.3231245629	-5.134388227e-13	2.469512089e-13	4.893537509
202.8758556	-801.4751365	-0.3763946196	1.020212082e-11	2.958976403e-13	5.047527892
202.8776701	-260.0153381	2.849113202	1.151664184e-12	-8.613991747e-13	4.203017736
202.887604	-319.2449701	2.689997437	-3.94657269e-13	2.274734235e-13	4.266200051
202.8896199	664.3798727	-1.590352125	3.598228903e-12	-1.091644466e-12	3.231807043
202.9113455	345.5138414	2.925700323	2.627906746e-13	1.607353953e-13	3.701485994
202.9215457	187.6584454	3.202497385	3.314107934e-13	-8.49841129e-14	3.855950052
202.9412685	603.2764525	0.1439191341	2.925003907e-12	4.572931936e-14	3.337121617
202.9591899	275.1099549	3.105361381	3.604741855e-12	-1.249373073e-12	3.777892772
202.9719577	-602.4131473	1.271022172	1.185796537e-12	-7.735985942e-13	4.674579557
202.9724881	-664.2124532	0.8135336924	-5.302400765e-13	-2.89523599e-13	4.783729326
202.9797917	543.2749343	1.286294561	3.491207992e-12	-6.775326026e-13	3.434274109
202.9804454	-914.4622432	-1.506354276	-5.607949954e-12	5.018649154e-12	5.290127086
202.9874159	740.490327	-4.898527187	-1.324285932e-12	-4.024793047e-14	3.097970544
203	-1.010864616e-13	3.188770569	-6.149438532e-13	8.602961948e-14	3.996224589
203.0486851	673.9702609	-1.91524384	-6.121538689e-12	3.910433895e-13	3.218304877
203.0545925	-493.6989709	1.948691763	2.317140028e-12	6.670903097e-13	4.501026165
203.0689148	422.8090251	2.545097912	6.172590387e-12	-2.364787016e-13	3.609098042
203.0729326	-820.9018344	-0.5579664374	2.589708645e-12	-2.411922545e-12	5.091159329
203.0903332	487.6202276	2.001206583	2.20908397e-12	-2.524686768e-13	3.519975868
203.1037157	-933.21209	-1.701912209	2.83727933e-13	-4.185411104e-13	5.334038244
203.1037437	748.2978466	-5.312059694	-2.130168612e-12	-1.179271814e-13	3.086241194
203.1165787	-743.9598165	0.1527677472	3.217092779e-13	-1.978052706e-13	4.936944645
203.1349233	614.5690331	-0.1172795678	-4.876805565e-13	6.405453079e-14	3.322345591
203.1588248	-81.00730253	3.125046152	-4.999192538e-13	4.73792925e-12	4.057499077
203.185546	118.0022324	3.218217031	3.697565622e-12	3.583400058e-12	3.915635659
203.1990216	-447.5117475	2.185392313	-6.252198144e-14	-6.277491805e-14	4.436292154
203.2030288	683.3287148	-2.250204313	1.926007625e-12	1.767698068e-13	3.205004086
203.205633	556.43213	1.078893835	-5.132076141e-12	-1.773615101e-12	3.418422123
203.2144634	-951.8724009	-1.899441636	8.252547993e-13	-8.666987441e-13	5.377988833
203.216305	755.9540424	-5.734511264	1.540344109e-12	-7.871088748e-13	3.074690225
203.2250879	366.5642306	2.841535692	1.188680886e-12	-5.954610612e-13	3.683169286
203.2260034	-560.2332919	1.554000615	-6.072745267e-13	-3.089228702e-13	4.608919988
203.2559161	-684.8226253	0.6527946454	-3.995463745e-13	1.167224505e-13	4.826944107
203.2571263	-840.2043689	-0.7419498613	1.232053928e-12	-6.235415479e-13	5.134838997
203.274068	-158.0580406	3.032350648	7.627288734e-14	5.154791801e-13	4.119352987
203.2844138	219.2290205	3.173392443	-1.068350848e-12	5.171162956e-13	3.836532151
203.2927558	-623.7293599	1.120899745	3.842044606e-13	-9.874539538e-13	4.717582005
203.2972948	300.4267262	3.04943005	-1.629631069e-12	-1.986464129e-13	3.759011399
203.3005048	-398.9440802	2.401342108	7.644402215e-13	-4.770629624e-13	4.371973158
203.3127509	-970.4475449	-2.098879814	5.738526969e-13	1.255576693e-13	5.421977596
203.3232441	625.5515624	-0.3889098554	-1.208987499e-13	7.057212554e-13	3.307778197
203.3252036	763.4658857	-6.165719897	2.782586277e-12	-4.895114713e-13	3.063314398
203.3443073	502.6845441	1.836378655	8.73128695e-13	-5.211826328e-13	3.503272427
203.3457731	-228.1223053	2.912200495	-5.908069256e-13	1.506131057e-12	4.18175599
203.3499594	-763.83631	-0.02035868745	3.292695583e-13	6.329020075e-14	4.980407174
203.352244	440.3267511	2.421506091	-2.711059907e-12	1.381354031e-12	3.591569878
203.3527555	692.4658796	-2.595132157	6.270077155e-12	-5.97654625e-13	3.191902643
203.3588822	-347.1310634	2.595323712	1.607320905e-12	-3.762198538e-13	4.308093526
203.3740119	-290.7400608	2.766057198	-1.929656535e-12	-9.372195162e-14	4.244678856
203.3986396	-988.9416082	-2.300166442	8.864437032e-14	-9.538367128e-14	5.466003329
203.4060625	40.48700766	3.201066215	1.707510925e-12	-4.919885572e-13	3.975978676
203.4256691	569.1884354	0.861046063	1.040413712e-12	-3.727282219e-14	3.402779079
203.4285022	-859.389504	-0.9282651749	3.318472976e-13	4.619702176e-13	5.178565303
203.4305429	770.8400397	-6.60551949	-8.817190622e-13	-8.227540519e-13	3.05211039
203.4376235	-516.6533631	1.819019061	-8.860850007e-13	-7.300778628e-13	4.543619619
203.4721905	-1007.358418	-2.503243551	2.338121607e-13	-3.531649605e-14	5.510064871
203.4979696	701.3918844	-2.949917957	-3.773358724e-13	3.253507882e-12	3.178998359
203.5063298	636.238791	-0.670926481	4.853935976e-12	-3.768822813e-13	3.29341853
203.5260461	-705.2395825	0.4889780162	1.279437223e-12	-8.857031322e-13	4.87022044
203.5321142	386.5842054	2.747834099	-1.686789925e-12	-3.241043769e-12	3.665043318
203.5324254	778.0828737	-7.053740316	-1.126463393e-13	1.090985289e-13	3.041074806
203.5334639	-1025.701562	-2.708055401	-3.177428738e-13	2.201694194e-13	5.554161108
203.5663503	154.1534204	3.206183744	-1.547913246e-12	-6.840716651e-12	3.895876325
203.5702842	-783.5639085	-0.1961611607	-3.011274742e-13	4.828730836e-13	5.023923223
203.5709636	-582.1299742	1.411797814	-5.804256411e-13	3.247495759e-13	4.651764044
203.5825197	-1043.974408	-2.914548382	-1.887666054e-12	1.584215424e-12	5.598290968
203.583054	-40.75626731	3.152663069	1.460608727e-13	6.764866198e-13	4.036946739
203.5871249	-878.463508	-1.116835834	1.776082111e-12	-6.104901799e-13	5.222336717
203.5921354	517.2450714	1.661279592	-1.205032508e-12	2.267738243e-13	3.486774408
203.60008	-644.8054814	0.9673550521	1.867532121e-12	-5.367960701e-13	4.760652899
203.6066218	-471.3973733	2.065017655	-2.847293462e-12	9.929666108e-13	4.478699647
203.619417	-1062.180123	-3.122670928	6.733585296e-13	-3.909769924e-13	5.642453419
203.6235521	-1152.300115	-4.186054124	-1.445038767e-12	9.836769435e-13	5.863721082
203.6285137	324.1288436	2.984348582	1.742539e-13	2.592368321e-14	3.740313028
203.6291229	457.1781012	2.287955057	4.499838719e-12	-6.700174627e-13	3.574240899
203.6309528	785.2004764	-7.510209501	-2.091415442e-12	2.667829917e-13	3.03020419
203.6387761	710.1163764	-3.314444634	5.367363854e-12	-2.119052824e-13	3.166288893
203.6399914	581.5644541	0.632747427	2.077915689e-12	-1.349869556e-13	3.387345051
203.6402485	248.558909	3.13555596	1.215581411e-12	2.319133026e-12	3.817288881
203.6442142	-1080.321683	-3.332373419	1.097618876e-12	-4.611496585e-13	5.686647468
203.6465818	-1134.388684	-3.970491895	-1.284947209e-14	-1.150578903e-14	5.819409838
203.6569693	-1098.401892	-3.543608103	7.734743275e-13	-6.191464995e-13	5.730872162
203.6577396	-1116.423395	-3.756329014	6.742670267e-13	-3.990395673e-13	5.77512658
203.6842806	646.6446272	-0.9632747985	-2.737829296e-12	-1.233533875e-13	3.279265496
203.7165153	-120.4116962	3.074587077	-2.579216922e-14	-1.960354825e-13	4.098508258
203.726226	792.1986685	-7.974751492	-1.625753825e-14	-9.020693821e-13	3.01949503
203.7328157	-424.0513586	2.290876627	3.512311829e-13	-1.718306057e-13	4.414182467
203.7330585	-897.4321996	-1.307588325	6.606289224e-13	-9.609284675e-13	5.266151766
203.7752797	718.6485514	-3.68858783	-3.092782262e-12	2.866975075e-13	3.153771757
203.7776196	-803.151254	-0.3745498514	2.601555145e-13	-7.219522339e-13	5.067490997
203.7829458	-725.4757194	0.3221892341	-1.060339794e-13	-1.952210497e-13	4.913556215
203.8048991	80.11162459	3.205382906	1.63377187e-12	-6.50808265e-13	3.955892342
203.8064737	-194.2630951	2.968371514	-1.042360218e-12	6.227544015e-13	4.16063257
203.8069	-539.2360018	1.685258428	4.653775963e-13	9.279509302e-13	4.586294831
203.816038	-373.9407645	2.49541507	4.132846961e-13	1.520137883e-12	4.350091699
203.8324907	405.700127	2.644497238	1.575350713e-12	4.595998391e-13	3.647110055
203.8339015	531.330945	1.475868791	-3.013975095e-12	3.641243265e-13	3.470482624
203.848693	593.579331	0.3940035132	-1.824519835e-12	-2.994630112e-13	3.37211993
203.8529867	-260.6028472	2.835497609	2.927795232e-12	5.756628989e-13	4.223290048
203.8561385	-319.9720534	2.677390254	-2.279870812e-12	-4.636405098e-14	4.286452195
203.8571972	656.7822118	-1.265890918	1.34794289e-12	-2.413667569e-13	3.265317818
203.8663667	-916.30099	-1.500452035	4.398499257e-13	-1.862130232e-13	5.310009041
203.8939988	-665.658429	0.8105067838	3.418590184e-13	2.946606378e-13	4.803789864
203.899627	473.4132135	2.144372278	-2.811027781e-13	-1.975066278e-13	3.557112554
203.9023432	-603.7447461	1.265920848	-1.791178751e-12	8.104195048e-13	4.694681583
203.9075852	726.9971807	-4.07221632	5.261095653e-13	-9.256565379e-14	3.141444326
203.9400412	188.1066784	3.185726735	-9.100573915e-13	1.342059385e-13	3.876285465
203.9529063	346.4421923	2.910004031	-3.969554489e-13	-1.624685005e-13	3.721799919
203.9720314	-822.6063055	-0.5554385339	8.463496365e-13	-8.879955037e-13	5.111108771
203.9871123	-935.0749192	-1.695359123	1.857221829e-14	3.537341752e-13	5.353907182
203.9891026	275.8102905	3.088864182	1.106792623e-12	9.052627727e-13	3.798222716
204	3.346112987e-13	3.172614128	-3.450200306e-14	-4.298013203e-14	4.016547717
204.0003642	-494.813147	1.940255205	2.378936445e-12	-6.388692759e-13	4.521194896
204.0251814	666.6639824	-1.578701899	-1.852487889e-12	9.500712366e-13	3.251574038
204.0266827	-745.5423211	0.1525294818	-6.377265975e-13	2.373159539e-13	4.95694941
204.0357975	735.1706359	-4.465192439	-2.106305113e-12	-1.28794192e-13	3.129303849
204.0518684	605.2509214	0.1448293585	-7.006319515e-12	2.934622212e-13	3.357103413
204.0696913	544.9686111	1.280114332	1.306336715e-12	2.879379958e-13	3.454397713
204.0953577	-953.7586885	-1.892244396	-6.600883421e-13	1.545538671e-13	5.397844888
204.1262863	424.0103385	2.531432824	-8.534188891e-13	-1.758771872e-13	3.629371344
204.151168	-448.527215	2.175703094	3.74375613e-13	-8.970665974e-14	4.456485938
204.1516301	-81.18519109	3.109467819	1.187279971e-11	-6.056690588e-13	4.077810644
204.153585	-841.9364091	-0.7387444213	-8.143672415e-13	4.071142559e-13	5.154774888
204.160021	743.1769107	-4.867372521	5.819553681e-12	-3.567969596e-13	3.11734745
204.1624905	-561.4815486	1.547553699	-4.799249065e-14	3.722648613e-14	4.629048926
204.1638337	489.0744396	1.990692709	-2.467518851e-12	2.734516205e-13	3.540186146
204.1745803	-686.3033934	0.6504688511	-6.930675263e-13	5.684866795e-13	4.846990623
204.1883355	676.30173	-1.901625975	3.310988165e-13	1.124108564e-13	3.238032519
204.1911647	-972.3566895	-2.091045196	2.007448451e-13	-2.596437017e-13	5.441820904
204.1965517	118.2725373	3.201587119	-7.642578943e-12	5.409136956e-13	3.935968258
204.2202107	-625.0991724	1.116497824	-1.155683688e-12	5.108277443e-13	4.737670044
204.2496133	616.5959315	-0.1147505429	6.771634395e-12	-5.810420406e-13	3.342295011
204.2573237	-765.4496968	-0.0199041229	-5.132072202e-13	-8.853350879e-14	5.000398082
204.2591373	-399.8523637	2.390456967	7.073553147e-14	3.872406803e-13	4.392190861
204.2598005	-158.4078623	3.017492191	2.985546678e-13	-5.502856103e-13	4.139650156
204.2705343	367.5626862	2.82628827	-7.689859466e-11	6.372373342e-12	3.703474235
204.2745944	-990.8730301	-2.291701288	-4.262813828e-13	2.948229025e-13	5.485834026
204.2803598	751.0236413	-5.278607358	-7.68070858e-12	9.964542166e-13	3.105572147
204.2995923	558.1822661	1.073993164	-3.419097032e-13	5.904128194e-13	3.438520137
204.3066669	219.7632216	3.156717551	4.744578492e-12	-5.382121964e-13	3.856865649
204.3223452	-861.1483598	-0.9243880155	1.827384224e-13	-5.797909254e-13	5.19848776
204.3241142	-347.9212567	2.583310682	-1.468555668e-13	-1.493056474e-14	4.328333786
204.3245534	-228.6335812	2.898186636	-9.384236879e-13	-1.732618382e-13	4.202036267
204.331031	301.2049868	3.033197003	-6.041435608e-13	4.480526729e-13	3.77933606
204.3457073	-1009.311558	-2.494154754	-3.762151744e-13	2.319553076e-13	5.529883095
204.3459593	-291.3984803	2.752996734	1.079773904e-12	2.61007858e-13	4.264940065
204.3467622	685.7066483	-2.23457282	3.336871707e-12	-5.732615286e-13	3.224691456
204.3803169	-517.8128427	1.811259771	-2.846328611e-13	7.476433933e-13	4.563774805
204.3969177	758.7181244	-5.698742657	3.627900604e-12	3.208624174e-13	3.093974853
204.4045636	-1027.67588	-2.69834989	-1.658789479e-13	1.266613077e-13	5.573966998
204.4097005	40.57696802	3.184764571	3.710298622e-14	4.99189321e-13	3.996304709
204.4135714	441.5917215	2.408554944	-6.878322497e-13	-1.214226841e-13	3.611828901
204.4218225	504.198494	1.826859091	5.216245921e-13	3.768066913e-13	3.523462818
204.4418921	-706.7540909	0.4873505869	-5.754066481e-13	8.161668969e-13	4.890252988
204.4420245	627.6300368	-0.3847022714	-5.605344838e-12	8.111944607e-14	3.327694045
204.4512223	-1045.969384	-2.904233116	6.486883432e-13	-4.809465727e-13	5.618084662
204.4749352	-785.2072925	-0.1950183521	-2.533916052e-13	2.100050297e-13	5.043900367
204.4782781	-1154.409044	-4.172226565	4.455641206e-13	-3.067059401e-13	5.883444531
204.4783762	-880.2484548	-1.112292963	-1.016299168e-13	-4.286517109e-14	5.242245859
204.4857425	-1064.195253	-3.111752877	-1.302607105e-12	7.906555565e-13	5.662235058
204.5005649	694.8893771	-2.577443837	-7.16949939e-12	4.734904187e-13	3.211548877
204.5035907	-1136.479732	-3.957232373	-4.646802599e-13	2.834166246e-13	5.839144647
204.5044633	-583.419008	1.406042991	-5.49776542e-13	1.174536659e-13	4.67187914
204.5081821	-1082.356481	-3.320859559	-4.826427454e-13	3.639440471e-13	5.706417191
204.5097978	766.2673342	-6.12761951	-7.88593517e-13	4.419863227e-13	3.08255239
204.5170496	-1118.496137	-3.743644436	1.69533146e-13	-1.554433488e-13	5.794872889
204.5185988	-1100.45589	-3.531505405	-2.320778071e-13	2.752729287e-13	5.750630108
204.5236934	570.9941844	0.8574912594	-6.603454292e-13	4.402523322e-13	3.422850175
204.5246342	-646.2122948	0.9636517116	9.56499768e-13	-6.875719763e-13	4.780726966
204.5556288	-472.4618218	2.055987861	3.622897831e-13	-1.105556461e-12	4.498880243
204.5794464	-40.8456092	3.136857999	1.18087579e-12	2.063213057e-13	4.05726284
204.5810643	154.5128003	3.189547211	1.613895176e-14	-3.74683273e-13	3.916209056
204.5814616	387.6506782	2.733098355	1.800084582e-12	2.731473361e-13	3.685338033
204.6191026	773.6779379	-6.565074864	-1.708592931e-12	8.26969587e-14	3.071301497
204.6217417	-899.2425406	-1.302385918	-2.1033451e-13	7.71181937e-14	5.286047718
204.6292001	638.3679835	-0.664982552	2.306787404e-14	-2.736396943e-13	3.313299651
204.6498473	703.8600411	-2.930132486	4.996626553e-12	-3.9239095e-13	3.19860265
204.6660906	324.9820922	2.968438321	-1.536491938e-13	-6.265632039e-13	3.760631234
204.6662778	249.1765913	3.119030629	-5.62697312e-13	1.254528939e-13	3.837619387
204.6736746	518.8178549	1.65282221	-1.040742278e-12	-2.772654921e-13	3.506943556
204.6795831	-804.8237869	-0.3727237002	-9.481534355e-13	1.061734852e-12	5.087454474
204.6882462	-425.0132296	2.280627831	5.039367282e-13	4.875988506e-14	4.434387443
204.6944189	458.5055621	2.275784387	6.072032188e-13	-9.569417334e-14	3.594484312
204.6960015	-727.0229632	0.3212569382	-1.086118329e-12	5.17922504e-13	4.933574861
204.7057837	-120.6762549	3.059428492	3.208044607e-14	4.82921311e-13	4.11881143
204.7249341	780.9563099	-7.01094199	2.7362512e-12	-2.786132613e-13	3.06021884
204.7420854	583.4249738	0.6306037306	2.596090852e-14	-3.893635428e-13	3.407387925
204.7465477	-540.4391408	1.678180072	2.484789802e-13	-1.015252826e-13	4.606436399
204.7525049	-918.1360544	-1.494596412	1.030111395e-12	-8.212263093e-13	5.329891928
204.7780039	-374.7904785	2.48400945	-4.37995753e-13	-1.085868536e-13	4.370319811
204.7887388	-194.6947196	2.953991899	1.276182662e-12	-2.478551102e-13	4.180920162
204.794713	712.6282836	-3.292524629	-6.555266902e-14	2.771637578e-13	3.185850493
204.811239	648.8236749	-0.9555388624	1.08427894e-12	9.364043508e-13	3.299110777
204.8121953	80.29160187	3.188980911	1.776319749e-12	-3.760836344e-13	3.976220382
204.8156817	-667.1010903	0.8075005611	-4.868642745e-13	-4.346979368e-13	4.823849989
204.824754	-320.6973145	2.664901761	-8.892764172e-13	2.875819868e-13	4.306701965
204.8273932	788.1085449	-7.465050951	7.649227559e-13	-9.972870451e-15	3.049301019
204.828368	-261.1889006	2.822013097	4.516732349e-13	1.085515242e-12	4.243559738
204.8328865	-605.0732102	1.260858923	3.152628062e-13	-1.767658452e-13	4.714782822
204.8707281	-936.9340612	-1.688856725	-1.216293469e-12	8.296608012e-13	5.373777135
204.8713327	-824.3071732	-0.5529342235	-8.023202546e-13	2.308747482e-13	5.131058684
204.8857539	406.832841	2.630336884	-1.079969185e-12	6.070478757e-14	3.667393262
204.9194731	532.9616829	1.468541147	6.675982851e-13	-1.042393113e-13	3.490629177
204.9265802	795.1404707	-7.927229058	6.154069503e-14	5.882027977e-13	3.038544581
204.9352662	721.2032971	-3.664498906	2.59186116e-12	-2.975725966e-13	3.173289978
204.9369753	-747.121339	0.1522886514	-2.464597969e-13	-7.502208948e-13	4.976954227
204.9462656	-495.9246004	1.931890825	8.467181547e-13	2.774598909e-13	4.541362183
204.9548602	595.4937816	0.3933349188	1.237901279e-12	-7.620877879e-13	3.392133302
204.9584827	188.5537373	3.169133726	1.132729895e-13	3.194447017e-13	3.896617325
204.9689034	474.8021038	2.133048978	7.540965894e-14	-3.40224962e-13	3.57733902
204.9764733	-955.6412859	-1.88510177	-6.10747029e-13	6.299452381e-13	5.417702035
204.9882412	659.0102463	-1.256309579	2.833607636e-14	1.512407672e-14	3.285126192
204.9943405	347.3677062	2.894476399	3.247907045e-12	-3.604178219e-13	3.742110472
205	-1.491344577e-13	3.156623469	-1.299718979e-12	-1.006435377e-13	4.036867531
205.018926	276.5086132	3.07254364	-5.053698941e-13	2.172862398e-13	3.818549127
205.050249	-843.66483	-0.7355673854	-4.595436769e-13	2.817801373e-13	5.174711348
205.0698019	-974.2621426	-2.083268975	1.227936078e-12	-7.556306365e-13	5.461665379
205.0716106	729.5938507	-4.045927129	-2.335381985e-12	-1.043578253e-13	3.160918543
205.0934206	-687.7808041	0.6481576994	-2.64632043e-13	-2.839484166e-13	4.867036846
205.0991244	-562.7268227	1.541158964	1.225007269e-12	-5.052210903e-13	4.649176821
205.1034312	-449.5401733	2.166099279	3.850404832e-13	-3.040800341e-13	4.476678014
205.1444552	-81.36267108	3.094046639	-7.404096938e-13	4.752573119e-13	4.098119067
205.1478279	-626.4657933	1.112128837	-1.38911694e-12	6.514652958e-13	4.757757423
205.1507746	-992.8007607	-2.283298173	2.535837211e-13	-2.934078233e-13	5.505665963
205.1593027	546.6564423	1.273983488	1.912905966e-13	7.633602607e-13	3.47452033
205.1603071	668.9401295	-1.567224157	-2.057193756e-12	-3.820114152e-13	3.271344483
205.1621113	607.2184627	0.1456984398	-4.276451945e-12	3.624642188e-13	3.377086031
205.16488	-767.0595688	-0.01945754942	-1.191349588e-12	9.840951102e-13	5.020389151
205.1834791	425.2077788	2.517912352	3.830306747e-13	6.484039191e-14	3.649641753
205.2038503	737.8083145	-4.436674698	-1.076632704e-12	3.909273502e-13	3.148733494
205.2075259	118.5421837	3.185131211	-7.018957256e-13	2.349528417e-15	3.956297376
205.2163963	-862.9035827	-0.9205439092	-4.937254689e-13	4.435409999e-13	5.218410878
205.2178727	-400.7583833	2.379670391	-1.432970594e-12	1.948114279e-13	4.412406592
205.2194516	-1011.261008	-2.485131504	-1.18621512e-13	6.945208515e-14	5.54970263
205.2371015	490.5237718	1.980283871	-1.763963347e-12	5.86681713e-13	3.560394323
205.2455714	-158.7568556	3.002780864	-1.403054123e-12	2.712931925e-13	4.159944383
205.2758923	-1029.646512	-2.688713306	-5.002539896e-13	4.101716062e-13	5.593774266
205.2894346	-348.709473	2.571409161	1.958821588e-12	-5.933587454e-13	4.348571817
205.3033897	-229.1436081	2.884308787	-1.225950114e-12	7.695631271e-14	4.222313824
205.3158417	368.5580495	2.81120422	-4.096573851e-12	-6.536673695e-13	3.723775916
205.3179793	-292.0552609	2.740060328	5.515725574e-13	-2.52746616e-13	4.285198793
205.3201558	-1047.960677	-2.893990027	1.765212858e-12	-1.204647092e-12	5.637879801
205.3231455	-518.9695142	1.803565656	5.427500955e-14	-6.905766952e-13	4.583928687
205.3275382	678.6251101	-1.888203351	-1.041828392e-12	1.80330261e-13	3.257764067
205.3288547	220.2959777	3.140219721	5.10884556e-13	-2.100167845e-13	3.877195606
205.3320886	745.8546818	-4.836601025	-1.523386034e-12	2.085692401e-13	3.13673202
205.3332437	-1156.514338	-4.158488229	-2.157046647e-12	1.402545149e-12	5.903169765
205.3523005	-1066.206706	-3.100910131	-9.982595916e-13	8.626522686e-13	5.682018203
205.3579181	-708.265203	0.4857319278	-1.610308541e-13	8.44718291e-13	4.910285361
205.360838	-1138.567135	-3.944059507	3.223882937e-13	-1.825220703e-13	5.85888119
205.3639334	618.6157216	-0.112282803	1.476460981e-12	-6.118763114e-13	3.362245656
205.3646661	301.9809628	3.017137829	6.652063473e-13	-3.747185468e-14	3.799657243
205.3698383	-882.0297574	-1.107787636	5.340639963e-13	-1.866266751e-13	5.262155753
205.3723842	-1084.387609	-3.309424013	-2.732280479e-13	1.207557104e-13	5.72618848
205.3765966	-1120.565225	-3.731043844	-8.580279108e-13	5.979152141e-13	5.814620877
205.3797814	-786.847137	-0.1938887908	3.969032068e-13	-2.424700819e-13	5.063877776
205.380464	-1102.506224	-3.519483914	1.525521337e-13	-1.503197848e-13	5.770389678
205.3932501	559.926342	1.069125509	1.108663959e-12	-3.245453536e-13	3.45861749
205.4133283	40.66672074	3.168631067	1.736121181e-13	-3.856369337e-13	4.016627379
205.4381148	-584.7049921	1.400333664	4.78779399e-15	-5.141517845e-14	4.691993327
205.4493552	-647.6158648	0.9599750067	6.630999854e-13	5.904883627e-13	4.8008005
205.4564291	753.7405893	-5.245559979	6.864567842e-13	1.520607962e-14	3.1249112
205.4747074	442.8525758	2.395739489	-2.452971307e-13	-3.11748796e-13	3.63208521
205.4900364	688.0763763	-2.219159457	1.671580779e-12	-6.831581824e-14	3.244383189
205.4990918	505.7073317	1.817431846	1.686180901e-12	-1.713072553e-12	3.543651363
205.5047587	-473.523661	2.047036348	-1.257242201e-12	1.289739096e-12	4.519059273
205.5106382	-901.0492282	-1.297225391	2.180722061e-13	-5.287662643e-13	5.305944508
205.5604224	629.7012305	-0.3805766455	1.878182034e-12	-2.017320865e-14	3.347611533
205.5758488	-40.93474789	3.121213337	1.047754225e-12	3.823813956e-13	4.077575733
205.5769746	761.4733355	-5.663400331	3.945183961e-12	-2.093596104e-13	3.113268007
205.5817449	-806.4927586	-0.3709158855	1.887532811e-12	-1.793073819e-12	5.107418318
205.5957359	154.8712756	3.173085386	-5.687915709e-13	8.323063547e-13	3.936538292
205.6092409	-728.5667754	0.3203277108	1.695145203e-12	-8.892472475e-13	4.953593446
205.6214032	572.7936647	0.8539523309	-2.901432779e-12	-2.136198478e-13	3.442920953
205.6306574	388.7138085	2.718519846	1.745987325e-12	-6.620142746e-13	3.705629603
205.6388587	-919.9674584	-1.488786852	7.074811489e-13	-4.522319165e-13	5.349775737
205.6437862	-425.9727191	2.270470419	-3.234755895e-13	5.359786466e-14	4.454590592
205.6479038	697.304563	-2.559996603	2.078487865e-12	-4.991754804e-14	3.231199932
205.686336	-541.6393927	1.671160018	-2.447219766e-13	-4.193590222e-13	4.6265768
205.6922302	249.7925536	3.10268109	-8.835054666e-13	8.475267403e-13	3.857946378
205.6938275	769.0598971	-6.089966214	-4.385475225e-14	-2.776130027e-14	3.101799324
205.6950812	-120.9401991	3.044421043	-4.046178241e-13	-1.664421223e-13	4.139111579
205.7035544	325.832791	2.952698369	2.14914838e-12	5.60602891e-13	3.780946033
205.7375356	-668.5404608	0.8045148407	1.172997918e-13	6.066218002e-13	4.843909703
205.7400652	-375.6380748	2.472708178	7.39536309e-14	4.351494899e-14	4.390545836
205.7516752	640.4897317	-0.6591417251	6.009083375e-13	7.465476584e-14	3.333182835
205.7545618	-938.7895376	-1.682404428	7.471089653e-13	-9.731555981e-13	5.393648089
205.7549548	520.3852982	1.644443562	-2.536032547e-12	3.181483678e-13	3.527111129
205.7595105	459.8286668	2.263739593	-4.028017276e-12	3.880900959e-13	3.614725208
205.7635864	-606.3985628	1.255835962	3.613127514e-13	-7.97675349e-14	4.734883281
205.7708354	-826.0044607	-0.5504531738	-8.346237273e-13	6.678556902e-13	5.151009063
205.7710511	-195.1253077	2.939752918	1.068679828e-12	-5.36173579e-13	4.201204942
205.7934498	-321.4207683	2.652530276	-1.064355324e-12	5.809084872e-13	4.326949394
205.8012432	706.3197902	-2.910611051	-1.528101576e-12	9.131184991e-14	3.218212221
205.8038136	-261.7735103	2.808657761	7.7450728e-13	-1.063332664e-12	4.263826845
205.8070895	776.506945	-6.525097577	-1.986922767e-12	2.484785234e-13	3.090501952
205.8194708	80.47115516	3.172748883	-9.255388853e-13	3.374933391e-13	3.996545022
205.8438517	585.2790233	0.6284580414	1.262873319e-12	2.85409015e-13	3.427430839
205.8474553	-748.6968939	0.1520453572	-5.321641163e-13	6.134935998e-13	4.996959093
205.8578091	-957.5202143	-1.878013137	7.942328683e-13	-8.981345449e-13	5.437560263
205.8922956	-497.0333524	1.923597711	3.969943219e-13	-5.357342366e-13	4.561528046
205.916862	783.8208584	-6.968630646	3.223785422e-12	-2.577333157e-13	3.079372613
205.93779	650.9951236	-0.9479275811	-3.390075251e-12	-7.350574737e-13	3.318958552
205.9388529	407.9619661	2.616326766	-1.675640569e-12	1.497887081e-13	3.687673465
205.9471173	-845.3896543	-0.7324183725	4.183392661e-13	-3.188284166e-13	5.194648367
205.9486614	-976.1639251	-2.075550498	-5.184542084e-13	9.626671982e-13	5.48151101
205.9501575	715.1316974	-3.270891538	2.222149035e-12	-4.692698627e-13	3.205417831
205.9768707	188.9996323	3.152715506	8.147832235e-13	-3.925724355e-13	3.91694569
206	6.982633003e-14	3.140796012	-1.070272525e-12	2.68253392e-13	4.05718408
206.0047725	534.5868574	1.461277803	2.150430307e-12	-1.217642259e-13	3.510774444
206.012436	-689.2548809	0.6458610833	-6.764790262e-13	3.29839127e-13	4.887082778
206.0232451	791.0077378	-7.42039838	-1.903509467e-12	1.159048991e-13	3.068407968
206.0271791	-994.7248205	-2.27495642	-8.252576918e-13	6.056108152e-13	5.525499128
206.0356493	348.290412	2.879114709	-5.225761349e-13	1.497424036e-13	3.762417706
206.0359042	-563.969137	1.534815798	-7.992654583e-13	4.773836863e-13	4.669303684
206.0379624	476.186401	2.121840845	3.49674438e-12	5.969437876e-14	3.597563183
206.048661	277.2049425	3.056396899	1.176350483e-12	-2.710047233e-13	3.838872062
206.0558102	-450.5506422	2.156579748	1.33125298e-16	2.767659968e-13	4.496868405
206.0606867	597.4015672	0.3926457798	2.707590265e-12	4.409680967e-13	3.412147084
206.0726271	-768.6659496	-0.01901880421	7.639174894e-13	-9.609468488e-13	5.040380376
206.0756063	-627.8292461	1.10779244	2.588826975e-15	-5.676013398e-13	4.777844151
206.0934219	-1013.206789	-2.476173099	-3.289829671e-13	9.772980283e-14	5.569523462
206.0947497	723.7494738	-3.640719633	-3.934840196e-12	4.098797019e-13	3.192814393
206.1106543	-864.6551951	-0.9167324295	1.523886244e-13	-4.277491216e-13	5.238334649
206.1188654	661.2305362	-1.246874791	-5.626143516e-13	3.344279676e-14	3.304937496
206.1263385	798.0734177	-7.880230919	-9.399217647e-13	-5.038790995e-13	3.057604618
206.1372999	-81.53974545	3.078780207	-1.250471837e-12	-3.379317471e-13	4.118424396
206.147449	-1031.613477	-2.679144921	3.371259567e-13	-4.02577487e-13	5.613582898
206.1767103	-401.6621574	2.368981043	2.527167529e-13	-1.123589887e-13	4.432620379
206.1884479	-1158.616016	-4.144838274	2.077225741e-12	-1.434589984e-12	5.922896765
206.189319	-1049.948308	-2.883818367	-1.723844921e-12	1.194841271e-12	5.657676367
206.2183226	-1140.650912	-3.930972468	2.776419152e-13	-1.059451129e-13	5.878619449
206.2184688	118.8111768	3.168846541	5.668497432e-13	7.659831888e-15	3.976623069
206.2190899	-1068.214502	-3.090141923	1.049931771e-12	-8.17702991e-13	5.701802838
206.2313804	-159.105027	2.988214461	-5.414339581e-13	-1.351353387e-13	4.180235711
206.2351229	732.1818863	-4.019970122	6.75083342e-12	-2.850710817e-13	3.180399402
206.2363795	-1122.630677	-3.71852642	5.844755522e-13	-4.417602418e-13	5.834370528
206.2368192	-1086.415086	-3.298065994	7.599191946e-13	-4.824405922e-13	5.74596132
206.2404953	426.4013872	2.504534245	1.147805356e-12	-1.84148734e-13	3.669909315
206.2425636	-1104.552915	-3.507542825	2.680360916e-13	-1.373058812e-13	5.790150857
206.2486288	548.3384922	1.267901686	-3.206798635e-12	-5.354575622e-13	3.494641966
206.2548426	-349.4957285	2.559617592	9.422295961e-13	4.1069771e-13	4.368807648
206.2615099	-883.8074381	-1.103319384	3.412369993e-13	-6.790609932e-14	5.282066388
206.2661085	-520.1233992	1.795935909	-7.866172158e-13	7.587430621e-13	4.604081282
206.2720006	609.1791518	0.1465277898	-3.417589768e-12	2.859173899e-13	3.397069444
206.2741231	-709.7729421	0.4841220045	6.749890411e-13	-8.050979937e-13	4.93031756
206.2822817	-229.652396	2.870564954	-6.092740863e-13	8.594271861e-14	4.242588701
206.2848216	-788.4834654	-0.1927722562	2.546696788e-13	1.948815282e-13	5.083855445
206.2900715	-292.7104162	2.727246205	4.887475715e-13	2.4086472e-13	4.305455076
206.2950012	671.2083962	-1.555915143	5.917045756e-12	5.129527643e-14	3.291118303
206.3101389	491.9682773	1.969978611	7.390357521e-14	-4.481404325e-13	3.580600428
206.3509778	220.8273017	3.123896108	2.175695654e-12	8.739699312e-15	3.897522078
206.3610115	369.5503524	2.796280927	3.238714984e-13	9.416292038e-13	3.744074381
206.3713799	740.4373034	-4.408511405	-6.421755845e-12	2.752426475e-13	3.168170228
206.3719172	-585.9879493	1.394669315	2.085615233e-13	-4.50073082e-14	4.712106614
206.3742417	-649.0162147	0.956324676	-4.014653069e-13	2.147182909e-14	4.820873506
206.398201	302.7546765	3.001249721	-1.858620224e-12	1.43731868e-13	3.819975006
206.3997467	-902.8522846	-1.292106235	-4.659502265e-13	4.6824845e-13	5.325842125
206.416946	40.75626731	3.152663069	7.349734153e-13	3.999565153e-13	4.036946739
206.4540106	-474.5829116	2.038162107	1.134532027e-13	-1.302220483e-13	4.539236758
206.4662976	680.9404835	-1.874971839	8.354082201e-13	-1.645186643e-13	3.277499437
206.4778872	620.62848	-0.1098745644	1.401383092e-12	3.8069463e-13	3.382197491
206.4841039	-808.1581921	-0.3691261318	-3.452906605e-13	6.961720209e-13	5.127382523
206.4866094	561.6644242	1.064290844	-1.215870914e-12	3.23097144e-13	3.478714183
206.5036235	748.523718	-4.806205912	1.171841705e-12	-1.730187007e-13	3.156124118
206.5226629	-730.1071796	0.3194015856	-4.654846148e-14	3.385883424e-13	4.973611968
206.525427	-921.7952238	-1.483022811	-1.152194627e-12	1.232355999e-12	5.369660456
206.5356538	444.1093579	2.383057654	-9.222652726e-13	4.123657816e-13	3.652338847
206.5722611	-41.02368481	3.10572661	1.830726678e-12	-8.799314886e-13	4.097885468
206.5761177	507.2111133	1.808095718	-2.906428379e-13	1.665521492e-12	3.563838086
206.599435	-426.9298462	2.260403175	2.63873307e-13	-1.336711791e-13	4.474791937
206.6103654	155.2288538	3.156795487	2.779353325e-13	-4.492578107e-13	3.95686409
206.626264	-542.8367795	1.664197564	3.230012817e-14	5.137895161e-13	4.646716049
206.6319564	756.448767	-5.212910531	-1.123147892e-12	3.692781554e-14	3.144258211
206.6328557	690.4379812	-2.203959736	-5.871480128e-12	2.141428692e-13	3.264079195
206.6386123	-940.64137	-1.676001651	-2.587863147e-13	1.857554297e-13	5.413520033
206.6595592	-669.9765639	0.8015494407	6.523594068e-13	-1.930816478e-13	4.863969011
206.6705382	-827.6981909	-0.5479950583	1.018537837e-12	-8.619119677e-13	5.170959901
206.6784414	631.7652214	-0.3765308187	6.145130168e-13	-1.536952937e-13	3.367530616
206.6797033	389.7736308	2.704096075	-7.470587082e-13	1.900085995e-13	3.725918078
206.6844076	-121.2035335	3.029562447	-4.968027513e-14	-2.960222904e-13	4.159408751
206.6944419	-607.7208268	1.250851538	-1.42699831e-14	2.121233549e-13	4.754982969
206.7022211	-376.4835707	2.461509822	2.038187791e-14	9.071691574e-14	4.410769804
206.7181065	250.4068121	3.086504515	-2.501196308e-12	-6.827797202e-13	3.87826991
206.7188014	574.586945	0.8504295862	2.949280321e-12	-1.617091141e-13	3.462991408
206.7393638	-959.3954951	-1.870977885	-8.889976792e-13	3.020603792e-13	5.457419558
206.740906	326.6809653	2.937125982	4.519578491e-12	8.446750926e-14	3.80125748
206.7534102	-195.5548675	2.925652489	-2.625137385e-13	1.371512329e-14	4.22148695
206.7564804	764.2197502	-5.628477045	2.405178544e-11	-2.208320733e-12	3.132569541
206.7581213	-750.2690091	0.1517996973	-1.595426107e-13	-8.735061359e-14	5.016964006
206.7622253	-322.1424295	2.640274149	8.555663784e-13	1.501194605e-14	4.347194517
206.7793229	-262.356688	2.795429733	2.659751801e-12	-2.850752819e-13	4.284091405
206.7947766	699.7115193	-2.542785615	2.535532008e-12	5.474022114e-13	3.250855712
206.8243997	461.1474622	2.251818797	4.143259077e-12	-3.797122134e-13	3.634963624
206.8267259	80.65028762	3.156684149	-9.901920292e-13	3.339775952e-13	4.016866317
206.8277419	-978.0620578	-2.067889126	5.15857219e-13	-4.427727571e-13	5.501357783
206.8359784	521.9474598	1.636142715	-1.723623954e-12	1.665283009e-13	3.547277146
206.8384534	-498.1394242	1.915374965	6.292887806e-13	-2.307335065e-13	4.581692501
206.8441885	-847.1109046	-0.7292970084	2.755426221e-13	-4.182189664e-13	5.21458594
206.8737591	642.6041143	-0.6534014649	-3.096166363e-13	3.408526385e-13	3.353068029
206.8772974	771.8436471	-6.052752574	1.301397207e-12	5.23405922e-13	3.121055051
206.9038066	-996.6452302	-2.266675359	7.220320111e-13	-5.83228641e-13	5.545333507
206.9316252	-690.7256473	0.6435788961	2.572518553e-13	8.020834392e-14	4.907128422
206.9452936	587.1266729	0.6263110102	1.036086848e-12	3.267340787e-13	3.44747378
206.9521621	708.7712132	-2.891348475	-1.059780193e-12	-1.781459693e-13	3.237826969
206.9676171	-1015.14892	-2.467278846	7.174065742e-13	-7.001906464e-13	5.589345577
206.9728287	-565.2085138	1.528523594	3.701282904e-13	1.919727557e-13	4.689429528
206.9805636	-770.2688624	-0.01858772832	2.550255013e-14	-2.85874038e-13	5.060371755
206.9917894	409.0875399	2.602464524	1.122727216e-13	-1.568081584e-13	3.70795071
206.9945084	779.3271319	-6.485580022	-3.750819316e-12	1.421547117e-13	3.1097116
206.9952057	189.4443735	3.136469285	-1.555570285e-12	-2.572494399e-13	3.937270614
207	6.367199446e-13	3.125129227	-5.421369698e-13	-4.479156311e-13	4.077497415
207.0035449	-629.1895538	1.103488292	-6.926566878e-13	5.943346473e-13	4.797930234
207.0051181	-866.4032194	-0.9129531575	-5.192095707e-13	2.17306382e-13	5.258259063
207.0083042	-451.5586414	2.147143397	3.332252609e-13	-2.46951159e-13	4.517057132
207.0192325	-1033.576795	-2.669644019	4.396572854e-13	-3.425422114e-14	5.63339288
207.0438896	-1160.714095	-4.131275866	-3.982677239e-14	3.067641042e-14	5.942625517
207.0587107	-1051.932295	-2.873717398	4.442865215e-13	-1.128707166e-13	5.677474348
207.0639374	653.1590528	-0.9404380434	7.258101525e-12	-8.109407678e-13	3.338808761
207.0760432	-1142.731079	-3.917970435	1.159084467e-13	-3.454787152e-14	5.898359409
207.076834	349.2103379	2.863916301	1.664535023e-12	-1.711938995e-12	3.782721674
207.0783083	277.8992973	3.040421163	-3.301103597e-12	-8.578908193e-13	3.859191577
207.0861095	-1070.218659	-3.079447493	-9.453853674e-13	5.99293669e-13	5.72158895
207.0898023	536.2065295	1.454078109	7.980392568e-13	3.797655104e-13	3.530918438
207.0963971	-1124.692512	-3.706091357	-4.789245585e-13	3.335979524e-13	5.854121827
207.1014859	-1088.438931	-3.286784726	7.476026517e-15	6.056035233e-14	5.765735695
207.1048965	-1106.59598	-3.495681347	-1.457420779e-12	8.919647535e-13	5.809913627
207.1051142	717.6266987	-3.249539858	-2.515445825e-14	-1.258921808e-13	3.224990797
207.1068062	477.5661546	2.110746217	-5.965230159e-12	3.974842545e-13	3.617785076
207.1082137	786.6765881	-6.926798525	2.616517921e-12	2.177686731e-13	3.098535971
207.1301641	-81.71641713	3.063666167	-1.806875041e-12	1.70524259e-14	4.138726677
207.1356494	-402.563704	2.358387611	-1.684820808e-12	-3.111040996e-13	4.452832248
207.1533899	-885.5815189	-1.098887746	3.663897042e-13	-3.582764769e-13	5.301977755
207.1661759	599.30276	0.3919370981	-7.707575299e-13	8.849388883e-15	3.432161258
207.1900546	-790.1163006	-0.1916685322	-6.366308488e-13	2.351305656e-13	5.103833371
207.1905057	-711.2773318	0.4825207814	-3.126800346e-13	5.640084046e-13	4.950349584
207.2092047	-521.2745192	1.788369739	-6.857847733e-13	8.431424349e-13	4.624232605
207.2172273	-159.4523827	2.97379082	8.624655438e-13	1.328500708e-13	4.200524184
207.2185132	793.8981219	-7.3762439	4.639269493e-13	-1.108300537e-13	3.087524878
207.2203375	-350.280039	2.547934449	1.703245229e-13	3.477313662e-13	4.389041311
207.2293807	119.0795217	3.152730407	1.378787305e-12	3.010726573e-13	3.996945392
207.2490741	663.4431619	-1.237583271	-6.178661873e-12	1.450408696e-13	3.324751665
207.2537349	726.2871618	-3.617244201	-1.561627108e-12	3.652553963e-13	3.212344884
207.2612288	-230.1599547	2.85695318	-2.898497359e-12	4.134153407e-13	4.262860936
207.2622352	-293.3639592	2.714552621	3.001445432e-13	7.745761998e-13	4.325708948
207.2890661	-904.6517314	-1.28702795	-1.280749724e-12	2.724982917e-13	5.345740559
207.2973363	427.5912039	2.491296299	-1.735300314e-12	-4.156158485e-13	3.690174074
207.2992928	-650.4133678	0.9527004609	4.515784713e-13	-1.434315217e-13	4.840945991
207.3058692	-587.2679021	1.389049432	-1.90919926e-13	4.4240106e-13	4.732219011
207.3255056	800.9975742	-7.833749079	-8.016890845e-14	9.36705965e-14	3.076674982
207.3376724	550.0148239	1.261868574	1.850162883e-12	-3.466212447e-13	3.514762629
207.3730367	221.3572064	3.107743925	3.552357181e-12	-2.595567902e-13	3.917845122
207.38154	611.1330625	0.1473187681	2.823367641e-12	-3.272856675e-13	3.417053625
207.3829482	493.4080085	1.959775494	-8.474208292e-13	-9.594439338e-13	3.60080449
207.3866588	-809.8201103	-0.3673541694	2.484402961e-13	-2.375762857e-13	5.147347083
207.3981265	734.7613668	-3.994339196	1.781230871e-12	-2.436093291e-13	3.199886784
207.4033834	-475.6395938	2.029364151	-1.241301119e-13	3.181428325e-13	4.559412717
207.4060449	370.539626	2.78151583	-8.276370511e-13	2.269042228e-13	3.764369683
207.4122085	-923.619372	-1.477303752	-4.708601768e-13	4.473303158e-13	5.389546075
207.4205536	40.8456092	3.136857999	6.609205683e-13	2.076039837e-13	4.05726284
207.4292678	673.468863	-1.544771201	2.725742013e-12	-4.71746795e-13	3.310895424
207.4316366	303.5261501	2.985529932	1.36773624e-12	6.916434567e-14	3.840289401
207.4362664	-731.6441989	0.3184785945	3.534789514e-13	2.733620294e-13	4.993630428
207.5228783	-942.4895795	-1.669647824	-6.689425576e-13	3.076875756e-13	5.433392956
207.5383911	743.0576808	-4.380696182	-1.194316439e-12	1.437081763e-13	3.187613924
207.5551916	-427.8846297	2.250424903	-1.939008793e-12	4.690954728e-13	4.494991502
207.5663306	-544.0313232	1.657292015	1.096081446e-12	-7.166188594e-13	4.66685416
207.5686832	-41.11242139	3.0903954	1.136193319e-12	-1.946592199e-13	4.118192092
207.5704399	-829.3883864	-0.5455595568	-7.055891719e-13	1.030039959e-12	5.190911191
207.5796733	563.396578	1.059489133	7.126832105e-13	-4.420292632e-13	3.498810217
207.5817516	-671.4094228	0.7986041805	-1.377501515e-12	1.630337756e-12	4.884027916
207.5914784	622.634282	-0.1075241044	-3.663820015e-12	6.485852499e-13	3.402150482
207.5964126	445.3621112	2.370507407	2.709563014e-12	9.186324847e-14	3.672589852
207.6046179	683.2479311	-1.861927424	-2.554258025e-12	9.655632192e-13	3.297238548
207.6211362	-961.267149	-1.863995412	1.336078217e-12	-7.406285108e-13	5.477279908
207.6249532	155.5855421	3.14067479	-1.27760707e-12	-6.806949302e-13	3.977186504
207.6254518	-609.0400251	1.245905229	7.070155818e-13	-7.966034468e-13	4.775081895
207.6529026	508.7098933	1.798849517	-6.513189834e-13	-2.061936283e-13	3.58402301
207.664471	-377.3269832	2.450412976	2.616503011e-12	-7.806176949e-13	4.43099174
207.6689724	-751.8377077	0.151551767	1.636991477e-13	2.492384403e-13	5.036968965
207.6737626	-121.4662625	3.014850465	-6.722577054e-13	-9.495591498e-14	4.179702991
207.6746304	751.1840959	-4.776180549	-1.729631144e-12	1.414434446e-13	3.175523611
207.7070422	-979.9565614	-2.060284227	-1.750829292e-12	8.065560281e-13	5.521205685
207.7286006	390.8301795	2.689824599	-2.206910539e-12	1.6938551e-13	3.746203508
207.7310798	-322.8623128	2.62813176	-3.460510473e-13	9.870345637e-14	4.367437365
207.7358158	-195.9834071	2.911688573	5.831911806e-13	-1.017259688e-12	4.241766229
207.7414615	-848.8286035	-0.7262029255	3.833543884e-13	7.03297098e-14	5.234524059
207.7439075	251.0193825	3.070498134	-2.756994618e-12	2.365706192e-14	3.898590037
207.7548954	-262.9384452	2.78232718	-5.005465388e-13	-5.612548842e-13	4.304353456
207.7752244	692.7915438	-2.188969288	-2.827612479e-12	6.158409614e-15	3.283779386
207.7781466	327.5266403	2.921718479	2.470500343e-12	2.212389749e-13	3.82156563
207.7806558	-998.56201	-2.258454334	-6.74729786e-13	6.827694196e-13	5.565169087
207.7847379	-499.2428363	1.907221704	-7.539115489e-13	8.965331059e-13	4.601855566
207.7960853	633.8220859	-0.3725627019	2.111149519e-12	-5.626128248e-13	3.387451254
207.8069463	759.1482494	-5.180652147	5.680808662e-13	-9.565150661e-13	3.163613043
207.8158914	576.3740927	0.8469233098	-2.318970715e-12	-1.965595964e-13	3.483061534
207.8339606	80.82900239	3.140784093	-5.649763062e-13	-1.029338005e-12	4.037184318
207.8420361	-1017.087423	-2.45844806	-7.853348352e-13	3.298457695e-13	5.609168961
207.8509871	-692.1931264	0.6413110313	-6.547067965e-14	-4.037601338e-13	4.927173779
207.8886886	-771.8683303	-0.01816416658	8.040860616e-14	7.326144546e-14	5.080363283
207.8890887	462.461994	2.240020156	-2.66506545e-12	9.105734735e-14	3.655199597
207.8912415	-1035.536486	-2.660209893	-5.164097814e-13	1.208346922e-13	5.653204198
207.8995675	-1162.808592	-4.117800183	5.033799499e-13	-4.183782406e-13	5.962356004
207.8997864	-868.1476779	-0.9092056813	6.986518869e-13	-3.730089818e-13	5.278184114
207.9098971	-566.4449752	1.522281757	1.702788119e-13	3.129896683e-13	4.709554365
207.9167482	523.5043971	1.627918741	2.465236975e-12	-2.609184143e-13	3.567441625
207.9283297	-1053.912659	-2.863686392	-5.875502198e-13	4.375957091e-13	5.697273728
207.9316425	-630.5467393	1.099216056	3.853185764e-13	-7.358518581e-13	4.818015679
207.9339988	-1144.807656	-3.905052596	-7.163242796e-13	6.704362976e-13	5.918101052
207.93544	766.9574423	-5.593965714	-3.46866573e-12	-1.307277157e-12	3.151879314
207.9411875	702.1103266	-2.525806159	2.928343371e-12	-1.030675511e-12	3.270516123
207.953358	-1072.219197	-3.068826095	8.941665528e-14	-1.982127711e-14	5.741376522
207.9566483	-1126.750747	-3.693737859	9.407118056e-13	-7.575978195e-13	5.873874757
207.9609123	-452.5641905	2.137789146	1.27736552e-12	-2.608405083e-13	4.537244217
207.9663832	-1090.459162	-3.275579445	4.066956807e-13	6.982086722e-14	5.785511589
207.9674615	-1108.635438	-3.483898699	8.646642297e-13	-5.173853992e-13	5.829677974
207.9954556	644.7112089	-0.6477593144	1.033223598e-13	-2.174410146e-14	3.372955186
208	4.600269154e-15	3.109620639	3.71558216e-12	-4.487097816e-13	4.097807587
208.0134882	189.8879708	3.120392331	1.170110532e-12	-4.193654096e-14	3.957592153
208.0445651	410.2095992	2.588747847	-3.659622993e-12	6.261388978e-14	3.728225043
208.0454769	-887.3520217	-1.094492269	2.998347753e-13	5.984593334e-13	5.321889845
208.0464143	588.9679919	0.6241632554	-2.770709324e-13	-2.812427527e-13	3.467516735
208.0602124	774.6186562	-6.015971309	6.835897907e-13	-7.056389431e-13	3.140319426
208.094689	-403.463041	2.347888808	6.94204766e-13	6.204567695e-13	4.473042224
208.0954793	-791.7456655	-0.190577407	4.770005982e-13	-3.229518097e-13	5.123811548
208.1026082	711.2143905	-2.87233971	-2.709813202e-13	2.986731347e-13	3.257446794
208.1070649	-712.7783951	0.4809282221	-2.939557078e-13	-2.789888645e-13	4.970381436
208.1078689	278.5916965	3.024613697	1.018880019e-12	2.180973842e-12	3.879507726
208.1178957	350.1275118	2.848878571	3.058118489e-13	1.333546215e-12	3.803022429
208.1230475	-81.89268901	3.048702213	2.270154706e-12	-3.574258444e-13	4.159025956
208.1524332	-522.4228954	1.780866365	-1.039598756e-12	-8.293837824e-13	4.644382673
208.1745654	537.8207588	1.446941416	-2.315194505e-12	-2.583842445e-13	3.551061172
208.1754369	478.9414132	2.099763457	4.131885314e-12	-2.500830012e-13	3.638004731
208.1785951	-906.4475904	-1.281990043	2.838608438e-13	-2.152026109e-13	5.365639801
208.1813639	782.1385685	-6.446514743	1.240554071e-12	8.62316363e-14	3.128930295
208.1859187	-351.0624204	2.536358234	1.770480117e-13	-3.532567882e-13	4.409272835
208.1896852	655.3155408	-0.9330674246	-1.003429015e-13	2.072594471e-13	3.358661348
208.2031116	-159.7989288	2.959507821	2.874884425e-13	-2.166922795e-13	4.220809844
208.2245072	-651.8073469	0.9491021057	-2.979183458e-13	5.912055229e-14	4.861017958
208.2344698	-294.015903	2.701977868	-7.903175418e-14	-8.004401808e-13	4.345960443
208.23997	-588.5448729	1.383473512	6.686023869e-13	-4.664978881e-13	4.75233053
208.2402307	-230.6662939	2.843471548	-3.302115374e-13	-1.947051104e-13	4.283130569
208.2402618	119.3472233	3.136780162	-1.171961179e-12	-3.135019719e-13	4.017264397
208.2595874	720.1133672	-3.228464225	-3.003993645e-12	3.868202321e-13	3.244569285
208.2713312	601.1974312	0.3912098343	-2.199431881e-12	2.348054755e-13	3.452175803
208.2894084	-811.4785358	-0.3655997338	-1.987575654e-13	2.330451035e-13	5.167311995
208.2989942	789.5235671	-6.885438021	-1.625779351e-12	-3.093726714e-13	3.11770876
208.299202	-925.4399245	-1.471629146	5.914755395e-13	-4.583763577e-13	5.409432583
208.35005	-733.1778565	0.3175587673	7.056874905e-13	-3.33911267e-13	5.013648825
208.3528762	-476.6937276	2.020641504	9.549563455e-13	-3.666754606e-13	4.57958717
208.3540041	428.7772688	2.478196352	2.901219276e-13	5.322322333e-13	3.710436073
208.3788711	665.6482022	-1.228431827	3.35155051e-13	3.490398563e-13	3.344568637
208.3950322	221.8857047	3.091760446	-6.675871432e-13	5.763651653e-14	3.938164791
208.4073586	-944.3341872	-1.663342386	-2.98172051e-13	-1.260423528e-13	5.453266848
208.4122263	728.8164398	-3.594066939	1.879812336e-12	-3.911218212e-13	3.231881339
208.4132023	796.7797633	-7.332579774	4.508399147e-13	2.541072715e-14	3.106651595
208.4241512	40.93474789	3.121213336	-2.80704302e-12	-5.848707884e-14	4.077575733
208.4264363	551.6854994	1.255883796	2.601341863e-12	-1.032663109e-14	3.534882324
208.4509434	371.5259011	2.766906422	7.633656279e-13	-2.202239157e-13	3.784661872
208.4555316	494.8430165	1.949673109	-3.271914308e-12	1.279021069e-12	3.621006538
208.4649739	304.2954053	2.969975774	-1.285929113e-12	-8.015339094e-14	3.860600485
208.4705393	-831.0750695	-0.5431463549	8.501535627e-13	-1.018403258e-12	5.210862927
208.4907327	613.0802674	0.1480726845	6.493450665e-12	-4.464836444e-13	3.437038546
208.5031251	-963.1351968	-1.857065127	4.445534664e-14	6.198665508e-13	5.497141303
208.5041115	-672.8390604	0.7956788812	6.02385244e-13	-6.303121797e-13	4.904086422
208.5065348	-545.2230451	1.650442693	-6.554437932e-13	2.274373061e-13	4.686991146
208.5110552	-428.8370882	2.24053443	-2.370394123e-12	2.460823293e-13	4.515189311
208.5240864	803.9130041	-7.787775693	-6.684860525e-13	-2.622720541e-14	3.095755514
208.5566151	-610.3561799	1.240996618	-1.129414648e-12	7.565089468e-13	4.795180068
208.5606263	737.3323701	-3.969028391	-2.777866961e-12	3.331889423e-13	3.219380568
208.563111	675.7216095	-1.533788782	1.587363976e-12	1.071338744e-13	3.330675776
208.565115	-41.20095903	3.075217338	-2.260976539e-12	2.628312381e-13	4.138495653
208.5800072	-753.4030126	0.1513016589	4.322922327e-13	-1.901692138e-13	5.056973967
208.5865611	-981.8474564	-2.052735179	3.770028332e-13	-3.16559419e-13	5.541054704
208.6268139	-378.1683289	2.439416259	3.817911333e-13	5.834552938e-13	4.451211675
208.638935	-850.542773	-0.7231357628	-6.510521053e-13	3.536045695e-13	5.254462715
208.6394997	155.9413479	3.12472063	5.771610786e-13	6.903948944e-13	3.997505587
208.6569856	446.6108778	2.358086754	7.237809521e-12	-8.52322261e-13	3.692838265
208.6577258	-1000.47518	-2.250292694	1.111507676e-13	-1.121177056e-13	5.585005854
208.663146	-121.7283905	3.000282905	-6.23107429e-13	1.816873659e-13	4.199994342
208.6724447	565.1228677	1.05472032	1.672817308e-12	2.529111356e-13	3.518905594
208.7000127	-323.5804324	2.616101519	-6.140851875e-13	-1.027110766e-13	4.38767797
208.7047106	624.6332017	-0.1052297589	-1.689147546e-12	-2.013209487e-13	3.422104595
208.7048884	745.6695235	-4.353222799	5.035037742e-13	-8.226028853e-14	3.207064456
208.7166777	-1019.022316	-2.449680069	-4.357917352e-13	3.993607834e-13	5.628993601
208.7182673	-196.4109343	2.897859171	-5.387194608e-13	1.012696539e-12	4.262042817
208.7294489	510.2037257	1.789692074	7.953109902e-13	1.779547004e-13	3.604206159
208.7305306	-263.5187932	2.769348305	1.490511484e-13	6.890704189e-13	4.324613034
208.7311482	-500.3436094	1.899137059	7.230448594e-13	-7.012444818e-13	4.622017259
208.7425032	685.5475324	-1.8490662	-1.165646199e-12	-6.459224115e-13	3.316981324
208.7554806	-1164.899524	-4.104410413	-5.56872298e-13	3.864835737e-13	5.982088208
208.7634749	-1037.492569	-2.650841847	2.904419945e-13	-9.31160909e-14	5.673016837
208.7696338	251.6302804	3.054659242	1.032899501e-13	1.619865578e-13	3.918906815
208.7705206	-693.657341	0.6390573829	-6.697301743e-14	3.162655283e-13	4.947218852
208.7773508	391.8834877	2.675703023	-9.457577585e-13	7.062579671e-14	3.76648594
208.7921883	-1146.88066	-3.892218153	1.039480983e-12	-6.625886853e-13	5.937844363
208.7946579	-869.8885924	-0.905489596	-1.235872576e-13	1.527865665e-13	5.298109792
208.7970007	-773.4643758	-0.0177479675	-4.40910383e-13	2.28207783e-13	5.100354959
208.7981748	-1055.889418	-2.85372463	2.840704841e-13	-3.340657005e-13	5.717074493
208.8152772	328.3698404	2.906473234	1.338066088e-12	-5.687588808e-13	3.841870535
208.817132	-1128.805401	-3.681465138	-8.575174883e-13	4.435832313e-13	5.893629303
208.8208344	-1074.216135	-3.058276992	4.68542497e-13	-5.581928031e-13	5.76116554
208.8302574	-1110.671307	-3.472194107	5.554490419e-13	-3.682034535e-13	5.849443882
208.83151	-1092.475797	-3.264449393	7.230748765e-14	-1.599716208e-13	5.805288988
208.8411752	81.00730253	3.125046152	-1.576693705e-13	8.165755466e-13	4.057499077
208.8451139	753.8358913	-4.746518451	2.793696709e-13	-1.205908818e-14	3.194930369
208.8471081	-567.6785428	1.5160897	9.581466729e-14	-5.506196044e-13	4.729678206
208.859898	-631.900825	1.094975399	-7.581371082e-14	1.577608053e-13	4.838100492
208.912676	578.1551739	0.8434337641	-1.435161753e-12	5.234203836e-13	3.503131325
208.9133578	635.8718992	-0.368670273	-1.768148084e-12	5.306855369e-13	3.407373405
208.9136337	-453.5673086	2.128515931	-4.939644564e-13	4.343803115e-13	4.557429681
208.9171468	695.1371439	-2.174183857	-2.99333538e-12	-8.535986356e-14	3.303483677
208.9377699	-889.1189683	-1.090132506	2.001092576e-13	-2.874934561e-13	5.34180265
208.9535792	463.7723074	2.228341863	-3.124657452e-12	4.200315132e-13	3.675433163
208.9814036	761.8391109	-5.148778105	5.259809344e-12	-2.472841231e-13	3.182975562
209	-2.738048117e-13	3.094267825	3.032835532e-13	6.909012625e-13	4.118114643
