200	5.482131792e-15	0.007481506127	1.782325404e-16	2.912614249e-13	99.99625925
200.3200225	-33.97365716	-0.006960416335	-3.97579108e-14	5.360281516e-13	107.5034802
200.693137	31.682081	-0.007999786676	2.068192831e-13	2.789229483e-12	93.50399989
200.78036	-18.76880057	0.003596874069	-7.564357213e-14	2.096914516e-12	103.9982016
200.9730246	18.12848248	0.003855735345	-4.408228733e-14	-1.251192909e-12	96.99807213
201	2.945915318e-14	0.007444375002	4.122105879e-15	2.172688145e-12	100.4962778
201.2860022	-34.05264732	-0.006928267895	-3.327613469e-14	4.681457588e-13	108.0034641
201.7296027	31.76676945	-0.007957349734	-1.241434015e-13	-1.592131614e-12	94.00397867
201.7630663	-18.81370354	0.003579707572	9.235996522e-14	-2.531707028e-12	104.4982101
201.9909285	18.17496776	0.003836016018	2.0165315e-14	5.014429864e-13	97.49808199
202	8.667509115e-15	0.007407610634	1.005253447e-14	-1.677667845e-12	100.9962962
202.2520603	-34.13145469	-0.006896415055	1.734159622e-13	-2.493018178e-12	108.5034482
202.7458137	-18.85849958	0.003562704144	-5.840651863e-14	1.719191122e-12	104.9982186
202.7659718	31.85123274	-0.007915360641	-1.72603531e-14	-2.388015986e-13	94.50395768
203	-8.741599287e-16	0.007371207616	-3.863230976e-16	1.892683788e-13	101.4963144
203.0087867	18.22133443	0.003816497349	-3.38452457e-14	-5.448023947e-13	97.99809175
203.2181964	-34.21008053	-0.006864853757	-6.588045057e-14	1.015847544e-12	109.0034324
203.7286021	-18.90318945	0.003545861472	-2.695928835e-15	1.575614456e-13	105.4982271
203.8022451	31.93547266	-0.007873812344	9.460842968e-16	7.021019965e-15	95.00393691
204	4.889823339e-14	0.007335160647	6.049170302e-15	-3.016325519e-13	101.9963324
204.0265996	18.26758339	0.003797176292	2.376337553e-14	5.973343885e-13	98.49810141
204.18441	-34.28852608	-0.006833580016	-3.307066456e-15	-9.662427002e-14	109.5034168
204.7114312	-18.9477739	0.003529177287	4.322922507e-14	-1.284137573e-12	105.9982354
204.8384233	32.01949097	-0.007832697938	9.262291635e-16	-8.235315663e-14	95.50391635
205	6.523492628e-14	0.007299464528	1.335494461e-14	4.077034861e-13	102.4963503
205.0443673	18.31371553	0.003778049861	2.361542474e-14	4.313966733e-13	98.99811098
205.1507003	-34.36679258	-0.006802589922	-1.051368456e-14	9.436957283e-14	110.0034013
205.6943006	-18.99225367	0.003512649364	-8.733147263e-15	3.848355958e-13	106.4982437
205.8745071	32.10328941	-0.007792010662	6.829870015e-14	9.167214918e-13	96.00389601
206	-1.089213803e-14	0.007264114162	-1.637446747e-14	-1.985210388e-12	102.9963679
206.0620904	18.35973174	0.00375911513	2.184356341e-14	5.892524577e-13	99.49812044
206.1170671	-34.44488126	-0.006771879631	3.347968277e-14	-4.834087215e-13	110.5033859
206.6772101	-19.03662949	0.003496275517	-7.934002535e-15	5.089402393e-13	106.9982519
206.9104974	32.18686969	-0.007751743895	1.94600904e-14	2.352159324e-13	96.50387587
207	-3.910944275e-14	0.007229104549	3.586926416e-15	2.244543609e-12	103.4963854
207.079769	18.40563288	0.003740369231	-7.27026697e-14	-2.36131386e-12	99.99812982
207.0835096	-34.52279331	-0.006741445372	8.663385326e-15	-1.683356586e-13	111.0033707
207.6601594	-19.0809021	0.003480053602	-4.592755046e-14	1.348859375e-12	107.49826
207.9463948	32.27023352	-0.007711891151	-1.231920387e-13	-1.785642712e-12	97.00385595
208	-4.306572644e-15	0.007194430786	-1.537278237e-14	-9.094113569e-13	103.9964028
208.0500275	-34.60052993	-0.00671128344	-9.658875464e-14	1.487207974e-12	111.5033556
208.0974037	18.45141982	0.003721809355	3.788176044e-14	1.319803374e-12	100.4981391
208.6431482	-19.12507221	0.003463981514	-7.209859812e-14	1.955717104e-12	107.998268
208.9822	32.35338256	-0.007672446077	-3.964061303e-14	-6.306384255e-13	97.50383622
209	3.648186134e-14	0.007160088063	-6.680714441e-15	2.93197838e-13	104.49642
209.0166202	-34.6780923	-0.006681390197	1.364939602e-14	-1.021918312e-13	112.0033407
209.1149946	18.4970934	0.003703432746	4.56558855e-14	8.630067055e-13	100.9981483
209.6261763	-19.16914052	0.003448057187	1.523952349e-13	-4.560695646e-12	108.498276
209.9832872	-34.75548159	-0.006651762067	2.721882873e-14	-3.803311033e-13	112.5033259
210	-1.274475717e-14	0.007126071661	4.957615563e-15	1.998212957e-12	104.996437
210.0179138	32.43631847	-0.007633402451	1.331435415e-13	1.894317692e-12	98.0038167
210.1325421	18.54265446	0.003685236702	-6.700538412e-14	-1.738305694e-12	101.4981574
210.6092434	-19.21310774	0.003432278592	-3.625636216e-14	1.422662642e-12	108.9982839
210.9500281	-34.83269895	-0.00662239554	1.327602825e-13	-2.076275263e-12	113.0033112
211	-2.049383966e-14	0.007092376952	2.205305287e-15	-5.620001158e-13	105.4964538
211.0535369	32.51904288	-0.007594754174	-9.119903164e-14	-1.24648201e-12	98.50379738
211.1500466	18.58810382	0.003667218577	-5.862269457e-15	2.713078006e-14	101.9981664
211.5923491	-19.25697456	0.00341664374	-1.931419551e-14	6.442781809e-13	109.4982917
211.9168422	-34.90974552	-0.006593287165	-1.673243549e-13	2.549918369e-12	113.5032966
212	2.341220794e-14	0.007058999394	-1.016680496e-14	-1.749437219e-12	105.9964705
212.0890698	32.60155739	-0.007556495273	-1.581590809e-13	-2.244821411e-12	99.00377825
212.1675083	18.63344232	0.003649375773	1.392902208e-14	2.528211867e-13	102.4981753
212.5754933	-19.30074167	0.003401150673	3.14189468e-14	-6.570376372e-13	109.9982994
212.8837293	-34.98662243	-0.006564433555	-6.136516034e-14	8.918625758e-13	114.0032822
213	-3.675276562e-14	0.007025934529	-2.079761631e-15	6.996140983e-13	106.496487
213.1245134	32.6838636	-0.007518619893	1.083177792e-13	1.663305387e-12	99.50375931
213.1849276	18.67867074	0.003631705744	2.480544382e-14	7.360950766e-13	102.9981841
213.5586757	-19.34440974	0.003385797473	2.365954087e-14	-5.350789095e-13	110.4983071
213.8506887	-35.06333079	-0.00653583138	5.63615236e-14	-7.807705714e-13	114.5032679
214	1.224406696e-14	0.006993177984	2.356311888e-15	-7.289627311e-13	106.9965034
214.1598683	32.76596308	-0.007481122295	6.804338286e-14	9.360380442e-13	100.0037406
214.2023047	18.7237899	0.003614205992	-3.039032909e-14	-6.86834457e-13	103.4981929
214.541896	-19.38797944	0.003370582255	-4.172469763e-14	1.281192213e-12	110.9983147
214.81772	-35.13987171	-0.006507477366	-3.48279325e-14	4.424499459e-13	115.0032537
215	-1.430399619e-14	0.006960725466	1.117977385e-14	-2.048467165e-12	107.4965196
215.1951351	32.84785737	-0.007443996856	5.55709552e-14	8.27436531e-13	100.503722
215.21964	18.76880057	0.003596874069	2.797328787e-14	5.767025859e-13	103.9982016
215.525154	-19.43145143	0.003355503165	4.11600145e-14	-1.400377314e-12	111.4983222
215.7848227	-35.21624629	-0.006479368298	6.196416478e-14	-9.897363189e-13	115.5032397
216	-9.912205683e-15	0.006928572762	-5.347221531e-15	2.38965565e-12	107.9965357
216.2303145	32.92954801	-0.007407238063	-1.039008014e-13	-1.505535604e-12	101.0037036
216.2369337	18.81370354	0.003579707572	-3.593546687e-14	-1.112426136e-12	104.4982101
216.5084495	-19.47482637	0.003340558387	-2.8471597e-14	8.544132171e-13	111.9983297
216.7519964	-35.29245559	-0.006451501016	-2.504774616e-14	3.82903531e-13	116.0032258
217	-3.294298154e-15	0.006896715736	-6.515508393e-15	1.19279026e-12	108.4965516
217.2541863	18.85849958	0.003562704144	4.085573835e-14	1.049630806e-12	104.9982186
217.2654072	33.0110365	-0.00737084051	1.8564175e-13	2.614534578e-12	101.5036854
217.491782	-19.51810491	0.003325746132	-4.742896768e-15	3.593462298e-13	112.4983371
217.7192407	-35.36850069	-0.006423872413	-1.028163831e-13	1.567330332e-12	116.5032119
218	-1.925693987e-14	0.006865150329	-7.504620994e-15	-1.706919502e-12	108.9965674
218.2713979	18.90318945	0.003545861472	2.592894464e-14	7.920291071e-13	105.4982271
218.3004138	33.09232435	-0.0073347989	-5.990502555e-14	-8.79702299e-13	102.0036674
218.4751515	-19.56128768	0.003311064648	-9.196385672e-16	-1.854890193e-13	112.9983445
218.686555	-35.44438265	-0.006396479437	1.727921384e-13	-2.700827776e-12	117.0031982
219	-5.887664944e-14	0.006833872554	9.422327792e-16	2.306770516e-12	109.4965831
219.2885688	18.9477739	0.003529177287	-4.775308773e-14	-1.526060722e-12	105.9982354
219.3353348	33.17341302	-0.007299108037	-5.771762276e-15	3.118071474e-14	102.5036496
219.4585577	-19.60437532	0.003296512208	2.787490001e-14	-8.921875752e-13	113.4983517
219.6539389	-35.5201025	-0.006369319086	-3.030786392e-14	4.558167895e-13	117.5031847
220	-6.444342479e-15	0.006802878497	-1.532121471e-14	-1.271928501e-12	109.9965986
220.3056994	18.99225367	0.003512649364	9.499923256e-15	4.350644387e-13	106.4982437
220.370171	33.25430397	-0.007263762825	-6.450839853e-14	-1.071044283e-12	103.0036319
220.4420003	-19.64736846	0.003282087121	-1.74000302e-14	4.7289756e-13	113.998359
220.6213919	-35.5956613	-0.006342388409	-7.314873348e-14	1.141205086e-12	118.0031712
221	4.76512457e-15	0.006772164315	-1.061170932e-14	1.740083752e-13	110.4966139
221.3227899	19.03662949	0.003496275517	-1.47846288e-14	-8.763197027e-14	106.9982519
221.404923	33.33499865	-0.007228758267	5.630307627e-14	8.689442511e-13	103.5036144
221.4254792	-19.69026771	0.00326778772	1.014000844e-13	-2.999949179e-12	114.4983661
221.5889138	-35.67106005	-0.006315684505	8.191913902e-14	-1.320002432e-12	118.5031578
222	1.105591402e-14	0.006741726235	8.583276579e-15	-3.995842524e-13	110.9966291
222.3398406	19.0809021	0.003480053602	3.540937363e-14	9.659494403e-13	107.49826
222.4089939	-19.73307369	0.003253612372	-1.65772922e-13	5.044665408e-12	114.9983732
222.4395914	33.41549847	-0.007194089462	-3.954086281e-14	-5.545822362e-13	104.003597
222.5565039	-35.74629977	-0.006289204522	-1.551172564e-13	2.443077866e-12	119.0031446
223	-2.162245638e-14	0.00671156055	-2.141815563e-15	-2.371654942e-12	111.4966442
223.3568518	19.12507221	0.003463981514	8.150314929e-15	5.448446889e-13	107.998268
223.3925444	-19.77578699	0.003239559467	7.750624896e-14	-2.376016604e-12	115.4983802
223.4741767	33.49580484	-0.007159751603	1.664032037e-14	3.245231631e-13	104.5035799
223.5241619	-35.82138146	-0.006262945656	8.044087858e-14	-1.173562209e-12	119.5031315
224	-7.48704454e-15	0.00668166362	-6.793009091e-15	1.59589829e-12	111.9966592
224.3738237	19.16914052	0.003448057187	-6.227074153e-14	-1.992804312e-12	108.498276
224.3761304	-19.81840823	0.003225627428	2.28748993e-14	-7.072411864e-13	115.9983872
224.4918873	-35.89630612	-0.006236905147	-2.567562215e-14	4.243189447e-13	120.0031185
224.5086795	33.57591915	-0.007125739974	4.335153698e-15	1.714478694e-14	105.0035629
225	2.272490469e-14	0.006652031869	1.13191561e-14	2.467325047e-12	112.496674
225.3597517	-19.86093799	0.003211814702	-2.742177261e-14	1.430452776e-12	116.4983941
225.3907566	19.21310774	0.003432278592	1.166005048e-13	3.36573714e-12	108.9982839
225.4596798	-35.97107473	-0.006211080285	1.825973518e-13	-2.841199479e-12	120.5031055
225.5431005	33.65584276	-0.007092049948	7.294248717e-15	1.758959678e-13	105.503546
226	1.248978346e-14	0.006622661784	4.31941322e-15	-2.407876676e-12	112.9966887
226.343408	-19.90337687	0.003198119761	3.131703426e-14	-1.279401471e-12	116.9984009
226.4076509	19.25697456	0.00341664374	-5.403865779e-14	-1.618758368e-12	109.4982917
226.4275388	-36.04568825	-0.006185468401	-8.495719464e-14	1.365411068e-12	121.0030927
226.5774403	33.73557704	-0.007058676984	-8.06579018e-14	-1.191207347e-12	106.0035293
227	1.723941273e-14	0.006593549914	-3.080985002e-15	1.377849488e-12	113.4967032
227.3270991	-19.94572543	0.003184541107	-3.452179352e-14	1.05895556e-12	117.4984077
227.3954641	-36.12014765	-0.006160066872	-1.217857718e-13	1.877864722e-12	121.50308
227.4245067	19.30074167	0.003401150673	8.632698871e-15	3.391290815e-13	109.9982994
227.6116993	33.81512332	-0.007025616628	9.945421404e-14	1.511596357e-12	106.5035128
228	1.486041081e-14	0.00656469287	1.631188866e-15	-6.184648102e-13	113.9967177
228.3108249	-19.98798426	0.003171077265	1.822950805e-16	-4.375160185e-15	117.9984145
228.3634552	-36.19445388	-0.006134873116	-1.478984851e-14	2.828423416e-13	122.0030674
228.4413243	19.34440974	0.003385797473	-4.80208532e-14	-1.371722987e-12	110.4983071
228.6458782	33.89448292	-0.006992864509	-2.007967304e-13	-2.949396853e-12	107.0034964
229	-4.563550883e-14	0.006536087319	-6.179547803e-15	-8.909201461e-13	114.496732
229.294585	-20.03015392	0.003157726784	7.249221803e-14	-2.607833676e-12	118.4984211
229.3315116	-36.26860788	-0.006109884595	-1.236531119e-13	2.043143605e-12	122.5030549
229.458104	19.38797944	0.003370582255	-1.776378648e-14	-8.355192139e-13	110.9983147
229.6799775	33.97365716	-0.006960416335	2.537890708e-13	3.623110945e-12	107.5034802
230	6.416402231e-15	0.006507729988	-2.360146287e-15	4.789340136e-13	114.9967461
230.2783792	-20.07223498	0.003144488239	-3.816717663e-14	1.366903776e-12	118.9984278
230.2996331	-36.34261058	-0.006085098812	1.209758478e-13	-2.000197421e-12	123.0030425
230.474846	19.43145143	0.003355503165	3.809509981e-14	1.186011782e-12	111.4983222
230.7139978	34.05264732	-0.006928267895	-9.291788741e-14	-1.399234479e-12	108.0034641
231	5.585061913e-15	0.006479617661	2.087444719e-15	-9.974963959e-13	115.4967602
231.2622074	-20.11422799	0.003131360228	-1.54396211e-13	4.300064994e-12	119.4984343
231.2678191	-36.4164629	-0.006060513308	9.151877747e-14	-1.417143971e-12	123.5030303
231.4915505	19.47482637	0.003340558387	7.638659005e-16	3.420862255e-13	111.9983297
231.7479397	34.13145469	-0.006896415055	-2.150425072e-15	-5.830036528e-14	108.5034482
232	-8.624913337e-15	0.006451747175	1.764836895e-15	4.946945049e-13	115.9967741
232.2360694	-36.49016576	-0.006036125666	-1.002213529e-13	1.590962295e-12	124.0030181
232.2460693	-20.1561335	0.003118341373	3.183378032e-14	-1.245288096e-12	119.9984408
232.508218	19.51810491	0.003325746132	-1.877750237e-14	-6.554344031e-13	112.4983371
232.7818036	34.21008053	-0.006864853757	-1.285846994e-13	-1.990930935e-12	109.0034324
233	7.640953977e-14	0.006424115423	-1.003880412e-15	9.737163994e-13	116.4967879
233.2043834	-36.56372007	-0.006011933508	1.452475385e-14	-2.494736245e-13	124.503006
233.2299648	-20.19795206	0.003105430317	4.965157181e-14	-1.740961856e-12	120.4984473
233.5248485	19.56128768	0.003311064648	2.637180808e-14	1.06268517e-12	112.9983445
233.81559	34.28852608	-0.006833580016	1.466053721e-13	2.147800517e-12	109.5034168
234	3.880842749e-15	0.006396719351	-8.660665407e-15	-3.631674127e-13	116.9968016
234.1727609	-36.6371267	-0.005987934492	-2.074210756e-14	2.530941331e-13	125.002994
234.2138936	-20.23968421	0.003092625728	3.266763143e-15	-4.313016156e-13	120.9984537
234.5414423	19.60437532	0.003296512208	-3.754899095e-14	-1.017471728e-12	113.4983517
234.8492997	34.36679258	-0.006802589922	1.888123869e-14	2.827916672e-13	110.0034013
235	-1.214338694e-14	0.006369555957	-5.474183105e-16	2.796859291e-13	117.4968152
235.1412015	-36.71038656	-0.005964126315	1.136502929e-13	-1.703067636e-12	125.5029821
235.1978554	-20.28133047	0.003079926294	-1.411009421e-14	2.625485132e-13	121.49846
235.5579997	19.64736846	0.003282087121	-4.341107623e-14	-1.091618985e-12	113.998359
235.8829329	34.44488126	-0.006771879631	-9.980401153e-14	-1.418220569e-12	110.5033859
236	-8.781370811e-15	0.006342622288	7.986689817e-15	-1.056949413e-12	117.9968287
236.1097047	-36.78350052	-0.005940506708	-3.870272641e-14	5.886115909e-13	126.0029703
236.1818502	-20.32289138	0.003067330726	-5.609553055e-14	1.90552747e-12	121.9984663
236.5745208	19.69026771	0.00326778772	-8.046384339e-15	-4.72071486e-13	114.4983661
236.9164904	34.52279331	-0.006741445372	6.963910586e-14	9.074754262e-13	111.0033707
237	-3.708183036e-14	0.006315915442	8.952890426e-15	1.246521577e-12	118.496842
237.0782702	-36.85646945	-0.005917073442	1.314725581e-14	-1.097962981e-13	126.5029585
237.1658777	-20.36436746	0.003054837753	3.799994147e-14	-9.362170459e-13	122.4984726
237.5910061	19.73307369	0.003253612372	6.650727971e-14	1.825380274e-12	114.9983732
237.9499725	34.60052993	-0.00671128344	-1.216024105e-13	-1.837291741e-12	111.5033556
238	1.529365421e-14	0.006289432567	1.679126516e-14	-5.681455773e-13	118.9968553
238.0468977	-36.9292942	-0.005893824319	-1.145195316e-13	1.568272672e-12	127.0029469
238.1499377	-20.40575923	0.003042446129	1.181536798e-14	-3.554432879e-13	122.9984788
238.6074556	19.77578699	0.003239559467	1.982992872e-14	4.890624101e-13	115.4983802
238.9833798	34.6780923	-0.006681390197	7.284228924e-14	1.124520379e-12	112.0033407
239	1.701096313e-14	0.006263170856	6.998301702e-15	-1.775097445e-13	119.4968684
239.0155867	-37.00197563	-0.005870757177	1.971023616e-13	-3.15456535e-12	127.5029354
239.1340299	-20.4470672	0.003030154624	4.378523266e-14	-1.34561499e-12	123.4984849
239.6238696	19.81840823	0.003225627428	-1.244779767e-14	-5.808002848e-13	115.9983872
239.984337	-37.07451457	-0.005847869888	-7.859216353e-14	1.212667929e-12	128.0029239
240	7.097298978e-15	0.00623712755	-2.604718578e-15	7.903218685e-13	119.9968814
240.0167128	34.75548159	-0.006651762067	-6.425257824e-14	-1.047298243e-12	112.5033259
240.1181543	-20.48829188	0.00301796203	-1.186465308e-14	3.879752484e-13	123.998491
240.6402483	19.86093799	0.003211814702	2.887665984e-15	5.608162042e-13	116.4983941
240.9531481	-37.14691188	-0.005825160358	2.440063948e-14	-4.583731192e-13	128.5029126
241	3.282287025e-14	0.006211299936	8.05887755e-15	-5.450654375e-13	120.4968944
241.0499719	34.83269895	-0.00662239554	2.230892985e-14	3.47642396e-13	113.0033112
241.1023107	-20.52943376	0.003005867158	-3.363027083e-15	6.066531301e-13	124.4984971
241.656592	19.90337687	0.003198119761	-3.227593364e-14	-1.013215162e-12	116.9984009
241.9220197	-37.21916836	-0.005802626522	1.210964373e-14	-1.509733281e-13	129.0029013
242	-6.214475915e-14	0.006185685346	6.662049911e-15	4.533434965e-13	120.9969072
242.0831578	34.90974552	-0.006593287165	5.050265605e-14	6.486471262e-13	113.5032966
242.0864987	-20.57049335	0.002993868838	-9.183899151e-15	-1.059582706e-13	124.9985031
242.6729009	19.94572543	0.003184541107	-7.510683658e-14	-2.299491464e-12	117.4984077
242.8909515	-37.29128485	-0.00578026635	-3.352677744e-14	5.347846117e-13	129.5028901
243	1.691379313e-14	0.006160281155	-4.426053046e-15	-2.595298113e-13	121.4969199
243.0707183	-20.61147114	0.002981965918	-2.338354887e-14	6.087190292e-13	125.498509
243.1162707	34.98662243	-0.006564433555	-5.611667027e-15	-3.50762993e-14	114.0032822
243.6891751	19.98798426	0.003171077265	9.431440596e-14	3.364109585e-12	117.9984145
243.859943	-37.36326214	-0.005758077842	-6.101246118e-14	1.001889282e-12	130.002879
244	8.671030696e-15	0.006135084781	-4.602266047e-15	-6.289391143e-14	121.9969325
244.0549692	-20.65236761	0.002970157266	1.525413543e-14	-8.916546292e-13	125.9985149
244.1493113	35.06333079	-0.00653583138	5.688793518e-14	7.84030133e-13	114.5032679
244.705415	20.03015392	0.003157726784	-1.535561698e-14	-4.095381705e-13	118.4984211
244.828994	-37.43510105	-0.005736059028	1.578169314e-13	-2.505824485e-12	130.502868
245	-2.751833205e-14	0.006110093684	-8.17355186e-15	-1.340740569e-12	122.496945
245.0392512	-20.69318325	0.002958441765	3.43013838e-14	-3.829141149e-13	126.4985208
245.18228	35.13987171	-0.006507477366	4.517560267e-15	1.513581093e-13	115.0032537
245.7216208	20.07223498	0.003144488239	-2.206627145e-14	-3.881572309e-13	118.9984278
245.7981042	-37.50680237	-0.005714207971	-5.487725515e-14	9.013780313e-13	131.0028571
246	2.681774744e-14	0.006085305366	-2.077743983e-15	2.59346113e-12	122.9969573
246.0235643	-20.73391854	0.002946818319	-3.849851762e-14	1.125188777e-12	126.9985266
246.2151773	35.21624629	-0.006479368298	-2.131280538e-14	-3.31944912e-13	115.5032397
246.7377926	20.11422799	0.003131360228	-4.213791838e-15	-2.952298036e-13	119.4984343
246.7672731	-37.57836688	-0.005692522759	5.74662627e-14	-1.150374325e-12	131.5028463
247	4.542307053e-14	0.006060717369	-7.974841672e-15	-8.443131829e-13	123.4969696
247.0079081	-20.77457394	0.002935285845	2.912312859e-14	-1.045400057e-12	127.4985324
247.2480036	35.29245559	-0.006451501016	6.270429153e-14	9.067925024e-13	116.0032258
247.7365004	-37.64979537	-0.005671001511	-1.190572579e-13	1.857997845e-12	132.0028355
247.7539307	20.1561335	0.003118341373	-4.622618409e-14	-1.065196371e-12	119.9984408
247.9922826	-20.81514992	0.002923843281	-1.685504714e-14	6.061228602e-13	127.9985381
248	1.555800998e-14	0.006036327273	-8.868476174e-15	3.086892772e-13	123.9969818
248.2807593	35.36850069	-0.006423872413	-3.003439613e-14	-4.354972801e-13	116.5032119
248.7057859	-37.7210886	-0.005649642376	-1.312519866e-13	2.232270454e-12	132.5028248
248.7700352	20.19795206	0.003105430317	5.380323396e-14	1.564021115e-12	120.4984473
248.9766875	-20.85564696	0.00291248958	-1.036069335e-15	2.745734396e-13	128.4985438
249	4.391940032e-14	0.006012132701	1.728269541e-14	5.449800639e-13	124.4969939
249.313445	35.44438265	-0.006396479437	-5.59634864e-14	-9.080868337e-13	117.0031982
249.6751292	-37.79224735	-0.005628443528	2.516938952e-13	-4.229276074e-12	133.0028142
249.7861064	20.23968421	0.003092625728	-6.518986796e-15	-3.869892081e-13	120.9984537
249.9611226	-20.8960655	0.002901223709	-1.466930393e-14	4.545139395e-13	128.9985494
250	-2.554912666e-14	0.005988131309	-3.600563756e-15	-2.07091253e-12	124.9970059
250.3460611	35.5201025	-0.006369319086	-1.019246902e-14	-2.842872236e-13	117.5031847
250.6445299	-37.86327238	-0.00560740317	-1.32353715e-13	2.242167431e-12	133.5028037
250.8021446	20.28133047	0.003079926294	-1.326986426e-15	-1.248858992e-13	121.49846
250.9455879	-20.936406	0.002890044654	3.115026954e-14	-1.013029128e-12	129.498555
251	2.817657615e-14	0.005964320793	-7.192684339e-15	4.027145475e-12	125.4970178
251.3786081	35.5956613	-0.006342388409	1.316099256e-13	2.050082429e-12	118.0031712
251.6139878	-37.93416442	-0.005586519531	3.149541732e-14	-4.700063299e-13	134.0027933
251.8181498	20.32289138	0.003067330726	4.721380547e-14	1.388611851e-12	121.9984663
252	6.126707407e-14	0.005940698885	1.147574565e-14	-3.675981214e-12	125.9970297
252.4110862	35.67106005	-0.006315684505	-3.79440926e-14	-6.017233564e-13	118.5031578
252.5835025	-38.00492424	-0.005565790867	-1.131618655e-13	1.627256001e-12	134.5027829
252.8341223	20.36436746	0.003054837753	-4.72949438e-14	-1.389673166e-12	122.4984726
252.9146079	-21.0168547	0.002867943009	1.453060203e-14	-1.087004369e-12	130.498566
253	4.573028849e-14	0.005917263353	-1.479308603e-15	2.602318946e-12	126.4970414
253.4434961	35.74629977	-0.006289204522	2.423718019e-13	3.726070061e-12	119.0031446
253.5530737	-38.07555256	-0.005545215458	-5.024294295e-14	6.72434044e-13	135.0027726
253.8500623	20.40575923	0.003042446129	5.485328407e-14	1.856476723e-12	122.9984788
253.8991623	-21.05696377	0.002857018465	-6.491867034e-14	1.735950215e-12	130.9985715
254	-1.201520745e-14	0.005894012	2.058004338e-14	-2.554776347e-12	126.997053
254.4758381	35.82138146	-0.006262945656	-2.607759887e-13	-3.92552853e-12	119.5031315
254.522701	-38.14605011	-0.005524791613	1.071296812e-14	-1.205953103e-13	135.5027624
254.8659701	20.4470672	0.003030154624	2.241497292e-14	8.357485957e-13	123.4984849
254.8837461	-21.09699659	0.002846176829	-1.025644678e-14	4.008034903e-13	131.4985769
255	1.155145898e-14	0.005870942664	-1.22932628e-15	1.833416623e-12	127.4970645
255.4923843	-38.21641762	-0.005504517661	1.759637465e-13	-2.848141608e-12	136.0027523
255.5081127	35.89630612	-0.006236905147	2.398496153e-13	3.619251338e-12	120.0031185
255.8683592	-21.13695358	0.002835417161	-1.627348472e-14	3.416291564e-13	131.9985823
255.8818457	20.48829188	0.00301796203	-1.488823845e-14	-6.671821254e-13	123.998491
256	-2.568021221e-14	0.005848053214	1.276581324e-14	-3.249212119e-13	127.997076
256.4621231	-38.28665581	-0.005484391959	-1.281525426e-13	2.009330504e-12	136.5027422
256.5403202	35.97107473	-0.006211080285	-2.299187461e-13	-3.623956048e-12	120.5031055
256.8530013	-21.17683516	0.002824738535	1.081039338e-14	3.071418013e-13	132.4985876
256.8976893	20.52943376	0.003005867158	-8.251716306e-15	-7.335357971e-13	124.4984971
257	2.678278848e-14	0.005825341555	1.196611697e-14	4.532535763e-13	128.4970873
257.4319172	-38.35676538	-0.005464412887	-8.504470141e-14	1.322646036e-12	137.0027322
257.5724612	36.04568825	-0.006185468401	5.922215491e-14	9.171977448e-13	121.0030927
257.8376723	-21.21664178	0.002814140038	8.07926739e-14	-2.727526427e-12	132.9985929
257.9135013	20.57049335	0.002993868838	7.59888131e-14	2.534006177e-12	124.9985031
258	-2.476393001e-14	0.005802805625	1.522025114e-14	1.012107785e-12	128.9970986
258.4017663	-38.42674704	-0.005444578848	1.588301163e-13	-2.580130276e-12	137.5027223
258.6045359	36.12014765	-0.006160066872	-1.214448152e-16	6.389732488e-14	121.50308
258.8223721	-21.25637384	0.002803620772	-4.433370586e-14	1.593911113e-12	133.4985982
258.9292817	20.61147114	0.002981965918	-8.858184405e-14	-2.738624865e-12	125.498509
259	5.824493417e-14	0.00578044339	-2.337497265e-16	-9.887416319e-13	129.4971098
259.3716701	-38.49660149	-0.00542488827	2.032762387e-13	-3.39658235e-12	138.0027124
259.6365448	36.19445388	-0.006134873116	-5.363115497e-14	-8.631817212e-13	122.0030674
259.8071004	-21.29603176	0.002793179852	4.507530224e-16	4.316789077e-13	133.9986034
259.9450308	20.65236761	0.002970157266	3.771425724e-14	1.091392997e-12	125.9985149
260	-1.050443636e-14	0.005758252851	6.759648906e-15	-3.027309249e-12	129.9971209
260.3416282	-38.56632942	-0.005405339599	-6.651122701e-14	1.146105657e-12	138.5027027
260.6684884	36.26860788	-0.006109884595	1.344001314e-13	2.008343112e-12	122.5030549
260.7918572	-21.33561597	0.002782816406	8.626323516e-14	-2.831886289e-12	134.4986086
260.9607488	20.69318325	0.002958441765	6.973972777e-15	1.27929138e-13	126.4985208
261	-6.041238782e-15	0.005736232038	-5.919960298e-15	5.38311332e-12	130.4971319
261.3116404	-38.63593151	-0.00538593131	-2.074670579e-13	3.529358632e-12	139.002693
261.7003669	36.34261058	-0.006085098812	1.196195745e-14	1.071760205e-13	123.0030425
261.7766422	-21.37512686	0.002772529575	-2.185866783e-14	7.682991269e-13	134.9986137
261.9764357	20.73391854	0.002946818319	-3.867198143e-14	-1.497267432e-12	126.9985266
262	-2.63733749e-14	0.00571437901	8.616608596e-15	-3.447932563e-12	130.9971428
262.2817064	-38.70540845	-0.005366661894	2.712420014e-14	-5.165493222e-13	139.5026833
262.7321809	36.4164629	-0.006060513308	-7.259858058e-14	-1.196305787e-12	123.5030303
262.7614553	-21.41456485	0.002762318512	-1.499694868e-14	5.319411701e-13	135.4986188
262.9920919	20.77457394	0.002935285845	6.467952384e-14	2.840071015e-12	127.4985324
263	-2.132619049e-14	0.005692691858	5.486907805e-15	-1.918787013e-12	131.4971537
263.2518259	-38.7747609	-0.005347529866	-3.064869816e-13	5.15345345e-12	140.0026738
263.7462964	-21.45393033	0.002752182384	-1.057755158e-13	3.556559425e-12	135.9986239
263.7639306	36.49016576	-0.006036125666	-9.057918866e-14	-1.499948453e-12	124.0030181
264	-4.053989843e-14	0.0056711687	-1.698860852e-14	3.649153308e-12	131.9971644
264.0077174	20.81514992	0.002923843281	-6.448243133e-14	-1.264799283e-12	127.9985381
264.2219986	-38.84398953	-0.005328533762	4.992551114e-13	-8.459817825e-12	140.5026643
264.7311652	-21.49322371	0.002742120369	1.070916668e-13	-3.558816919e-12	136.4986289
264.7956166	36.56372007	-0.006011933508	1.199885501e-13	1.967464001e-12	124.503006
265	2.771077547e-14	0.005649807683	1.861500866e-15	-3.858762912e-12	132.4971751
265.0233125	20.85564696	0.00291248958	1.480344503e-14	4.29626298e-13	128.4985438
265.1922242	-38.913095	-0.00530967214	-1.71350129e-13	2.830785327e-12	141.0026548
265.7160617	-21.53244537	0.002732131656	-5.713654296e-16	-1.317329701e-13	136.9986339
265.8272391	36.6371267	-0.005987934492	-3.918414287e-14	-5.271018793e-13	125.002994
266	-3.36305289e-14	0.005628606981	-1.375803095e-14	2.827563193e-12	132.9971857
266.0388774	20.8960655	0.002901223709	-6.359106909e-14	-1.918178345e-12	128.9985494
266.1625025	-38.98207797	-0.005290943575	-1.647727331e-13	2.719211577e-12	141.5026455
266.7009857	-21.57159572	0.002722215448	3.413746101e-15	-3.63872576e-14	137.4986389
266.8587985	36.71038656	-0.005964126315	1.746413413e-14	3.076427512e-13	125.5029821
267	-4.518644231e-14	0.005607564797	-2.048899586e-14	5.36499581e-13	133.4971962
267.0544121	20.936406	0.002890044654	1.489736278e-14	1.090825754e-12	129.498555
267.1328331	-39.05093909	-0.005272346666	1.118814221e-13	-1.939824885e-12	142.0026362
267.685937	-21.61067513	0.002712370959	-2.905858558e-14	8.987594229e-13	137.9986438
267.8902953	36.78350052	-0.005940506708	-8.720860612e-14	-1.39344565e-12	126.0029703
268	2.188935148e-14	0.005586679359	4.079328246e-15	-1.043091444e-12	133.9972067
268.069917	20.97666892	0.002878951416	-5.774519931e-14	-2.451458575e-12	129.9985605
268.1032159	-39.119679	-0.005253880028	-4.032567647e-14	7.4690158e-13	142.5026269
268.6709155	-21.649684	0.002702597412	2.074599507e-14	-6.713519108e-13	138.4986487
268.9217298	36.85646945	-0.005917073442	1.372510215e-13	2.300096446e-12	126.5029585
269	-1.86199282e-14	0.005565948922	-4.837342423e-15	2.321914979e-13	134.497217
269.0736505	-39.18829833	-0.005235542297	-2.456081438e-13	4.185145732e-12	143.0026178
269.0853921	21.0168547	0.002867943009	9.299851311e-14	3.127687818e-12	130.498566
269.6559211	-21.6886227	0.002692894044	1.600819437e-14	-6.629593205e-13	138.9986536
269.9531023	36.9292942	-0.005893824319	-2.50577396e-13	-4.103736206e-12	127.0029469
270	9.516570097e-14	0.005545371767	6.701979021e-15	5.007112839e-13	134.9972273
270.0441366	-39.25679773	-0.005217332129	2.952260794e-13	-4.888708698e-12	143.5026087
270.1008377	21.05696377	0.002857018465	1.738832171e-14	3.361485262e-13	130.9985715
270.6409535	-21.72749161	0.002683260102	-1.156101463e-13	3.812033251e-12	139.4986584
270.9844133	37.00197563	-0.005870757177	1.296710295e-13	1.829097605e-12	127.5029354
271	-4.497999193e-15	0.0055249462	3.788706707e-15	2.619635077e-13	135.4972375
271.014674	-39.32517781	-0.005199248197	-1.158600448e-13	2.252728081e-12	144.0025996
271.1162539	21.09699659	0.002846176829	-5.52311474e-14	-1.479215814e-12	131.4985769
271.6260127	-21.7662911	0.002673694843	1.616241663e-13	-5.486275057e-12	139.9986632
271.9852624	-39.3934392	-0.005181289193	7.569893e-14	-1.376142517e-12	144.5025906
272	-7.430731541e-14	0.005504670553	2.026300338e-14	1.764141567e-13	135.9972477
272.015663	37.07451457	-0.005847869888	9.426606882e-14	1.375616e-12	128.0029239
272.1316408	21.13695358	0.002835417161	-6.61262875e-14	-2.23821978e-12	131.9985823
272.6110985	-21.80502155	0.002664197535	-8.456510652e-14	2.575102572e-12	140.4986679
272.9559016	-39.46158251	-0.005163453827	2.295298727e-14	-4.269876342e-13	145.0025817
273	-1.978015262e-14	0.00548454318	1.553967689e-14	-3.143095302e-12	136.4972577
273.0468519	37.14691188	-0.005825160358	1.242737672e-13	2.090824817e-12	128.5029126
273.1469987	21.17683516	0.002824738535	6.085796486e-14	2.250914358e-12	132.4985876
273.5962108	-21.84368332	0.002654767458	4.111071659e-14	-1.706200467e-12	140.9986726
273.9265912	-39.52960836	-0.005145740826	9.038220727e-14	-1.617066856e-12	145.5025729
274	8.58599726e-14	0.005464562462	-9.129638335e-16	6.121106121e-12	136.9972677
274.0779803	37.21916836	-0.005802626522	-3.42629053e-13	-5.618995037e-12	129.0029013
274.1623277	21.21664178	0.002814140038	-5.612199498e-14	-1.933185019e-12	132.9985929
274.5813494	-21.88227678	0.002645403899	-7.793683257e-14	2.733172494e-12	141.4986773
274.8973311	-39.59751735	-0.005128148936	-2.22386037e-15	2.828992323e-14	146.0025641
275	7.882412256e-15	0.0054447268	-1.778619997e-14	-3.447131476e-12	137.4972776
275.1090485	37.29128485	-0.00578026635	1.689209305e-13	2.81935779e-12	129.5028901
275.1776279	21.25637384	0.002803620772	1.975953988e-13	6.110994485e-12	133.4985982
275.5665142	-21.92080229	0.002636106158	-1.602237795e-14	6.458455695e-13	141.9986819
275.868121	-39.66531008	-0.005110676918	1.599695536e-13	-2.730822463e-12	146.5025553
276	-3.837159787e-15	0.005425034622	-5.336556641e-15	-2.359001061e-12	137.9972875
276.140057	37.36326214	-0.005758077842	-7.129179635e-14	-1.203826801e-12	130.002879
276.1928996	21.29603176	0.002793179852	-1.919717079e-13	-6.336506401e-12	133.9986034
276.5517051	-21.9592602	0.002626873542	2.125344996e-14	-7.734172426e-13	142.4986866
276.8389606	-39.73298715	-0.005093323552	-2.442558515e-13	4.237687695e-12	147.0025467
277	3.518003824e-14	0.005405484375	1.054786885e-15	4.196148281e-12	138.4972973
277.171006	37.43510105	-0.005736059028	8.099635842e-15	1.7537641e-13	130.502868
277.2081428	21.33561597	0.002782816406	1.056382223e-13	3.397227833e-12	134.4986086
277.5369219	-21.99765087	0.00261770537	-4.98143634e-14	1.522172261e-12	142.9986911
277.8098497	-39.80054913	-0.005076087634	2.267317172e-13	-3.901309091e-12	147.502538
278	-2.1499413e-14	0.005386074532	6.074216177e-15	-3.714318275e-12	138.997307
278.2018958	37.50680237	-0.005714207971	5.763436435e-14	9.058669494e-13	131.0028571
278.2233578	21.37512686	0.002772529575	2.333494428e-14	7.259927254e-13	134.9986137
278.5221644	-22.03597465	0.00260860097	-5.694024442e-14	1.688373328e-12	143.4986957
278.7807879	-39.86799663	-0.005058967974	-2.065381965e-13	3.576916617e-12	148.0025295
279	8.204657624e-15	0.005366803584	-1.37930846e-15	1.109241465e-12	139.4973166
279.2327269	37.57836688	-0.005692522759	1.703313824e-13	2.821221697e-12	131.5028463
279.2385447	21.41456485	0.002762318512	-1.188527586e-13	-3.632331668e-12	135.4986188
279.5074327	-22.07423189	0.002599559679	1.126444648e-13	-3.822626303e-12	143.9987002
279.7517751	-39.93533022	-0.0050419634	1.070985589e-13	-1.711088409e-12	148.502521
280	1.427339188e-14	0.005347670046	1.283900758e-14	1.947604495e-12	139.9973262
280.2537036	21.45393033	0.002752182384	4.314994249e-14	6.593018813e-13	135.9986239
280.2634996	37.64979537	-0.005671001511	-2.195475287e-13	-3.704054995e-12	132.0028355
280.4927264	-22.11242293	0.002590580842	1.042845468e-13	-3.294455295e-12	144.4987047
280.7228111	-40.00255048	-0.005025072757	1.761304905e-14	-4.409460571e-13	149.0025125
281	4.675420568e-15	0.005328672454	1.818636877e-14	3.041070602e-13	140.4973357
281.2688348	21.49322371	0.002742120369	-9.656980572e-14	-2.349714026e-12	136.4986289
281.2942141	37.7210886	-0.005649642376	2.936565493e-13	4.785946466e-12	132.5028248
281.4780455	-22.15054813	0.002581663815	-1.031696311e-13	4.431463836e-12	144.9987092
281.6938955	-40.06965797	-0.005008294902	-9.672593422e-14	1.636465425e-12	149.5025041
282	6.89676818e-14	0.005309809364	-4.631982866e-15	-1.918217186e-12	140.9973451
282.2839383	21.53244537	0.002732131656	1.07856484e-13	3.558069382e-12	136.9986339
282.3248708	37.79224735	-0.005628443528	-1.422995079e-13	-2.317503945e-12	133.0028142
282.4633898	-22.1886078	0.002572807962	6.584439432e-14	-1.981362096e-12	145.4987136
282.6650282	-40.13665326	-0.00499162871	1.551268503e-13	-2.642641066e-12	150.0024958
283	-5.842125131e-14	0.005291079352	2.250356389e-15	2.809144723e-13	141.4973545
283.2990143	21.57159572	0.002722215448	3.236257024e-15	2.912357136e-13	137.4986389
283.3554701	37.86327238	-0.00560740317	-3.664814863e-14	-8.036425686e-13	133.5028037
283.4487593	-22.22660231	0.002564012655	8.734484414e-14	-2.573159393e-12	145.998718
283.6362088	-40.20353692	-0.004975073069	-1.464619354e-13	2.514408122e-12	150.5024875
284	-8.503878574e-14	0.005272481016	7.905719717e-15	3.71989788e-13	141.9973638
284.314063	21.61067513	0.002712370959	-4.838454779e-14	-2.028647264e-12	137.9986438
284.3860122	37.93416442	-0.005586519531	-3.362284738e-14	-6.422307788e-13	134.0027933
284.4341537	-22.26453197	0.002555277276	-6.658418683e-14	2.331962687e-12	146.4987224
284.6074372	-40.27030949	-0.004958626884	5.296346885e-15	9.609026525e-14	151.0024793
285	1.032929039e-16	0.005254012971	-7.870935934e-16	-8.977827805e-13	142.497373
285.3290845	21.649684	0.002702597412	-3.702877313e-14	-1.187064874e-12	138.4986487
285.4164975	38.00492424	-0.005565790867	1.452641872e-13	2.361318042e-12	134.5027829
285.419573	-22.30239711	0.002546601214	-2.247133421e-14	1.754263251e-13	146.9987267
285.5787131	-40.33697153	-0.004942289073	-1.857821129e-14	3.924139403e-13	151.5024711
286	1.324027324e-13	0.005235673853	3.560989739e-15	1.450984091e-12	142.9973822
286.3440789	21.6886227	0.002692894044	5.790831423e-14	2.199768804e-12	138.9986536
286.4050171	-22.34019808	0.002537983868	-1.593336448e-13	5.360267098e-12	147.498731
286.4469263	38.07555256	-0.005545215458	1.212995891e-14	2.972522154e-13	135.0027726
286.5500363	-40.40352359	-0.004926058567	-1.777848987e-14	2.953399917e-13	152.002463
287	2.311400017e-14	0.005217462317	-1.448150305e-14	7.813911567e-13	143.4973913
287.3590465	21.72749161	0.002683260102	-9.683091286e-15	-3.834535758e-13	139.4986584
287.3904858	-22.37793518	0.002529424642	1.857625845e-13	-6.311186774e-12	147.9987353
287.477299	38.14605011	-0.005524791613	-2.10459221e-13	-3.129187161e-12	135.5027624
287.5214066	-40.46996621	-0.004909934314	1.896451039e-14	-3.242271117e-13	152.502455
288	2.253616086e-14	0.005199377036	-1.048625336e-14	-3.244337287e-12	143.9974003
288.3739873	21.7662911	0.002673694843	9.189898194e-14	2.772789726e-12	139.9986632
288.3759789	-22.41560875	0.002520922952	-1.697575869e-13	5.761882292e-12	148.4987395
288.4928237	-40.53629993	-0.004893915272	1.080322403e-13	-1.917407095e-12	153.002447
288.5076157	38.21641762	-0.005504517661	2.019734988e-13	3.013183876e-12	136.0027523
289	-3.403006138e-14	0.005181416701	-1.097692244e-14	1.318292603e-12	144.4974093
289.3614964	-22.45321911	0.002512478219	1.336627662e-13	-4.722284927e-12	148.9987438
289.3889015	21.80502155	0.002664197535	4.62331511e-14	1.592821413e-12	140.4986679
289.4642873	-40.60252528	-0.004878000417	-1.307731058e-13	2.267629866e-12	153.502439
289.5378769	38.28665581	-0.005484391959	-2.911795459e-13	-4.868304158e-12	136.5027422
290	-1.865899192e-14	0.005163580023	6.851607982e-16	2.004126006e-12	144.9974182
290.3470382	-22.49076656	0.002504089872	-3.061100455e-14	1.405077987e-12	149.498748
290.4037892	21.84368332	0.002654767458	-2.130529114e-13	-6.951891294e-12	140.9986726
290.4357973	-40.66864279	-0.004862188734	-1.35280857e-13	2.374755766e-12	154.0024311
290.5680828	38.35676538	-0.005464412887	2.106090032e-13	3.515498519e-12	137.0027322
291	-3.7003518e-15	0.005145865728	-4.148295835e-15	-3.489390544e-12	145.4974271
291.3326041	-22.52825143	0.002495757349	2.719590303e-14	-8.788149326e-13	149.9987521
291.4073535	-40.73465299	-0.004846479224	1.372917849e-13	-2.500165717e-12	154.5024232
291.4186506	21.88227678	0.002645403899	1.104437128e-14	4.220474919e-13	141.4986773
291.5982337	38.42674704	-0.005444578848	8.778171088e-15	2.646982527e-13	137.5027223
292	3.986116983e-15	0.005128272561	8.899325342e-16	5.112246344e-12	145.9974359
292.318194	-22.56567403	0.002487480094	-1.300165712e-13	4.140505054e-12	150.4987563
292.3789555	-40.80055639	-0.004830870899	5.68862476e-14	-8.484512162e-13	155.0024154
292.4334858	21.92080229	0.002636106158	2.308152515e-14	1.315205773e-12	141.9986819
292.6283299	38.49660149	-0.00542488827	-7.532184408e-14	-1.244345223e-12	138.0027124
293	1.30125783e-14	0.005110799284	3.06191767e-15	-1.63386038e-12	146.4974446
293.3038077	-22.60303466	0.002479257559	1.415618578e-13	-5.088813186e-12	150.9987604
293.3506033	-40.86635352	-0.004815362785	1.030448742e-13	-1.983206569e-12	155.5024077
293.4482949	21.9592602	0.002626873542	8.008234374e-14	2.350439276e-12	142.4986866
293.6583718	38.56632942	-0.005405339599	-1.155018638e-14	-4.691984499e-13	138.5027027
294	5.21996983e-14	0.005093444676	-1.102256688e-14	-1.116780645e-12	146.9974533
294.2894452	-22.64033364	0.002471089204	-1.515248696e-14	3.609582856e-13	151.4987645
294.3222965	-40.93204488	-0.004799953921	-2.486033162e-13	4.342393739e-12	156.0024
294.4630781	21.99765087	0.00261770537	-5.131277123e-14	-2.101701701e-12	142.9986911
294.6883596	38.63593151	-0.00538593131	2.140407381e-13	3.596458209e-12	139.002693
295	2.576722705e-14	0.005076207532	1.581286621e-15	-1.21675831e-12	147.4974619
295.2751064	-22.67757127	0.002462974495	-2.545824496e-14	1.137735584e-12	151.9987685
295.294035	-40.99763099	-0.004784643355	1.265220249e-13	-2.190619123e-12	156.5023923
295.4778356	22.03597465	0.00260860097	2.889785595e-14	1.332409759e-12	143.4986957
295.7182936	38.70540845	-0.005366661894	-6.741174545e-14	-1.081656872e-12	139.5026833
296	-9.872270439e-14	0.005059086663	2.538608681e-15	-1.677729132e-12	147.9974705
296.2607911	-22.71474784	0.002454912904	-4.843801376e-16	-3.358502818e-13	152.4987725
296.2658185	-41.06311234	-0.004769430152	-6.148879174e-14	9.873916475e-13	157.0023847
296.4925673	22.07423189	0.002599559679	-8.945770496e-14	-3.202677486e-12	143.9987002
296.7481741	38.7747609	-0.005347529866	-1.148381126e-13	-1.772881757e-12	140.0026738
297	6.67539025e-14	0.005042080896	8.294365193e-15	1.846343631e-12	148.497479
297.2376469	-41.12848945	-0.004754313384	5.622995859e-14	-9.766929041e-13	157.5023772
297.2464992	-22.75186367	0.002446903913	-4.377968037e-14	1.613686844e-12	152.9987765
297.5072736	22.11242293	0.002590580842	4.184543303e-14	1.917793178e-12	144.4987047
297.7780014	38.84398953	-0.005328533762	-5.340118513e-14	-8.484721063e-13	140.5026643
298	7.299190078e-14	0.005025189076	-8.346148106e-15	2.717594824e-13	148.9974874
298.2095198	-41.1937628	-0.004739292139	-8.084850193e-14	1.559030149e-12	158.0023696
298.2322306	-22.78891904	0.002438947007	1.022838563e-13	-3.446682624e-12	153.4987805
298.5219545	22.15054813	0.002581663815	-1.6566963e-14	-5.794190386e-13	144.9987092
298.8077758	38.913095	-0.00530967214	-1.759752567e-14	-3.484882788e-13	141.0026548
299	-8.318235432e-14	0.00500841006	9.653637727e-15	-1.650749195e-12	149.4974958
299.1814372	-41.25893288	-0.004724365512	7.264613396e-14	-1.26236252e-12	158.5023622
299.2179852	-22.82591425	0.002431041682	-5.38608303e-14	1.976279022e-12	153.9987845
299.5366102	22.1886078	0.002572807962	7.838035179e-14	2.776125009e-12	145.4987136
299.8374975	38.98207797	-0.005290943575	-9.127168474e-14	-1.640931282e-12	141.5026455
300	-6.405524471e-15	0.004991742722	-4.275945271e-15	5.206989687e-12	149.9975041
300.1533987	-41.3240002	-0.004709532614	1.056055247e-14	-2.143145593e-13	159.0023548
300.2037628	-22.86284959	0.002423187436	1.127573716e-14	-2.810194149e-13	154.4987884
300.5512407	22.22660231	0.002564012655	-3.053017055e-14	-9.48012749e-13	145.998718
300.8671669	39.05093909	-0.005272346666	1.134981245e-13	1.960091102e-12	142.0026362
301	-9.532819293e-15	0.004975185951	-3.288024211e-15	-1.380294875e-12	150.4975124
301.1254042	-41.38896522	-0.004694792564	-7.740984213e-14	1.319457861e-12	159.5023474
301.1895634	-22.89972536	0.002415383776	-3.319881596e-14	1.85058576e-12	154.9987923
301.5658463	22.26453197	0.002555277276	1.154686316e-13	3.762837835e-12	146.4987224
301.8967841	39.119679	-0.005253880028	5.462911565e-15	4.511822656e-14	142.5026269
302	4.731489773e-14	0.00495873865	1.193730758e-14	-2.642083616e-12	150.9975206
302.0974535	-41.45382844	-0.004680144493	-7.278977769e-14	1.186040354e-12	160.0023401
302.1753869	-22.93654183	0.002407630215	8.359348047e-15	-1.309896891e-13	155.4987962
302.580427	22.30239711	0.002546601214	-7.89059257e-14	-2.344218074e-12	146.9987267
302.9263495	39.18829833	-0.005235542297	2.382278839e-14	4.023940701e-13	143.0026178
303	1.489594957e-14	0.004942399737	-7.473799363e-15	6.19720966e-13	151.4975288
303.0695464	-41.51859032	-0.004665587543	1.647535061e-13	-3.047248308e-12	160.5023328
303.1612331	-22.9732993	0.002399926272	8.305599886e-14	-2.724125146e-12	155.9988
303.5949829	22.34019808	0.002537983868	-7.39704554e-14	-2.619126723e-12	147.498731
303.9558634	39.25679773	-0.005217332129	-2.44356916e-13	-4.059160135e-12	143.5026087
304	1.681144433e-14	0.004926168145	8.566158693e-15	7.636714354e-13	151.9975369
304.0416826	-41.58325135	-0.004651120866	-4.707893517e-14	7.793202508e-13	161.0023256
304.147102	-23.00999805	0.002392271473	1.700415043e-14	-7.124220971e-13	156.4988039
304.6095142	22.37793518	0.002529424642	6.337283588e-14	2.646252801e-12	147.9987353
304.985326	39.32517781	-0.005199248197	1.507835759e-13	2.487588176e-12	144.0025996
