200	-3.55390546e-14	0.5252309112	-2.422640885e-14	2.699076408e-13	9.973738454
200.0465729	187.4145496	0.3671616821	1.680327556e-14	1.959326503e-13	9.231641916
200.0515177	274.1041212	-0.1292735083	-2.072972729e-14	5.507724403e-13	8.656463675
200.1048479	204.741089	0.3091885512	2.085716381e-13	2.127598017e-13	9.134540572
200.1082253	262.0008477	-0.02084866409	4.930439408e-13	1.68456367e-12	8.751042433
200.1130563	-335.3578784	-0.1805702704	-9.629940057e-16	6.879388919e-14	11.70902851
200.1261646	-179.967044	0.3635461194	-5.115407508e-15	-2.399619874e-13	10.68182269
200.1339174	343.0188443	-1.202278747	-3.365262826e-13	-4.159364293e-13	8.060113937
200.134053	-385.1920038	-0.4607643604	-5.304341806e-13	9.380905494e-13	12.12303822
200.1401805	220.6438295	0.2416744898	3.479605211e-13	6.596268311e-13	9.037916276
200.1418937	249.1228173	0.07693200823	-5.583781676e-13	-1.032535379e-12	8.8461534
200.1525382	235.3785804	0.1643473127	-1.021310412e-13	1.832707768e-13	8.941782634
200.1792544	-99.43617092	0.4744744796	-1.591800292e-14	-1.894226143e-13	10.32627628
200.2232191	33.98686596	0.5267230003	8.270423214e-14	-4.373732875e-13	9.87366385
200.274656	-300.5317032	-0.01475324455	5.188977335e-13	-1.245950701e-12	11.45073766
200.282522	-224.0724456	0.2588435152	6.978423036e-14	-3.971611046e-13	10.93705782
200.3315796	-263.7057897	0.1322092967	2.681180784e-14	-2.036242686e-13	11.19338954
200.3449828	334.8149464	-1.012778103	-4.115062094e-13	-5.021907676e-13	8.150638905
200.3901507	-401.4949434	-0.5611738372	-2.771775493e-13	4.888212692e-13	12.27805869
200.4239085	66.41663056	0.5205029209	1.209161689e-13	-2.941906644e-13	9.773974854
200.4548949	-352.5488167	-0.2695482322	-6.380019869e-13	7.948937416e-13	11.86347741
200.4751303	-67.8660836	0.497590411	-1.081601985e-13	8.804163286e-13	10.22512048
200.4937033	-155.5576461	0.4061748413	2.438189705e-13	-2.589905472e-13	10.57969126
200.5331528	326.1592786	-0.8357566759	3.647709737e-13	3.983587256e-13	8.241787834
200.6020066	96.36040731	0.5063324253	2.787591172e-13	4.135288183e-13	9.674683379
200.6165967	-417.5637816	-0.6649698702	-3.446503142e-13	5.951427708e-13	12.43324849
200.6730925	-318.5120964	-0.09518011999	-1.962879602e-13	-1.009797307e-13	11.60475901
200.6983925	317.021967	-0.670951576	8.149675504e-14	2.154742331e-13	8.333547579
200.6989899	-202.9663635	0.3133220705	1.519343117e-13	-5.460519296e-13	10.8343339
200.7487354	-34.39481942	0.5137083913	3.281776349e-15	-3.111877336e-14	10.12431458
200.757455	123.3527997	0.4839679889	2.268539474e-13	8.623317714e-13	9.575801601
200.7664251	-369.4219735	-0.362369435	1.228074517e-13	-2.952403066e-13	12.01811847
200.7873715	-282.7224885	0.06104660229	1.684468194e-13	-7.811908379e-13	11.34694767
200.7964398	-244.594119	0.1977244062	-4.166855891e-13	4.57135275e-13	11.09011378
200.8136225	-433.4189762	-0.7720136507	2.74001147e-13	-3.976166686e-13	12.58860068
200.8392478	-128.8732555	0.4424561144	-1.337091077e-14	-2.410453579e-13	10.47787719
200.8406749	307.369593	-0.5180950197	-6.362905057e-14	-1.56777209e-14	8.425904751
200.890199	147.3835241	0.4531610149	3.406601171e-14	-3.628629876e-13	9.477341949
200.9599813	297.1644419	-0.3769154555	-7.286761993e-14	1.370860799e-13	8.518845773
201	1.206791229e-13	0.5226090481	2.243695283e-13	-7.570551171e-13	10.02386955
201.0001877	168.7586843	0.4136580818	-1.970278594e-13	-2.82707123e-13	9.379317096
201.0407891	-336.0894068	-0.1797912353	5.451111675e-13	-1.128371969e-12	11.75898956
201.0478887	-386.0091635	-0.4588726757	3.171817617e-13	-5.370403013e-13	12.17294363
201.0563003	286.3634969	-0.2471386251	-3.049012358e-13	-5.784639096e-13	8.612356931
201.0873743	187.9203997	0.3652012399	-5.258493673e-14	2.907435071e-13	9.281739938
201.0936725	-180.3839901	0.361860005	1.009090586e-13	-6.045677943e-13	10.731907
201.1296278	274.9170093	-0.1284885581	4.338813618e-13	1.609543685e-13	8.706424428
201.1517166	205.3030973	0.3075283575	-5.358454944e-14	-9.071348487e-14	9.184623582
201.1627223	-99.66878184	0.472189457	1.812026463e-13	-2.097919401e-13	10.37639053
201.1799667	262.7662598	-0.02068849775	-1.001633592e-14	-1.643653798e-13	8.801034425
201.1931768	221.2593431	0.2403735214	-2.637458011e-13	-4.893126083e-13	9.087981324
201.2073264	249.8396604	0.07653824316	4.273211746e-13	3.804823825e-13	8.896173088
201.2117225	236.0455578	0.1634674963	6.713394074e-14	1.014549015e-12	8.991826625
201.2119827	-301.1983927	-0.01467477324	1.218136834e-13	-2.660111214e-13	11.50073374
201.2288568	34.06885125	0.5240674372	4.544307097e-14	-4.680241555e-14	9.923796628
201.2397263	-224.5853177	0.2576772225	-4.386600439e-14	3.011878561e-14	10.98711614
201.2578728	344.1383251	-1.194986692	5.190152506e-13	6.835879226e-13	8.109749335
201.2787269	-264.3003941	0.1316355505	-2.51152893e-13	8.064349535e-13	11.24341822
201.2995233	-402.3376083	-0.5589049062	4.34697732e-13	-7.062874221e-13	12.32794525
201.377994	-353.3096672	-0.2684087607	8.321250984e-13	-1.429639164e-12	11.91342044
201.4352417	66.57925794	0.5178531338	2.462141176e-13	-3.773216729e-13	9.824107343
201.4621867	335.8922385	-1.006670327	4.00308349e-13	4.673968686e-13	8.200333516
201.4640532	-68.02520561	0.4951687964	-2.721421492e-13	-1.459389393e-13	10.27524156
201.4664912	-155.9188428	0.4042696858	-1.812273288e-13	4.134172531e-13	10.62978652
201.6056673	-319.2112409	-0.09475866844	-1.314429007e-13	1.19906918e-13	11.65473793
201.6190933	96.60053333	0.5037303574	-1.038379342e-13	-2.788158919e-13	9.724813482
201.6436604	327.1937967	-0.8307447088	3.040445349e-13	2.583621098e-13	8.291537235
201.6613585	-203.4328897	0.3118924374	-9.201918926e-14	8.849821024e-13	10.88440538
201.6849512	-370.2107582	-0.360863914	-6.685717922e-15	6.845980069e-14	12.0680432
201.7142363	-434.309427	-0.7689822057	-1.475527433e-13	7.433015964e-14	12.63844911
201.7296435	-283.3534443	0.06079327479	1.136204574e-13	1.091177448e-13	11.39696034
201.7431688	-34.47582536	0.5111824791	2.723821181e-13	-1.077507094e-13	10.17444088
201.7486397	-245.1486481	0.1968500189	2.079745013e-13	-7.926807557e-13	11.1401575
201.7803538	123.6660694	0.481458132	-1.002589701e-12	-1.106440766e-12	9.625927093
201.8022599	318.0130961	-0.666949213	2.261022236e-13	3.578341521e-13	8.383347461
201.8173689	-129.1729203	0.440358011	2.721364681e-13	-1.007868441e-12	10.5279821
201.9189687	147.7650712	0.4507904864	1.314830112e-13	3.956031296e-13	9.527460476
201.9379593	308.3166795	-0.5150184936	-3.072260119e-13	-2.432135451e-13	8.475750925
201.9619007	-386.8246044	-0.4569964566	-5.150526944e-14	-2.280474997e-14	12.22284982
201.9686758	-336.8193421	-0.1790189416	-1.326208842e-13	7.6795312e-13	11.80895095
202	1.425282592e-13	0.5200133061	-1.437642631e-13	4.259565185e-13	10.07399933
202.0348876	169.2037718	0.4114766967	-5.906657361e-14	-1.085370367e-12	9.429426165
202.0507405	298.0667826	-0.3746835789	8.778346328e-14	1.313193694e-13	8.568734179
202.061257	-180.7999594	0.360189454	-1.397954197e-14	4.675285017e-13	10.78199053
202.128064	188.4248638	0.3632615753	-4.710420738e-15	-6.347189513e-13	9.331836921
202.1405927	287.2203259	-0.2456729066	-1.855318039e-13	3.10483011e-13	8.662283645
202.1462308	-99.90084391	0.4699263822	1.38660593e-14	-4.319887435e-13	10.42650368
202.1494461	-301.8635999	-0.01459716563	-1.574211817e-14	4.6057372e-13	11.55072986
202.197029	-225.0970054	0.2565213575	1.085905805e-13	8.453228315e-14	11.03717393
202.1984557	205.8635411	0.3058858093	2.019936748e-13	-1.756928249e-13	9.23470571
202.2075123	275.7274807	-0.1277132936	-3.996956943e-13	-1.036315981e-12	8.756385665
202.2090787	-403.1785238	-0.5566542176	1.90773778e-13	-2.718644934e-13	12.37783271
202.2259925	-264.8936498	0.131066705	3.242480004e-13	-5.31310269e-13	11.29344666
202.2344802	34.15063779	0.5214385931	-3.413986437e-13	4.918301835e-13	9.97392807
202.2460253	221.8731181	0.2390863519	1.952290532e-13	7.223595312e-13	9.138045682
202.2515026	263.5294231	-0.02053083751	-3.194528277e-13	-1.621376504e-13	8.851026542
202.2707403	236.7106251	0.1625968695	-6.267933118e-13	-1.845468902e-12	9.041870157
202.2725733	250.5544234	0.0761482483	3.295194989e-13	6.854692944e-13	8.946192588
202.3012545	-354.068882	-0.2672789186	-3.33265531e-13	6.378404278e-13	11.96336395
202.3814528	345.2542782	-1.187781671	-2.142109198e-13	-2.140825543e-13	8.159389084
202.4267174	-419.2961449	-0.6596926436	2.320906715e-13	-3.798590386e-13	12.53298463
202.4393438	-156.2791915	0.402382331	2.362801193e-13	-7.865795566e-13	10.67988088
202.4465455	66.74148421	0.5152302612	-2.242731355e-14	-4.807913424e-13	9.874238487
202.4530035	-68.18395214	0.4927706955	-3.635818595e-13	1.201580588e-13	10.32536147
202.5383872	-319.9088503	-0.09434098615	5.928825538e-14	-2.617292785e-13	11.70471705
202.579038	336.9661598	-1.000635268	-5.761930976e-13	-7.904276716e-13	8.250031763
202.6036457	-370.9978689	-0.3593708698	3.428759121e-13	-7.280969359e-13	12.11796854
202.6150451	-435.1980772	-0.7659743745	1.04253267e-12	-1.709514207e-12	12.68829872
202.6238145	-203.8983327	0.3104757707	1.075255364e-13	-2.288920889e-13	10.93447621
202.6361353	96.84005481	0.5011549583	-2.437937106e-13	-1.103347421e-13	9.774942252
202.6720429	-283.9829862	0.06054197523	-1.282083398e-13	1.729674629e-13	11.4469729
202.7009479	-245.7019104	0.195983284	-2.199885088e-13	1.383659647e-12	11.19020084
202.7376161	-34.55663965	0.5086813527	3.548979083e-13	7.516100139e-13	10.22456593
202.7538378	328.2251029	-0.8257922638	3.295804876e-14	-1.237910162e-13	8.341289613
202.7955428	-129.4718812	0.4382797401	-6.992641984e-14	6.459974066e-13	10.57808601
202.803192	123.9785332	0.478974217	2.783625279e-13	3.859718771e-13	9.676051289
202.8760879	-387.6383372	-0.4551355145	4.218173343e-13	-7.358888357e-13	12.27275678
202.8967154	-337.5476949	-0.1782533016	7.886646875e-13	-1.97603832e-12	11.85891267
202.9058193	319.0011741	-0.6629942811	-3.724606779e-13	-8.718239545e-13	8.433149714
202.9476617	148.145616	0.44844465	3.335601088e-13	-3.586250374e-14	9.577577767
203	-1.220317695e-13	0.5174432955	-4.432173058e-14	6.384380459e-13	10.12412784
203.0289175	-181.214959	0.3585342519	3.870638072e-13	-8.215256536e-13	10.83207329
203.0349574	309.2608772	-0.5119783843	3.925127125e-13	5.780751131e-13	8.525598919
203.0694941	169.6476674	0.4093181877	-1.238998058e-13	3.241257521e-13	9.479534091
203.0870455	-302.5273345	-0.01452040741	1.556702367e-13	-7.244656243e-13	11.60072602
203.1188158	-404.0177007	-0.5544215528	-1.063100115e-13	1.74690797e-13	12.42772108
203.1297793	-100.132361	0.4676849398	-2.762034308e-13	4.791588891e-13	10.47661575
203.1412346	298.9663981	-0.3724781507	1.252614128e-13	-2.670212828e-13	8.618623908
203.1544293	-225.6075169	0.2553757813	1.942917709e-13	-1.11491474e-13	11.08723121
203.168643	188.9279534	0.3613423603	6.276521649e-14	-2.874949045e-13	9.381932882
203.1733756	-265.4855661	0.1305026983	-1.279666015e-13	-3.765192457e-13	11.34347487
203.2246408	288.0745943	-0.2442246788	-2.270811169e-13	-2.626757031e-13	8.712211234
203.2246752	-354.8264718	-0.2661585839	3.457871816e-13	-8.098398738e-13	12.01330793
203.2400891	34.23222705	0.5188360657	-1.129385279e-13	-8.081708706e-13	10.0240582
203.2450665	206.4224337	0.3042606283	5.277623282e-15	-5.867040437e-14	9.284786969
203.285173	276.5355569	-0.1269475335	1.014000555e-12	1.577984067e-12	8.806347377
203.2987273	222.4851692	0.2378127649	-1.441712946e-13	-2.301505224e-13	9.188109362
203.3228347	264.2903575	-0.02037562578	-1.385681226e-14	-2.116007055e-13	8.901018781
203.3295929	237.3737987	0.1617352921	3.474585149e-13	9.128555107e-13	9.091913235
203.3320601	-420.1596725	-0.6570852229	-4.918965129e-13	9.815271333e-13	12.58285426
203.337636	251.2671246	0.07576197454	-1.525075926e-15	2.710659164e-13	8.996211901
203.4122609	-156.6386982	0.4005125285	-5.020687704e-13	7.755930523e-13	10.72997437
203.4419809	-68.34232587	0.4903957668	1.350672185e-14	-4.725848828e-13	10.37548021
203.4578202	66.90331235	0.5126338939	-4.59125774e-14	1.270278839e-12	9.924368305
203.4712512	-320.6049346	-0.09392702216	-1.696632936e-13	3.217844279e-13	11.75469635
203.504661	346.3667361	-1.180662151	-3.039636682e-13	-3.710119209e-13	8.209033108
203.5160477	-436.0849376	-0.7629898834	-3.179226711e-13	5.071287481e-13	12.73814949
203.5225076	-371.7833164	-0.3578901477	4.55654083e-15	1.019324497e-13	12.16789451
203.5863572	-204.3627	0.3090718952	4.032031942e-14	1.8799246e-13	10.98454641
203.6145687	-284.6111236	0.06029268032	-4.448958283e-13	1.055982778e-12	11.49698537
203.653133	97.07897636	0.4986058192	1.185218432e-13	1.403962269e-13	9.825069709
203.6533635	-246.253915	0.1951241019	1.4153028e-14	-3.934464805e-13	11.24024379
203.6955399	338.0367409	-0.994671643	3.432280674e-14	1.107115786e-15	8.299733582
203.7320772	-34.63726366	0.5062046481	1.412375075e-13	-1.058977335e-12	10.27468977
203.7737689	-129.7701431	0.4362210215	1.494487383e-13	-1.491437354e-13	10.62818895
203.7904494	-388.4503727	-0.4532896634	-7.897370195e-13	1.32705236e-12	12.32266448
203.8249068	-338.2744754	-0.1774942292	7.721362665e-13	-1.541046381e-12	11.90887471
203.8259703	124.2901974	0.4765158432	1.776020264e-13	2.378720448e-13	9.726174208
203.8636881	329.2532264	-0.8208982911	-6.746135521e-13	-6.917157995e-13	8.391044915
203.9762785	148.5251666	0.4461231217	-1.823504834e-13	3.939996914e-13	9.627693844
203.9966536	-181.6289958	0.3568941881	-1.069086876e-13	1.943286259e-13	10.88215529
204	-1.189749958e-13	0.5148986345	-7.371244551e-14	2.67712683e-13	10.17425507
204.0090734	319.9862287	-0.6590859428	2.1880175e-13	1.009696126e-13	8.482954297
204.02478	-303.1896065	-0.0144444846	-2.091024242e-14	1.982796833e-13	11.65072222
204.0287336	-404.8551498	-0.5522066964	-2.146424961e-13	1.878965383e-13	12.47761033
204.1040078	170.090381	0.4071821972	2.392135865e-14	-2.078067412e-12	9.52964089
204.1119266	-226.1168603	0.2542403577	9.014951595e-14	-4.847687827e-13	11.13728798
204.1133677	-100.3633371	0.4654648205	1.83496817e-13	-7.624017206e-13	10.52672676
204.1208756	-266.076152	0.1299434698	3.475902814e-13	-4.129310132e-13	11.39350283
204.1316716	310.2022123	-0.5089740477	7.420423907e-13	7.268151225e-13	8.575448702
204.1482553	-355.5824468	-0.2650476367	-3.572762023e-13	4.336137516e-13	12.06325238
204.2091122	189.42968	0.359443274	3.305250217e-14	3.729860088e-13	9.432027836
204.2314659	299.863313	-0.3702987011	7.560137476e-14	6.738105858e-15	8.668514935
204.2375897	-421.0214451	-0.6544982718	-7.970731694e-13	1.451785274e-12	12.63272491
204.2456839	34.31362045	0.5162594606	1.178085854e-13	2.676549359e-13	10.07418703
204.29155	206.9797881	0.302652542	9.868130793e-15	-3.057861802e-13	9.334867373
204.3084469	288.9263251	-0.2427936273	-3.189698555e-13	-3.811879412e-13	8.762139681
204.351284	223.0955113	0.236552549	-2.003153864e-14	-2.503921522e-13	9.238172373
204.3626118	277.3412592	-0.1261911015	6.624982608e-15	7.093942908e-14	8.856309555
204.3852419	-156.9973689	0.3986600343	-2.243169732e-13	4.647292022e-13	10.780067
204.3882818	238.035095	0.1608826269	2.547695539e-14	1.862116483e-13	9.141955869
204.3939648	265.0490827	-0.02022280664	-3.029759953e-13	-1.13972231e-12	8.95101114
204.402516	251.9777819	0.07537937351	1.232812154e-13	-6.275624422e-13	9.046231031
204.4042584	-321.2995039	-0.09351672646	-9.29446864e-14	-6.912568526e-14	11.80467584
204.4172429	-436.9700188	-0.7600284629	-4.271224877e-13	6.874539438e-13	12.78800142
204.4309853	-68.50032944	0.4880436752	1.075612123e-13	-1.02531635e-13	10.42559782
204.4415359	-372.5671111	-0.3564215957	-1.172532276e-13	2.422062603e-13	12.21782108
204.4690661	67.06474533	0.5100636312	-2.638553923e-14	2.762300606e-13	9.974496818
204.5489861	-204.8259991	0.3076806386	-1.182394585e-13	1.07391675e-12	11.03461597
204.5572202	-285.2378661	0.06004536709	-6.14713128e-14	3.96160079e-13	11.54699773
204.6058858	-246.8046702	0.1942723751	3.406798977e-13	-7.813851392e-13	11.29028638
204.6275005	347.4757303	-1.173626634	6.231705715e-13	8.646357261e-13	8.258681332
204.6700867	97.31730255	0.4960825395	2.438626004e-13	-1.930285389e-13	9.875195873
204.7049839	-389.2607212	-0.4514587206	7.177788741e-13	-1.38563112e-12	12.37257294
204.7265519	-34.71769873	0.5037520083	1.977403669e-14	6.692918217e-13	10.3248124
204.752047	-130.067711	0.4341815802	1.677957252e-13	-1.51277165e-13	10.67829092
204.7532492	-338.9996938	-0.1767416396	-8.626976058e-13	1.82586396e-12	11.95883708
204.8116956	339.1040123	-0.9887782008	5.277643901e-13	4.941619782e-13	8.34943891
204.848689	124.6010683	0.4740826179	-3.169681919e-13	-3.22718336e-13	9.776295869
204.938831	-405.6908814	-0.5500094366	-8.908398634e-13	1.323336671e-12	12.52750047
204.9626486	-303.8504254	-0.01436938349	3.403457173e-13	-1.249490755e-12	11.70071847
204.9644647	-182.0420763	0.3552690561	-3.465121215e-13	9.397757392e-13	10.93223655
204.9732141	330.2781961	-0.8160617654	6.786384073e-13	1.008886232e-12	8.440803088
205	-9.397657391e-14	0.5123789489	-6.58996273e-14	3.517062581e-14	10.22438105
205.0048198	148.9037309	0.4438255253	-1.786305905e-13	-9.975085677e-13	9.677808724
205.0684915	-266.6654167	0.1293889598	-2.189179603e-13	4.800202644e-13	11.44353055
205.0695202	-226.6250438	0.2531149529	-5.277009271e-14	3.725829385e-13	11.18734425
205.0719937	-356.3368173	-0.2639459592	-4.566010034e-13	1.18305466e-12	12.1131973
205.0969956	-100.593776	0.4632657208	-8.343530398e-14	6.767526601e-13	10.57683671
205.1120249	320.9682872	-0.6552233805	5.807415317e-13	9.153091432e-13	8.532761169
205.1384296	170.531922	0.4050683746	6.748600631e-13	1.920565319e-12	9.579746581
205.1433049	-421.8814732	-0.6519315509	6.503887926e-13	-1.14338526e-12	12.68259658
205.2281045	311.1407104	-0.5060048548	9.936223855e-14	1.515405942e-13	8.625300243
205.2494725	189.9300548	0.3575640022	-4.39875541e-13	-2.093314504e-14	9.4821218
205.2512646	34.39481942	0.5137083913	1.028479719e-13	3.17726883e-13	10.12431458
205.3186297	-437.8533314	-0.7570898477	4.261145032e-13	-7.395618411e-13	12.83785449
205.3214368	300.7575514	-0.3681447712	9.809207438e-13	1.560365644e-12	8.718407239
205.3374078	-321.992568	-0.09311004992	-8.042799095e-14	1.324127186e-14	11.8546555
205.3379072	207.5356172	0.3010612835	-1.551896053e-13	3.343736037e-13	9.384946936
205.3582864	-157.3552094	0.396824609	8.942871493e-14	-2.41412868e-13	10.83015877
205.3607295	-373.3492634	-0.3549650641	-1.683656588e-13	1.603926045e-13	12.26774825
205.392013	289.7755407	-0.2413794455	3.543792036e-14	9.19012855e-14	8.812068972
205.4036965	223.7041587	0.2353054968	-3.533104696e-13	-1.34747514e-12	9.288234725
205.4200165	-68.65796547	0.4857140921	4.590872159e-14	-5.345551949e-13	10.4757143
205.4398308	278.1446086	-0.1254438253	-5.055200567e-13	-4.947243972e-13	8.906272191
205.4468082	238.6945301	0.1600387393	2.031655029e-13	6.474037052e-13	9.191998063
205.4648946	265.8056179	-0.02007232583	2.976920717e-13	1.440597178e-12	9.001003616
205.4672149	252.6864132	0.07500039751	-1.808464697e-13	-6.752707788e-13	9.09624998
205.4802832	67.22578606	0.5075190803	1.810952745e-13	-2.387933475e-13	10.02462405
205.4999966	-285.863223	0.05980001291	3.827690113e-13	-5.8884039e-13	11.59701
205.5117006	-205.2882376	0.306301832	1.012719057e-13	-1.007788947e-13	11.08468491
205.5585141	-247.3541848	0.1934280076	-3.707728549e-13	6.346642024e-13	11.3403286
205.6196906	-390.0693933	-0.4496425063	-2.620719712e-13	6.751047606e-13	12.42248213
205.6817415	-339.7233601	-0.1759954497	2.440465658e-13	-2.264714608e-13	12.00879977
205.6869967	97.55503788	0.493584727	2.530163171e-13	-5.097391931e-13	9.925320764
205.7210403	-34.79794621	0.5013230835	5.196504961e-15	-2.077671302e-13	10.37493385
205.7303766	-130.3645897	0.4321611463	-1.088615218e-13	7.061052832e-13	10.72839194
205.7499747	348.5812923	-1.166673657	-1.080268245e-13	-2.147987358e-13	8.308333683
205.8491068	-406.5249062	-0.5478295649	5.358706775e-13	-1.042944036e-12	12.57739148
205.8713486	124.9111519	0.4716741566	-3.034220546e-13	1.119138975e-13	9.826416292
205.9006505	-304.509801	-0.01429509069	-6.300215272e-13	2.226996844e-12	11.75071475
205.9275081	340.1680038	-0.9829537178	2.95214276e-13	4.285207335e-13	8.399147686
205.9323503	-182.4542075	0.3536586528	2.977091046e-13	-8.674332589e-13	10.98231707
205.9958894	-357.0895937	-0.2628534353	1.001779908e-12	-2.305638755e-12	12.16314267
206	4.108413287e-14	0.5098838719	-1.290298014e-13	7.766501182e-15	10.27450581
206.0162227	-267.2533691	0.1288391095	-4.289060947e-13	8.489507287e-13	11.49355804
206.0272094	-227.1320753	0.2519994351	-6.870648676e-13	1.988266467e-12	11.23740003
206.0332862	149.2813166	0.4415514923	7.783787576e-14	5.204653547e-13	9.727922425
206.0492047	-422.7397673	-0.6493848244	-7.58967051e-14	1.842242339e-13	12.73246924
206.0806628	-100.8236814	0.4610873432	-1.427302087e-13	-5.301921612e-13	10.62694563
206.0824187	331.3000405	-0.8112816849	-4.631672094e-13	-2.041037752e-13	8.490564084
206.17276	170.9722999	0.4029763769	-3.051682873e-13	-9.550570292e-13	9.629851181
206.2146764	321.9473766	-0.6514057954	-3.338697674e-14	-1.723165224e-14	8.58257029
206.2202069	-438.7348858	-0.7541737764	-3.945119019e-13	7.062120864e-13	12.88770869
206.2568312	34.47582536	0.5111824791	-2.02518095e-13	-1.803868886e-13	10.17444088
206.2706986	-322.6841367	-0.0927069443	-2.215026015e-13	1.267712315e-13	11.90463535
206.2800875	-374.1297836	-0.3535204057	7.834276863e-14	-2.357018215e-13	12.31767602
206.2897248	190.4290888	0.3557042372	-3.380225477e-13	-8.540228043e-13	9.532214788
206.3242585	312.0763971	-0.5030701914	-1.572903012e-14	-7.2641632e-14	8.67515351
206.3313938	-157.7122256	0.3950060178	-5.364840666e-14	6.790202995e-13	10.8802497
206.3841392	208.0899337	0.2994865913	1.43016662e-13	6.235680396e-14	9.43502567
206.4090742	-68.81523654	0.4834066951	-2.893075267e-13	8.422428338e-13	10.52582967
206.4111496	301.6491371	-0.366015913	-7.942212215e-13	-1.285803488e-12	8.768300796
206.442897	-286.4872034	0.05955659549	2.98014474e-13	-2.288850046e-13	11.64702217
206.4559662	224.3111258	0.234071405	8.030830786e-13	2.030084966e-12	9.33829643
206.4745001	-205.7494228	0.3049353091	1.812508501e-13	-5.214401699e-13	11.13475323
206.4753412	290.6222635	-0.2399818339	2.89017504e-13	-5.051714571e-13	8.861999092
206.491472	67.38643742	0.5049998563	-2.538597775e-14	5.949756046e-13	10.07475001
206.5051737	239.3521199	0.1592034974	-2.981067627e-13	-6.098053886e-13	9.242039825
206.5112477	-247.9024671	0.192590905	6.068073055e-14	1.116311021e-13	11.39037045
206.5168317	278.9456258	-0.1247055372	3.984750071e-13	3.543940197e-13	8.956235277
206.5317342	253.3930357	0.07462499957	5.446693988e-13	1.625628462e-12	9.14626875
206.5345683	-390.8763993	-0.4478408435	5.492582252e-14	-1.162029362e-14	12.47239204
206.5356258	266.5599822	-0.01992413068	-5.292317834e-13	-1.067214712e-12	9.050996207
206.6103829	-340.4454842	-0.1752555776	9.22202264e-14	-3.610801063e-13	12.05876278
206.7038634	97.79218678	0.491111997	-1.764074362e-13	6.08455236e-13	9.9754444
206.7087574	-130.6607843	0.430159455	1.69511635e-13	-4.234108196e-13	10.77849203
206.7155421	-34.87800741	0.4989175303	-6.521428379e-14	1.261812337e-12	10.42505412
206.7595601	-407.3572345	-0.545666876	1.549216561e-13	-2.25685864e-13	12.62728334
206.8387848	-305.1677426	-0.01422159308	-1.68619428e-13	2.816375341e-13	11.80071108
206.8720866	349.6834529	-1.159801789	-1.935054514e-13	-2.674538637e-13	8.357990089
206.8939497	125.2204543	0.4692900826	-2.893070577e-13	-3.801119936e-13	9.876535496
206.9003098	-182.8653958	0.3520627791	-1.307403509e-14	3.265318546e-13	11.03239686
206.9199415	-357.8407858	-0.2617699511	-8.866596057e-13	1.898417375e-12	12.2130885
206.9552881	-423.5963376	-0.6468578605	6.136922755e-13	-9.23658788e-13	12.78234289
206.9640683	-267.8400178	0.1282938612	1.933589428e-13	-1.024801528e-12	11.54358531
206.9849937	-227.6379628	0.2508936753	2.722786058e-13	-1.404007878e-12	11.28745532
207	6.126440652e-14	0.5074130435	-2.380126892e-14	-3.353187748e-13	10.32462935
207.0429802	341.228745	-0.9771969989	4.218650283e-13	6.047298968e-13	8.44885985
207.0616782	149.6579316	0.4393006618	1.085972958e-13	-4.638574738e-13	9.778034967
207.064369	-101.0530571	0.4589293954	1.060043615e-13	8.506168838e-13	10.67705353
207.1219735	-439.6146924	-0.7512799917	1.065214868e-12	-1.716242145e-12	12.937564
207.1913047	332.3187875	-0.8065570712	3.713847879e-14	-8.471089215e-14	8.540327854
207.1996089	-374.9086817	-0.3520874758	3.962999195e-13	-6.017076815e-13	12.36760437
207.2041298	-323.3742197	-0.09230736224	-1.299643557e-13	2.035058482e-13	11.95461537
207.207	171.4115241	0.400905868	7.870958252e-14	6.240024602e-13	9.679954707
207.2623839	34.55663965	0.5086813527	-7.40743257e-14	-5.00438261e-13	10.22456593
207.3045639	-158.0684234	0.39320403	-6.957387664e-14	-9.426097379e-13	10.9303398
207.3170306	322.9235234	-0.6476324073	-4.773046836e-13	-7.604439851e-13	8.63238162
207.3298699	190.9267931	0.3538636773	9.13156805e-14	7.340487697e-13	9.582306816
207.3859207	-287.1098165	0.05931509284	-8.108656397e-13	1.620536607e-12	11.69703425
207.3981584	-68.9721452	0.4811211681	-3.454637623e-14	-7.569705212e-13	10.57594394
207.420136	313.0092974	-0.5001694573	-1.88001751e-13	-3.422764529e-13	8.725008473
207.4302469	208.64275	0.2979282093	-3.555817441e-14	-6.351431769e-13	9.48510359
207.4373839	-206.2095619	0.3035809068	-2.497001098e-13	9.964269163e-13	11.18482095
207.449616	-391.6817493	-0.4460535581	-1.711320625e-13	2.527997798e-13	12.52230268
207.4640859	-248.4495255	0.1917609745	9.173174427e-14	-8.382390146e-14	11.44041195
207.5006063	302.5380936	-0.363911689	1.969440743e-13	4.888458054e-13	8.818195584
207.5026325	67.54670227	0.502505582	-1.083812493e-13	-3.66730918e-13	10.12487472
207.5080941	224.9164266	0.2328500748	3.524179364e-13	-5.879975866e-13	9.388357496
207.5391723	-341.1660761	-0.174521943	-3.373163912e-13	8.926022049e-13	12.1087261
207.5584335	291.4665153	-0.2386005002	1.012635619e-13	1.38344016e-13	8.911930025
207.5633794	240.00788	0.1583767718	4.153224193e-15	-1.942507766e-13	9.292081161
207.5936164	279.7443311	-0.1239760733	-1.717183922e-13	-4.420789123e-13	9.006198804
207.5960755	254.0976668	0.0742531334	4.346146295e-13	8.163406777e-13	9.196287343
207.60616	267.3121944	-0.01977817006	-6.710542472e-13	-8.625549658e-13	9.100988909
207.6701898	-408.1878764	-0.5435211679	-3.595056534e-14	1.061012297e-13	12.67717606
207.6871891	-130.9562993	0.4281762462	-3.915087067e-13	-4.872939969e-14	10.82859119
207.7100573	-34.95788364	0.4965350123	5.003147598e-14	-3.350141992e-13	10.47517325
207.7206872	98.02875365	0.488663973	-2.13673816e-13	3.666138413e-13	10.0255668
207.7770507	-305.8242596	-0.01414887785	-3.454028353e-13	8.970496364e-13	11.85070744
207.844149	-358.5904036	-0.2606953945	-3.31817276e-13	6.62612859e-13	12.26303477
207.8615539	-424.4511946	-0.6443504305	-6.16746742e-13	9.645053644e-13	12.83221752
207.8683428	-183.2756479	0.3504812392	2.995052097e-13	-9.447951242e-13	11.08247594
207.9120277	-268.4253718	0.127753158	6.349706721e-13	-1.732562614e-12	11.59361234
207.9164926	125.5289816	0.4669300268	8.81476769e-14	-1.024276545e-13	9.926653499
207.9428724	-228.142714	0.2497975462	2.763500043e-13	-4.233381262e-13	11.33751012
207.9938395	350.7822424	-1.153009633	2.304072678e-13	3.153577508e-13	8.407650482
208	-2.168340953e-13	0.5049661112	2.264568873e-13	-7.147898567e-13	10.37475169
208.0239283	-440.4927615	-0.74840824	-9.837419096e-14	1.939210589e-13	12.98742041
208.0481139	-101.2819068	0.456791591	5.914658466e-14	-2.111969335e-13	10.72716042
208.0899964	150.0335833	0.4370726803	-2.518105336e-13	-1.717099755e-13	9.828146366
208.1192927	-375.6859679	-0.3506661319	-3.649982638e-13	9.351385523e-13	12.41753331
208.1377006	-324.0628267	-0.09191125718	2.4084369e-13	-5.644688181e-13	12.00459556
208.1581151	342.2862648	-0.9715068763	-8.299042182e-14	2.500381507e-14	8.498575344
208.2411501	171.8496038	0.3988565186	-2.373514911e-14	4.777691934e-13	9.730057174
208.2679228	34.63726366	0.5062046481	-6.968023902e-14	-2.084516002e-13	10.27468977
208.277796	-158.4238082	0.3914184189	1.42207988e-13	-1.110927441e-13	10.98042908
208.2998747	333.3344648	-0.8018869681	5.939152115e-13	4.581211224e-13	8.590094348
208.3290668	-287.7310713	0.05907548329	5.428699807e-14	-3.181901753e-13	11.74704623
208.3648327	-392.4854536	-0.4442804787	-9.735740527e-15	1.028446496e-13	12.57221402
208.3699088	191.4231783	0.3520420274	1.324683144e-13	5.895911297e-14	9.632397899
208.3872687	-69.12869398	0.4788572009	-7.41818549e-14	4.054331169e-13	10.62605714
208.4003516	-206.6686621	0.3022384648	-3.439512886e-14	-4.903482548e-14	11.23488808
208.4170279	-248.9953682	0.1909381249	-6.690570199e-14	5.134978442e-13	11.49045309
208.4190899	323.8967537	-0.6439024538	-1.979684526e-13	-7.922461226e-14	8.682195123
208.468109	-341.8851454	-0.1737944668	1.726453446e-13	-3.57675297e-13	12.15868972
208.4762314	209.1940786	0.2963858868	-1.388079542e-14	-6.014621801e-14	9.535180706
208.513765	67.7065834	0.5000358877	-1.840754226e-13	8.141215515e-13	10.17499821
208.5157394	313.9394358	-0.4973020663	2.302779182e-13	3.47350958e-13	8.774865103
208.5600815	225.520075	0.2316413112	-1.195090933e-13	4.977174052e-13	9.438417934
208.5809949	-409.0168422	-0.5413922417	-3.830559023e-13	5.908344628e-13	12.72706961
208.5898092	303.4244441	-0.3618316717	8.077773176e-14	7.197421392e-14	8.868091584
208.6214268	240.6618257	0.1575584356	2.429734648e-14	8.69942685e-13	9.342122078
208.6412919	292.3083177	-0.2372351589	1.121947651e-13	-3.520741054e-13	8.961861758
208.6602401	254.8003234	0.07388475336	-6.544220424e-13	-1.113794338e-12	9.246305762
208.6656712	-131.2511396	0.426211265	2.079731128e-13	-1.048345551e-12	10.87868944
208.6701867	280.5407444	-0.1232552739	4.010148752e-13	3.089180136e-13	9.056162764
208.676499	268.062273	-0.0196343943	2.549712038e-13	4.168555557e-13	9.15098172
208.7045859	-35.03757619	0.4941751992	1.507190375e-13	2.18851058e-13	10.52529124
208.7154474	-306.4793614	-0.01407693242	1.775934747e-13	-8.516821509e-13	11.90070385
208.7374683	98.26474282	0.4862402856	1.151933796e-13	-1.736033644e-13	10.07568799
208.7680012	-425.3043483	-0.6418623094	7.9519585e-14	-2.761592196e-13	12.88209312
208.7685109	-359.3384571	-0.2596296552	7.390028049e-13	-1.530010618e-12	12.31298148
208.8364487	-183.6849701	0.348913841	-2.567155573e-13	1.517899301e-12	11.13255431
208.8601	-269.0094395	0.127216944	-2.806173601e-13	6.325712201e-13	11.64363915
208.9008448	-228.6463367	0.248710923	-1.091376837e-13	2.760096771e-13	11.38756445
208.9260704	-441.369103	-0.7455582717	2.824729612e-13	-4.995354213e-13	13.03727791
208.9389778	125.8367396	0.4645936274	3.435623909e-15	-1.291020811e-12	9.976770319
209	-1.813676819e-13	0.502542729	-6.745914566e-14	2.75230917e-13	10.42487286
209.0318972	-101.5102341	0.4546736486	3.197374977e-13	-5.269879994e-13	10.77726632
209.0391378	-376.4616521	-0.349256234	9.844250801e-14	-2.556705729e-13	12.46746281
209.0714101	-324.7499669	-0.09151858342	-5.161542681e-13	1.082020939e-12	12.05457593
209.1152365	351.877691	-1.146295824	8.163989317e-15	-4.223583032e-14	8.457314791
209.1182415	150.4082793	0.4348672013	-2.263331703e-13	-2.781869825e-13	9.87825664
209.2510899	-158.7783858	0.3896489624	1.867074614e-14	6.248718363e-14	11.03051755
209.2723345	-288.3509768	0.05883774548	2.868915709e-13	-1.379865009e-12	11.79705811
209.2729156	343.3405919	-0.9658822085	4.880813138e-13	1.035065165e-12	8.54829411
209.2734481	34.71769873	0.5037520083	2.306233275e-13	5.312113653e-13	10.3248124
209.2752112	172.286548	0.3968280061	1.161265858e-14	-9.059194659e-13	9.7801586
209.2802175	-393.287522	-0.4425214366	2.877979914e-13	-7.628217391e-13	12.62212607
209.3634026	-207.1267305	0.3009078256	-5.491875837e-13	8.092931261e-13	11.28495461
209.3700732	-249.5400035	0.1901222665	2.069627406e-13	-1.131649114e-12	11.54049389
209.376405	-69.28488536	0.4766144893	1.920798841e-13	-2.873762903e-13	10.67616928
209.3971919	-342.6027018	-0.1730730713	-5.179632266e-13	1.005217128e-12	12.20865365
209.4081316	334.3470996	-0.7972704411	8.235933091e-14	3.628793348e-14	8.639863522
209.4098422	191.9182551	0.3502389981	3.283789169e-14	-1.786178525e-13	9.68248805
209.4919742	-409.8441419	-0.5392799016	2.094977104e-13	-2.264094576e-13	12.776964
209.5208569	324.8670934	-0.64021519	7.450272994e-13	1.359321984e-12	8.732010759
209.5220938	209.7439315	0.294859378	3.341771935e-13	3.973936026e-13	9.585257031
209.5248697	67.8660836	0.497590411	1.072779151e-13	-5.886798856e-13	10.22512048
209.611071	314.8668367	-0.4944674458	-4.190033383e-13	-1.933505145e-13	8.824723372
209.6119294	226.1220847	0.230444923	-2.014624105e-13	-3.980395087e-13	9.488477754
209.6442033	-131.5453098	0.4242642607	7.64876331e-13	1.084191366e-12	10.92878679
209.653974	-307.133057	-0.01400574452	-1.12504734e-12	1.037515295e-12	11.95070029
209.6746288	-426.1558087	-0.6393932759	3.463694015e-13	-3.286992232e-13	12.93196966
209.6787604	304.3082113	-0.3597754436	-1.706868684e-13	-3.370836057e-13	8.917988772
209.6793171	241.3139723	0.1567483644	2.564802085e-12	-2.794227403e-13	9.392162582
209.6930264	-360.084956	-0.2585726249	-1.846929872e-13	4.206539273e-13	12.36292863
209.6991276	-35.11708632	0.4918377673	-1.948194087e-12	-1.353571874e-13	10.57540811
209.7239184	293.147692	-0.2358855314	8.601245257e-13	1.368329494e-12	9.011794277
209.7242295	255.5010222	0.07351981453	-4.618550254e-13	7.796378388e-13	9.296324009
209.7465445	281.3348857	-0.1225429831	-7.533445449e-14	-7.784326428e-14	9.106127149
209.7466443	268.8102362	-0.01949275517	-9.285768895e-13	-4.033587075e-13	9.200974638
209.7542071	98.50015855	0.483840573	2.752476574e-13	6.945757658e-13	10.12580797
209.804627	-184.093369	0.3473603956	3.288844531e-14	-4.047144564e-13	11.18263198
209.8082845	-269.5922296	0.1266851643	-3.818408981e-13	9.162643998e-13	11.69366574
209.8283985	-442.2437272	-0.7427298408	-1.000555219e-12	1.581903765e-12	13.08713649
209.8589102	-229.1488385	0.2476336831	-6.620579866e-14	4.847720127e-15	11.43761832
209.9591433	-377.2357441	-0.347857644	-2.804376977e-14	-1.083304615e-13	12.51739288
209.9614057	126.1437341	0.4622805299	-2.111522933e-13	4.570717948e-13	10.02688597
210	1.534584773e-13	0.5001425576	-1.00190812e-13	-1.857460355e-13	10.47499287
210.0052574	-325.4356499	-0.09112929605	-4.35204762e-14	2.635062008e-13	12.10455646
210.0157186	-101.7380427	0.4525752923	1.613324232e-13	4.100728096e-13	10.82737124
210.146414	150.7820269	0.4326838853	9.097637476e-14	1.142190278e-13	9.928365806
210.1957692	-394.0879646	-0.440776266	1.484024514e-13	-1.897780788e-13	12.67203881
210.2157231	-288.9695417	0.05860185836	-3.086921312e-13	1.219694532e-12	11.84706991
210.224445	-159.1321618	0.3878954419	1.559599185e-13	-5.752564091e-13	11.08060523
210.2362807	352.969828	-1.139659026	3.082406088e-13	3.205182215e-13	8.506982951
210.2789597	34.79794621	0.5013230835	-5.5855821e-14	-5.092421092e-13	10.37493385
210.3091839	172.7223657	0.3948200146	5.342782668e-13	9.176084873e-13	9.830258999
210.3232209	-250.0834393	0.1893133112	-3.883054974e-13	9.387526116e-13	11.59053433
210.3264202	-343.3187548	-0.1723576801	1.685424904e-13	-3.296670755e-13	12.25861788
210.3265362	-207.5837742	0.2995888346	1.671225928e-13	-9.065608532e-13	11.33502056
210.3655671	-69.44072182	0.4743927345	-2.583479215e-14	1.14896797e-13	10.72628036
210.3873846	344.3917544	-0.96032188	-6.297396035e-13	-9.247467608e-13	8.598016094
210.4031269	-410.6697855	-0.5371839549	5.748708729e-13	-8.324315189e-13	12.8268592
210.449671	192.412034	0.3484543061	2.411627261e-13	1.124244691e-13	9.732577285
210.516078	335.3567186	-0.7927065769	-6.521267104e-14	-3.828828268e-14	8.689635329
210.5359468	68.02520561	0.4951687964	-9.774636298e-15	4.761550856e-13	10.27524156
210.5678349	210.2923208	0.2933484421	3.019467722e-13	3.642601633e-13	9.635332578
210.5814358	-427.0055859	-0.6369431115	5.333626938e-14	-9.674067314e-14	12.98184716
210.5926297	-307.7853555	-0.0139353021	6.27700158e-14	-5.711306514e-13	12.00069677
210.6176944	-360.82991	-0.2575241968	-2.896061879e-13	6.790082909e-13	12.41287621
210.6223341	325.8345678	-0.6365698878	-5.439640443e-13	-1.273260169e-12	8.781828494
210.6227853	-131.8388145	0.4223349875	2.12079254e-13	-1.15645958e-12	10.97888325
210.6636391	226.7224692	0.2292607229	2.036807103e-13	2.279160546e-13	9.538536964
210.6936824	-35.19641529	0.4895223989	-2.6821473e-13	1.673123901e-13	10.62552388
210.7061331	315.791524	-0.491665036	5.532395216e-13	5.780510133e-13	8.874583252
210.7309117	-443.1166439	-0.7399227052	9.681182377e-13	-1.594849457e-12	13.13699614
210.7370516	241.9643349	0.1559464361	2.494060158e-13	-1.955893748e-13	9.442202678
210.7565806	-270.1737504	0.1261577646	4.03421844e-13	-1.080192603e-12	11.74369211
210.7674621	305.1894177	-0.3577425969	-2.239085085e-13	2.265929202e-14	8.96788713
210.7709039	98.73500509	0.4814644805	1.11082426e-13	-3.394167215e-13	10.17592678
210.7728772	-184.5008507	0.3458207178	-9.593170992e-14	-5.261119204e-14	11.23270896
210.7880453	256.1997797	0.07315827261	1.976244157e-13	6.964288314e-13	9.346342086
210.8063149	293.9846592	-0.2345513453	-5.876740673e-13	-4.896813909e-13	9.061727567
210.8165976	269.5561021	-0.01935320581	-1.181240133e-13	-6.405065995e-13	9.25096766
210.8170682	-229.650227	0.2465657058	-1.968058073e-14	4.402312641e-13	11.48767171
210.8226914	282.1267743	-0.1218390488	-3.417577044e-14	-8.798273362e-14	9.156091952
210.8793083	-378.0082538	-0.3464702263	5.028271165e-13	-9.715384807e-13	12.56732351
210.9392417	-326.1198849	-0.09074335096	2.461176147e-13	-6.016762209e-13	12.15453717
210.9837769	126.449971	0.4599903871	6.245879255e-14	1.064633965e-13	10.07700048
210.9995779	-101.9653361	0.450496251	-1.335573638e-13	1.40831137e-13	10.87747519
211	-1.649616902e-14	0.4977652642	4.591777421e-14	-1.980175338e-13	10.52511174
211.111487	-394.886791	-0.4390448033	9.794426482e-13	-8.11973103e-13	12.72195224
211.1592317	-289.5867748	0.05836780116	1.105645536e-13	3.728187794e-13	11.89708161
211.1745144	151.1548336	0.4305223999	3.91179954e-13	-2.49334633e-13	9.97847388
211.197861	-159.4851416	0.3861576431	1.800281537e-13	5.273699278e-13	11.13069212
211.255793	-344.0333138	-0.1716482182	3.144537165e-13	9.640112562e-14	12.30858241
211.2764705	-250.6256837	0.1885111722	6.178252647e-13	-6.069014736e-13	11.64057444
211.2844579	34.87800741	0.4989175303	9.022325973e-14	7.41544883e-13	10.42505412
211.2897519	-208.0398001	0.2982813395	-3.99629922e-14	5.444176103e-13	11.38508593
211.3144519	-411.4937827	-0.5351042117	3.48072606e-13	-6.160767578e-13	12.87675521
211.3430689	173.1570657	0.3928322343	-9.874324739e-14	6.555055582e-13	9.880358388
211.3547549	-69.59620578	0.4721916435	8.379270053e-14	-1.024088421e-12	10.77639042
211.356975	354.0586826	-1.133097933	2.413403002e-14	1.114214177e-13	8.556654897
211.4884211	-427.8536897	-0.6345116016	-4.538088646e-13	7.034271581e-13	13.03172558
211.4893961	192.9045254	0.3466876735	-1.862540037e-14	2.898287602e-13	9.782665616
211.5015249	345.4397802	-0.9548248001	-1.329082391e-14	-2.556145451e-13	8.64774124
211.5314137	-308.436266	-0.01386559339	-2.000120038e-13	8.722907517e-13	12.05069328
211.5425141	-361.5733285	-0.256484266	-2.169829296e-13	6.020485988e-13	12.46282421
211.5469965	68.18395214	0.4927706955	1.324688785e-13	8.602925339e-13	10.32536147
211.6014166	-132.1316583	0.420423204	-7.403280438e-14	-1.931501981e-13	11.02897884
211.6134557	210.8392583	0.2918528431	5.580700336e-14	-3.081605778e-13	9.685407358
211.6237166	336.3633485	-0.7881944828	1.117187226e-13	-1.1348704e-13	8.739409724
211.633609	-443.987863	-0.737136626	1.283219465e-12	-2.17013339e-12	13.18685683
211.6882502	-35.27556436	0.4872287821	-1.302315858e-13	-4.29748527e-13	10.67563856
211.7049874	-270.7540102	0.1256346917	-6.667259398e-13	1.630039362e-12	11.79371827
211.7152115	227.3212417	0.2280885275	-1.77308828e-13	1.488776056e-13	9.588595574
211.723524	326.7992019	-0.6329658357	-3.334665747e-13	-2.005787649e-13	8.831648292
211.7411989	-184.9074216	0.3442946252	-1.541136168e-13	4.595204586e-13	11.28278527
211.775318	-230.1505096	0.2455068725	5.865946912e-13	-2.293717858e-12	11.53772466
211.7875591	98.96928659	0.4791116603	8.356553806e-14	7.362921865e-13	10.22604442
211.7946316	242.6129281	0.1551525309	-3.325872503e-13	1.443856676e-13	9.492242373
211.7996319	-378.7791907	-0.3450938475	-1.51253168e-15	1.68204865e-13	12.61725469
211.800928	316.7135214	-0.48889429	1.307946113e-13	4.410838917e-14	8.924444714
211.8516887	256.8966121	0.07280008399	-3.59891302e-14	-5.566924996e-14	9.396359996
211.8559164	306.0680854	-0.3557327329	2.225034695e-13	-3.53784376e-15	9.017786637
211.8733621	-326.8026811	-0.09036070479	-2.54794887e-14	6.026185044e-14	12.20451804
211.8863604	270.2998882	-0.01921570071	7.034615045e-13	8.619523444e-13	9.300960785
211.8884834	294.81924	-0.2332323347	-9.535867857e-14	1.232891914e-13	9.111661617
211.8986293	282.9164295	-0.1211433225	7.12562834e-14	-4.317240335e-13	9.206057166
211.9834748	-102.1921178	0.4484362588	1.60687029e-14	-5.412877694e-13	10.92757819
212	4.901299651e-14	0.4954105226	-2.410765799e-13	1.679242901e-13	10.57522947
212.0060916	126.7554558	0.4577228583	-1.987977469e-13	4.575920718e-13	10.12711386
212.0273699	-395.6840112	-0.4373268878	1.749055305e-14	1.239137578e-13	12.77186634
212.1028597	-290.2026847	0.05813555343	4.676490661e-13	-1.139579543e-12	11.94709322
212.1713374	-159.8373307	0.3844353554	-1.36413636e-13	6.308175809e-13	11.18077823
212.1853094	-344.7463882	-0.1709446116	4.394157421e-13	-6.701506587e-13	12.35854723
212.2025434	151.5267064	0.4283824188	-2.010511437e-13	-1.33220807e-12	10.02858088
212.2259483	-412.3161433	-0.5330404852	-8.886589051e-13	1.683033426e-12	12.92665202
212.2298213	-251.1667445	0.1877157643	-1.060058577e-13	3.081972094e-13	11.69061421
212.2530493	-208.494815	0.2969851912	2.457217807e-13	-6.708180572e-13	11.43515074
212.2899427	34.95788364	0.4965350123	-1.361062812e-13	-9.238925252e-13	10.47517325
212.3439681	-69.75133965	0.4700109288	1.488468278e-14	9.460064176e-13	10.82649945
212.3768669	173.5906568	0.3908643618	1.944123358e-13	-2.977597625e-13	9.930456782
212.3955836	-428.7001299	-0.6320985344	-4.078464434e-14	1.642910994e-13	13.08160493
212.4674845	-362.3152211	-0.2554527293	-1.318440903e-13	1.864742767e-13	12.51277264
212.4703251	-309.0857973	-0.01379660686	-1.922561205e-13	5.641649312e-13	12.10068983
212.4773224	355.1442836	-1.126611271	6.649397143e-14	1.047154103e-13	8.606330564
212.5290182	193.3957393	0.3449388283	-3.692716202e-13	-1.009875453e-12	9.832753059
212.5364893	-444.8573943	-0.7343713683	-5.223180089e-13	9.403266734e-13	13.23671857
212.5580191	68.34232587	0.4903957668	4.727941929e-14	-4.931739996e-13	10.37548021
212.580097	-132.4238456	0.418528673	-2.769437915e-13	3.269386041e-13	11.07907357
212.6153393	346.4846966	-0.9493899026	-1.094441744e-13	-2.244816473e-13	8.697469495
212.6535043	-271.3330174	0.1251158932	7.219366726e-13	-2.249171315e-12	11.84374421
212.6589572	211.3847557	0.2903723498	5.544303446e-13	4.45121866e-13	9.735481383
212.6828309	-35.35453475	0.4849566113	-8.847869118e-14	2.081333772e-13	10.72575217
212.7095916	-185.3130877	0.342781939	-6.065469189e-14	8.37707276e-13	11.3328609
212.720113	-379.5485644	-0.3437283762	9.470743596e-14	-5.679563426e-13	12.66718642
212.7310499	337.367015	-0.7837332862	-4.470081627e-14	-5.039280434e-14	8.789186664
212.7336591	-230.6496936	0.2444570667	-2.512732659e-13	1.700916136e-12	11.58777715
212.7666479	227.9184155	0.2269281568	-4.331110795e-14	-2.075052734e-13	9.638653592
212.8041729	99.20300718	0.4767817714	-1.012488653e-13	-1.30882741e-12	10.27616091
212.8076178	-327.4840475	-0.08998131495	-8.482688601e-15	-1.754707721e-13	12.25449907
212.8244289	327.7610204	-0.6294023381	-5.121571861e-13	-7.897263343e-13	8.881470117
212.8520583	243.2597664	0.1543665316	1.151486368e-13	4.835355253e-13	9.542281673
212.8954579	317.6328519	-0.486154673	-2.530526882e-13	2.99665367e-14	8.974307734
212.9151613	257.5915355	0.0724452057	-2.765599988e-13	-8.084929961e-13	9.44637774
212.9434169	-396.4796345	-0.4356223611	-1.625223486e-13	2.122731021e-13	12.82178112
212.9441253	306.9442363	-0.353745462	1.735878305e-13	-6.866213116e-14	9.067687273
212.9559343	271.0416122	-0.01908019562	-4.377850077e-13	-5.703474142e-14	9.35095401
212.967409	-102.4183913	0.4463950547	-1.292590869e-15	1.565946742e-12	10.97768025
212.9704257	295.6514547	-0.2319282397	-4.801065504e-13	-4.647485689e-13	9.161596412
212.9743598	283.7038701	-0.1204556593	-1.748664639e-13	1.635501012e-13	9.256022783
213	-1.731109762e-14	0.4930780124	1.361894954e-13	-1.688151914e-12	10.6253461
213.0283505	127.0601942	0.4554776097	-2.462938411e-13	-1.258631747e-12	10.17722612
213.0466063	-290.81728	0.05790509499	-5.015812969e-13	1.009358817e-12	11.99710475
213.1149685	-345.4579873	-0.1702467878	-3.756219369e-13	5.186695834e-13	12.40851234
213.1376149	-413.1368771	-0.5309925913	6.658014647e-13	-1.153449409e-12	12.97654963
213.1448738	-160.1887344	0.3827283718	-2.300660428e-13	-3.925932222e-14	11.23086358
213.1832726	-251.7066295	0.1869270035	1.844318561e-14	4.012624969e-13	11.74065365
213.2164276	-208.9488258	0.2957002426	2.733521157e-13	-2.155733673e-13	11.48521499
213.2305014	151.8976525	0.4262636226	-4.426704425e-14	8.82986688e-13	10.07868682
213.2954141	35.03757619	0.4941751992	2.795545476e-13	6.265397649e-13	10.52529124
213.3029225	-429.5449161	-0.6297037014	3.839537957e-13	-6.422993852e-13	13.13148519
213.3332065	-69.90612582	0.4678503081	-2.8870098e-13	4.41825558e-14	10.87660748
213.3926048	-363.055597	-0.2544294851	2.293577044e-14	-2.014048293e-14	12.56272147
213.4093632	-309.7339581	-0.01372833121	5.477407713e-13	-1.710103629e-12	12.15068642
213.4105785	174.0231476	0.3889160995	2.125643883e-13	3.778086011e-15	9.980554195
213.4395515	-445.7252475	-0.7316267004	-2.877150079e-13	5.412703678e-13	13.28658134
213.5588261	-132.7153811	0.4166511619	-1.914417031e-13	3.056715449e-13	11.12916744
213.5685381	193.885686	0.3432075038	9.257670331e-14	5.385604348e-13	9.882839625
213.5690147	68.50032944	0.4880436752	-9.923019916e-14	-1.238651967e-13	10.42559782
213.5973259	356.2266591	-1.120197791	-5.294746847e-13	-6.471968983e-13	8.65600989
213.6021305	-271.91078	0.1246013174	-2.801529722e-13	4.617929696e-13	11.89376993
213.6407507	-380.3163843	-0.3423736829	1.869166515e-13	-2.173060091e-13	12.71711868
213.6774245	-35.43332767	0.4827055863	1.690712639e-13	-5.291768671e-13	10.77586472
213.6780548	-185.7178553	0.3412824832	1.798718537e-13	-7.004241207e-13	11.38293588
213.6920909	-231.1477864	0.2434161738	4.443953969e-13	-9.843249569e-13	11.63782919
213.7043404	211.9288244	0.2889067355	-1.407133716e-13	-1.050042964e-12	9.785554663
213.7288306	347.5265307	-0.9440161449	2.074650707e-13	4.257183433e-13	8.747200807
213.7420079	-328.1639932	-0.08960513958	-6.214119675e-13	1.202635069e-12	12.30448026
213.8179492	228.5140034	0.2257794343	-4.947043443e-13	-5.550945303e-13	9.688711028
213.8207456	99.43617092	0.4744744796	-5.276031523e-14	-1.151648075e-13	10.32627628
213.8380805	338.3677441	-0.7793221337	-1.673372098e-13	-4.963851853e-13	8.838966107
213.859627	-397.2736706	-0.4339310673	9.370085633e-15	-1.783772565e-13	12.87169655
213.909333	243.9048644	0.1535883228	-2.146895509e-13	5.771172229e-14	9.592320584
213.9250512	328.7200476	-0.6258787149	7.573990935e-13	1.074228108e-12	8.931293936
213.9513803	-102.6441602	0.4443723823	3.047241933e-14	-6.329918985e-13	11.02778138
213.9784643	258.2845656	0.07209359538	2.507961434e-13	7.229599949e-13	9.49639532
213.9897251	318.5495387	-0.4834456624	1.750804375e-13	1.000656875e-14	9.024172283
213.9904706	-291.4305691	0.05767640595	-3.192573296e-14	2.655398489e-13	12.04711618
214	-3.153766991e-13	0.4907674196	-5.792427526e-14	1.865679277e-12	10.67546163
214.0253208	271.7812911	-0.01894664754	6.662514979e-14	-1.767710265e-13	9.400947332
214.0320908	307.8178919	-0.3517804035	-4.095435573e-13	-8.211113418e-13	9.11758902
214.0447695	-346.16812	-0.1695546753	-3.878865321e-13	1.00245555e-12	12.45847773
214.0494509	-413.9559935	-0.5289603489	-5.475742975e-13	9.263391985e-13	13.02644802
214.0498847	284.4891149	-0.1197759176	7.312916641e-13	-1.631579857e-14	9.305988796
214.0505538	127.3641917	0.453254314	-6.923554271e-14	-3.69664379e-13	10.22733728
214.0521436	296.4813234	-0.2306388064	2.559237823e-13	1.398631505e-13	9.21153194
214.1184698	-160.539358	0.3810364891	-3.093427357e-13	1.260518115e-12	11.28094818
214.1368237	-252.2453465	0.1861448074	2.003102631e-13	-5.10756116e-13	11.79069276
214.1798865	-209.4018391	0.2944263494	-1.384828317e-13	2.769409556e-13	11.53527868
214.2104366	-430.3880579	-0.6273268974	7.009740841e-13	-1.236211208e-12	13.18136634
214.2583891	152.2676789	0.424165698	-5.27941451e-14	4.210065718e-14	10.12879172
214.3008724	35.11708632	0.4918377673	2.123707166e-13	-7.215378295e-13	10.57540811
214.317874	-363.7944657	-0.2534144337	-2.659977322e-14	2.90855758e-14	12.61267072
214.32247	-70.06056663	0.4657095043	2.439692893e-14	-7.232488102e-13	10.92671452
214.3427948	-446.5914321	-0.728902394	4.117087395e-14	-8.056621656e-14	13.33644512
214.3485273	-310.3807572	-0.01366075538	-2.454559325e-13	1.122185079e-12	12.20068304
214.4442045	174.4545465	0.386987156	-5.815300109e-14	-3.596839511e-13	10.03065064
214.5376036	-133.006269	0.414790442	1.873686201e-13	-8.86001682e-13	11.17926048
214.5508655	-272.4873062	0.1240909138	2.916863026e-13	-3.303939275e-13	11.94379545
214.5615442	-381.0826599	-0.3410296406	-4.066229204e-14	-1.169720984e-14	12.76705148
214.5799835	68.65796547	0.4857140921	-3.998752562e-14	-4.298937093e-13	10.4757143
214.6079568	194.3743754	0.3414934384	-2.014147881e-13	9.92886128e-14	9.932925328
214.6465879	-186.1217303	0.3397960853	-8.195797237e-14	3.886268682e-13	11.4330102
214.6506127	-231.6447952	0.2423840811	-2.955327922e-13	8.132236083e-13	11.6878808
214.6720307	-35.51194433	0.4804754125	2.056422307e-13	-6.850909175e-14	10.82597623
214.6765316	-328.8425269	-0.08923213754	6.247996538e-13	-1.453374801e-12	12.35446161
214.7169884	357.3058372	-1.113856271	-3.027023691e-14	-1.352059696e-13	8.705692814
214.7496061	212.4714759	0.2874557783	8.1190426e-14	4.383021816e-13	9.835627211
214.7759993	-398.066129	-0.432252853	-9.769023345e-14	1.625791742e-13	12.92161264
214.8372777	99.66878184	0.472189457	1.596370582e-15	-9.692537199e-13	10.37639053
214.8420014	348.565309	-0.9387025077	-3.603296304e-13	-3.113758549e-13	8.796935125
214.8691166	229.1080182	0.2246421872	-1.568977105e-13	4.853852956e-13	9.738767891
214.9344521	-292.0425604	0.05744946672	3.284179056e-13	-9.084858278e-13	12.09712753
214.9353885	-102.8694277	0.4423679899	1.325872359e-13	-4.734354978e-13	11.0778816
214.944811	339.3655609	-0.7749601909	7.975218443e-13	1.119021601e-12	8.88874801
214.9614553	-414.773502	-0.5269435795	3.916978894e-13	-5.965035018e-13	13.07634718
214.9664568	244.5482362	0.1528177914	1.791278573e-13	2.078045954e-13	9.64235911
214.9747114	-346.8767956	-0.1688682038	2.718528021e-13	-1.495860552e-12	12.50844341
