200	3.309303254e-15	0.002493765586	9.180487201e-15	-1.565149658e-12	199.9975062
200.7165181	-12.4082258	-0.001182033097	-1.91239499e-13	5.704331851e-12	211.001182
200.7851929	11.80648137	-0.001305483029	-2.299842268e-13	-6.203711538e-12	191.0013055
201	1.117342235e-14	0.002481389578	-5.453498695e-15	4.254629915e-12	200.9975186
201.6922359	-12.43754882	-0.001176470588	-1.050142677e-13	3.066824651e-12	212.0011765
201.8107084	11.83729511	-0.001298701299	6.019894047e-14	1.642868273e-12	192.0012987
202	-3.049880139e-14	0.002469135802	-6.067139615e-15	-1.030635759e-12	201.9975309
202.6680108	-12.46680288	-0.001170960187	1.320770273e-13	-3.803078147e-12	213.001171
202.8361578	11.86802885	-0.001291989664	-8.238663522e-14	-2.295006922e-12	193.001292
203	1.833483777e-14	0.002457002457	-5.864989106e-15	-8.338944906e-13	202.997543
203.6438424	-12.49598845	-0.001165501165	3.062922713e-15	5.766119145e-14	214.0011655
203.8615415	11.89868321	-0.001285347044	3.548272446e-14	1.225416845e-12	194.0012853
204	1.352059679e-14	0.002444987775	-1.347382698e-14	3.41608915e-12	203.997555
204.6197303	-12.52510601	-0.001160092807	1.615306804e-14	-5.960717101e-13	215.0011601
204.88686	11.92925879	-0.001278772379	3.30634969e-15	6.328876731e-14	195.0012788
205	5.023209582e-14	0.002433090024	8.94356486e-15	-3.500826884e-12	204.9975669
205.595674	-12.55415604	-0.001154734411	2.097935468e-14	-5.143977056e-13	216.0011547
205.9121138	11.95975621	-0.001272264631	2.075795787e-14	6.486151549e-13	196.0012723
206	1.209767613e-14	0.002421307506	-1.826153225e-14	6.258756745e-12	205.9975787
206.5716732	-12.583139	-0.001149425287	-3.920033454e-14	1.113613568e-12	217.0011494
206.9373035	11.99017605	-0.001265822785	-5.3627239e-14	-1.494929105e-12	197.0012658
207	-9.577039917e-15	0.002409638554	-6.431048643e-15	-4.460648088e-12	206.9975904
207.5477275	-12.61205536	-0.00114416476	8.873241071e-14	-2.597981286e-12	218.0011442
207.9624294	12.02051892	-0.001259445844	-2.069482057e-14	-5.508370218e-13	198.0012594
208	-1.847926533e-14	0.002398081535	-1.588894036e-14	-1.846840445e-12	207.9976019
208.5238366	-12.64090557	-0.001138952164	8.858425196e-14	-2.545953551e-12	219.001139
208.9874922	12.05078538	-0.001253132832	1.394706917e-13	4.16944496e-12	199.0012531
209	3.333814967e-15	0.002386634845	4.553037972e-15	-1.912501194e-12	208.9976134
209.5	-12.66969009	-0.001133786848	-1.572344304e-13	4.802741122e-12	220.0011338
210	-6.277287281e-15	0.002375296912	-2.928892282e-15	2.98986e-12	209.9976247
210.0124922	12.08097602	-0.001246882793	-1.137608026e-13	-3.397662235e-12	200.0012469
210.4762174	-12.69840936	-0.001128668172	9.774719044e-14	-2.673439155e-12	221.0011287
211	-2.804176125e-14	0.002364066194	1.102003235e-15	-1.036800564e-12	210.9976359
211.0374299	12.1110914	-0.001240694789	-2.859189951e-15	-9.405309844e-16	201.0012407
211.4524884	-12.72706382	-0.001123595506	-6.884790254e-14	2.075778691e-12	222.0011236
212	1.466527498e-14	0.002352941176	-8.243824704e-15	-2.042455636e-13	211.9976471
212.0623059	12.14113208	-0.001234567901	1.192840674e-13	3.388860316e-12	202.0012346
212.4288127	-12.75565391	-0.001118568233	2.369111739e-14	-7.337720016e-13	223.0011186
213	3.049031971e-15	0.002341920375	-9.97539477e-15	-1.182464808e-14	212.9976581
213.0871205	12.17109861	-0.001228501229	-1.064760556e-13	-3.362848884e-12	203.0012285
213.4051899	-12.78418007	-0.001113585746	-1.151805926e-13	3.596947479e-12	224.0011136
214	-5.414961135e-16	0.002331002331	1.328458325e-14	-7.703682801e-14	213.997669
214.1118742	12.20099154	-0.001222493888	-2.68076441e-14	-6.850940202e-13	204.0012225
214.3816197	-12.81264272	-0.00110864745	7.316629771e-14	-2.219360717e-12	225.0011086
215	2.17276669e-14	0.002320185615	5.214053865e-15	1.05997683e-12	214.9976798
215.1365675	12.23081141	-0.001216545012	1.156693245e-13	2.796762021e-12	205.0012165
215.3581017	-12.84104227	-0.001103752759	6.509681799e-14	-1.873290097e-12	226.0011038
216	1.749917936e-14	0.002309468822	-9.518537896e-15	1.520207593e-12	215.9976905
216.1612007	12.26055876	-0.001210653753	-2.793700481e-13	-7.77687026e-12	206.0012107
216.3346355	-12.86937916	-0.001098901099	-1.575149382e-13	4.758086678e-12	227.0010989
217	-1.371892652e-14	0.002298850575	1.623309723e-15	-2.647227941e-12	216.9977011
217.1857744	12.29023411	-0.001204819277	2.086890126e-13	5.698852666e-12	207.0012048
217.3112208	-12.89765379	-0.001094091904	1.874648273e-13	-5.776326673e-12	228.0010941
218	2.162883304e-14	0.002288329519	6.41532844e-15	-1.479408831e-13	217.9977117
218.2102889	12.31983797	-0.001199040767	3.606783932e-14	1.142329316e-12	208.001199
218.2878574	-12.92586657	-0.001089324619	-8.515204294e-14	2.562896554e-12	229.0010893
219	1.691086763e-16	0.002277904328	-5.322986989e-15	8.389778299e-13	218.9977221
219.2347447	12.34937087	-0.001193317422	-3.027548285e-14	-8.198679946e-13	209.0011933
219.2645447	-12.9540179	-0.001084598698	2.7007438e-14	-8.354695109e-13	230.0010846
220	1.820602166e-14	0.002267573696	-5.321808086e-15	2.346966844e-12	219.9977324
220.2412826	-12.98210819	-0.001079913607	-6.513936047e-14	1.849388021e-12	231.0010799
220.2591423	12.37883331	-0.001187648456	3.273598243e-14	1.010070221e-12	210.0011876
221	2.702216791e-14	0.002257336343	1.310509631e-15	-2.67963806e-12	220.9977427
221.2180707	-13.01013783	-0.001075268817	-2.385847495e-14	9.003661678e-13	232.0010753
221.2834819	12.4082258	-0.001182033097	-7.33581859e-14	-2.298098929e-12	211.001182
222	-8.948937458e-15	0.002247191011	-4.6453742e-15	-2.485559484e-12	221.9977528
222.1949086	-13.03810721	-0.001070663812	4.251660894e-14	-1.194673438e-12	233.0010707
222.3077641	12.43754882	-0.001176470588	6.562108263e-14	1.871347695e-12	212.0011765
223	2.006115867e-15	0.002237136465	1.831287762e-16	-2.42178607e-12	222.9977629
223.1717961	-13.06601672	-0.001066098081	-2.744243369e-14	9.026594519e-13	234.0010661
223.3319892	12.46680288	-0.001170960187	-3.903321565e-14	-9.513422941e-13	213.001171
224	3.539668993e-14	0.002227171492	-1.780775375e-15	8.007714631e-12	223.9977728
224.1487328	-13.09386674	-0.001061571125	2.912981444e-14	-6.995495372e-13	235.0010616
224.3561576	12.49598845	-0.001165501165	-8.008650708e-14	-2.359341784e-12	214.0011655
225	3.794443065e-14	0.0022172949	-1.563341043e-15	-3.284197643e-12	224.9977827
225.1257184	-13.12165765	-0.001057082452	6.688462761e-14	-2.407007367e-12	236.0010571
225.3802697	12.52510601	-0.001160092807	9.322814106e-14	2.604054008e-12	215.0011601
226	1.448534214e-14	0.002207505519	4.539852979e-15	3.296388138e-12	225.9977925
226.1027526	-13.14938983	-0.001052631579	-8.384514992e-14	2.690072454e-12	237.0010526
226.404326	12.55415604	-0.001154734411	-7.795921975e-15	4.660264562e-14	216.0011547
227	-8.844169861e-15	0.002197802198	-1.993318445e-16	-9.467401326e-13	226.9978022
227.0798352	-13.17706364	-0.001048218029	1.643662876e-13	-5.006808566e-12	238.0010482
227.4283268	12.583139	-0.001149425287	-5.354411266e-14	-1.703811839e-12	217.0011494
228	-2.960117122e-14	0.002188183807	-9.698825238e-15	-1.651983758e-12	227.9978118
228.0569657	-13.20467945	-0.001043841336	-1.521519431e-13	4.778154759e-12	239.0010438
228.4522725	12.61205536	-0.00114416476	6.168417576e-14	1.870202653e-12	218.0011442
229	2.322797626e-14	0.002178649237	-5.000749933e-15	-2.173134532e-12	228.9978214
229.0341439	-13.23223763	-0.00103950104	3.33655372e-17	-5.336261193e-14	240.0010395
229.4761634	12.64090557	-0.001138952164	-1.411772959e-14	-3.258109527e-13	219.001139
230	5.086744364e-15	0.002169197397	1.219261845e-14	-2.57783584e-12	229.9978308
230.0113695	-13.25973854	-0.001035196687	2.359491047e-13	-7.439515226e-12	241.0010352
230.5	12.66969009	-0.001133786848	3.740945231e-15	8.353525848e-14	220.0011338
230.9886422	-13.28718252	-0.001030927835	-2.925686882e-13	9.04720175e-12	242.0010309
231	-8.348765183e-15	0.002159827214	-2.915254251e-15	4.22052176e-12	230.9978402
231.5237826	12.69840936	-0.001128668172	-1.171746575e-14	-3.029961722e-13	221.0011287
231.9659618	-13.31456994	-0.001026694045	5.993440914e-14	-2.171133075e-12	243.0010267
232	1.258109645e-14	0.002150537634	2.295491229e-15	-2.179500976e-12	231.9978495
232.5475116	12.72706382	-0.001123595506	3.165638859e-14	1.026633888e-12	222.0011236
232.9433278	-13.34190114	-0.001022494888	2.826681425e-14	-7.966585591e-13	244.0010225
233	-6.973090125e-15	0.002141327623	3.845828994e-15	-3.432437287e-13	232.9978587
233.5711873	12.75565391	-0.001118568233	-5.734785086e-14	-1.670524004e-12	223.0011186
233.9207401	-13.36917646	-0.001018329939	2.14557002e-14	-5.945397187e-13	245.0010183
234	1.861778979e-14	0.002132196162	-6.151489921e-15	1.534610069e-12	233.9978678
234.5948101	12.78418007	-0.001113585746	-2.172131748e-14	-5.847830473e-13	224.0011136
234.8981983	-13.39639625	-0.001014198783	7.312999791e-15	-4.052788776e-13	246.0010142
235	-3.093748088e-14	0.002123142251	1.8110453e-15	1.102858644e-12	234.9978769
235.6183803	12.81264272	-0.00110864745	1.462615446e-13	4.281780609e-12	225.0011086
235.8757023	-13.42356085	-0.00101010101	1.329045796e-14	-4.23801366e-13	247.0010101
236	8.871989501e-17	0.002114164905	-1.051923746e-14	5.730236514e-13	235.9978858
236.6418983	12.84104227	-0.001103752759	-1.669366351e-13	-5.017194363e-12	226.0011038
236.8532516	-13.45067058	-0.001006036217	-1.920571497e-14	6.729842791e-13	248.001006
237	1.754348784e-15	0.002105263158	-2.370141589e-15	-3.762503621e-13	236.9978947
237.6653645	12.86937916	-0.001098901099	8.933578068e-14	2.626761907e-12	227.0010989
237.830846	-13.47772579	-0.001002004008	-5.461846756e-14	1.568636572e-12	249.001002
238	7.403790025e-15	0.002096436059	-5.71328437e-16	-9.207421822e-13	237.9979036
238.6887792	12.89765379	-0.001094091904	1.296276725e-14	1.152354203e-13	228.0010941
238.8084854	-13.50472679	-0.000998003992	1.903431787e-14	-5.404947141e-13	250.000998
239	-2.047624882e-14	0.002087682672	1.285488361e-15	7.795324083e-13	238.9979123
239.7121426	12.92586657	-0.001089324619	-4.300108593e-14	-1.338703547e-12	229.0010893
239.7861693	-13.53167392	-0.0009940357853	-2.810343368e-14	1.086539469e-12	251.000994
240	-6.235012626e-15	0.002079002079	2.812385382e-15	2.334271361e-12	239.997921
240.7354553	12.9540179	-0.001084598698	-8.18757623e-14	-2.482428863e-12	230.0010846
240.7638975	-13.55856749	-0.0009900990099	1.196222443e-14	-4.563585942e-13	252.0009901
241	-2.355872806e-14	0.002070393375	7.806493725e-15	-5.18109634e-13	240.9979296
241.7416698	-13.58540782	-0.0009861932939	-8.883020183e-15	3.095386355e-13	253.0009862
241.7587174	12.98210819	-0.001079913607	9.329051128e-14	3.02708296e-12	231.0010799
242	3.198192129e-15	0.00206185567	5.165625688e-15	-1.084497063e-12	241.9979381
242.7194858	-13.61219523	-0.0009823182711	-2.236634888e-14	9.490097212e-13	254.0009823
242.7819293	13.01013783	-0.001075268817	3.525140589e-16	1.702954213e-13	232.0010753
243	4.018369262e-14	0.00205338809	5.733766135e-16	-2.353864141e-12	242.9979466
243.6973454	-13.63893003	-0.0009784735812	-1.285090793e-16	-1.074757227e-13	255.0009785
243.8050914	13.03810721	-0.001070663812	2.166310504e-14	7.445724329e-13	233.0010707
244	7.592791002e-15	0.002044989775	1.208185467e-16	5.000688108e-12	243.997955
244.6752483	-13.66561252	-0.0009746588694	7.233393456e-14	-2.437262387e-12	256.0009747
244.8282039	13.06601672	-0.001066098081	-3.513292949e-14	-1.086957917e-12	234.0010661
245	1.19376558e-14	0.002036659878	4.591341996e-15	-4.582941133e-12	244.9979633
245.6531943	-13.69224302	-0.0009708737864	-2.830309765e-14	8.996589193e-13	257.0009709
245.8512672	13.09386674	-0.001061571125	4.947421593e-14	1.426684118e-12	235.0010616
246	1.017866251e-14	0.002028397566	-4.93371778e-16	1.962198568e-12	245.9979716
246.631183	-13.71882182	-0.0009671179884	2.299198554e-14	-8.540281104e-13	258.0009671
246.8742816	13.12165765	-0.001057082452	-1.764140216e-13	-5.655047098e-12	236.0010571
247	-1.496774799e-15	0.00202020202	5.748091164e-17	-1.542968405e-14	246.9979798
247.6092143	-13.74534923	-0.0009633911368	-2.492264483e-15	6.680385647e-15	259.0009634
247.8972474	13.14938983	-0.001052631579	1.836346448e-13	5.563376727e-12	237.0010526
248	2.832910857e-15	0.002012072435	-1.397425648e-15	1.401433542e-12	247.9979879
248.5872878	-13.77182554	-0.0009596928983	-2.746218982e-14	8.45567267e-13	260.0009597
248.9201648	13.17706364	-0.001048218029	-6.644516605e-14	-2.133949693e-12	238.0010482
249	4.937582216e-14	0.002004008016	-5.012214594e-15	-1.991682285e-12	248.997996
249.5654034	-13.79825105	-0.0009560229445	2.699073873e-14	-8.52949052e-13	261.000956
249.9430343	13.20467945	-0.001043841336	4.692065423e-14	1.484851788e-12	239.0010438
250	1.834212052e-14	0.001996007984	4.833447189e-15	-1.024816541e-12	249.998004
250.5435608	-13.82462605	-0.0009523809524	-4.918088095e-14	1.525180988e-12	262.0009524
250.9658561	13.23223763	-0.00103950104	-4.298508146e-14	-1.119591046e-12	240.0010395
251	-1.831810187e-14	0.001988071571	5.506440198e-15	2.041955167e-12	250.9980119
251.5217597	-13.85095083	-0.0009487666034	6.278159265e-14	-2.110865345e-12	263.0009488
251.9886305	13.25973854	-0.001035196687	1.877633899e-14	5.365415665e-13	241.0010352
252	2.058931685e-14	0.00198019802	-1.418107706e-14	-2.523690126e-12	251.9980198
252.5	-13.87722566	-0.0009451795841	-1.917610602e-14	6.624206793e-13	264.0009452
253	1.241177768e-14	0.001972386588	6.462852834e-16	3.152302068e-12	252.9980276
253.0113578	13.28718252	-0.001030927835	5.361001817e-14	1.687936242e-12	242.0010309
253.4782814	-13.90345084	-0.0009416195857	-2.023527358e-14	7.638823921e-13	265.0009416
254	-4.347133631e-16	0.001964636542	1.835251341e-15	5.589734765e-13	253.9980354
254.0340382	13.31456994	-0.001026694045	-1.231682334e-13	-3.831085176e-12	243.0010267
254.4566036	-13.92962665	-0.0009380863039	1.306231136e-13	-4.431731387e-12	266.0009381
255	2.683689121e-16	0.001956947162	-7.033703991e-15	-2.934771886e-12	254.9980431
255.0566722	13.34190114	-0.001022494888	5.844213153e-14	2.022171596e-12	244.0010225
255.4349665	-13.95575337	-0.0009345794393	-1.04196359e-13	3.281793378e-12	267.0009346
256	-2.851347231e-14	0.001949317739	-7.261379384e-15	1.928004937e-13	255.9980507
256.0792599	13.36917646	-0.001018329939	1.046062538e-13	3.326545386e-12	245.0010183
256.4133698	-13.98183126	-0.0009310986965	-8.96068247e-14	2.717686431e-12	268.0009311
257	4.576637085e-15	0.001941747573	9.752020703e-15	2.598336809e-12	256.9980583
257.1018017	13.39639625	-0.001014198783	-5.191749145e-14	-1.643786134e-12	246.0010142
257.3918132	-14.0078606	-0.0009276437848	1.128495678e-13	-3.912816186e-12	269.0009276
258	5.5474984e-15	0.001934235977	1.979787293e-15	-1.913158092e-12	257.9980658
258.1242977	13.42356085	-0.00101010101	5.537113125e-14	1.594492553e-12	247.0010101
258.3702967	-14.03384167	-0.0009242144177	-8.78564066e-14	2.91225023e-12	270.0009242
259	5.29058014e-16	0.001926782274	-2.704492324e-16	-7.705737759e-13	258.9980732
259.1467484	13.45067058	-0.001006036217	8.100086285e-14	2.419526832e-12	248.001006
259.3488198	-14.05977472	-0.0009208103131	8.833675647e-14	-2.75802404e-12	271.0009208
260	1.670806935e-14	0.001919385797	1.816955311e-15	-1.288455327e-12	259.9980806
260.169154	13.47772579	-0.001002004008	1.106845307e-13	3.636149852e-12	249.001002
260.3273825	-14.08566003	-0.0009174311927	-5.375464699e-14	1.817135662e-12	272.0009174
261	-4.854586877e-15	0.001912045889	2.93086367e-15	4.834107617e-12	260.998088
261.1915146	13.50472679	-0.000998003992	-4.103789007e-13	-1.290604337e-11	250.000998
261.3059844	-14.11149786	-0.0009140767825	2.549229829e-15	-1.957717028e-13	273.0009141
262	1.016027252e-14	0.001904761905	7.885296733e-15	-8.653392192e-13	261.9980952
262.2138307	13.53167392	-0.0009940357853	1.032805517e-13	2.972542515e-12	251.000994
262.2846255	-14.13728847	-0.0009107468124	9.041592946e-14	-2.728913843e-12	274.0009107
263	-3.338391977e-15	0.001897533207	2.955904744e-16	-1.723981965e-12	262.9981025
263.2361025	13.55856749	-0.0009900990099	7.434912287e-14	2.234007676e-12	252.0009901
263.2633054	-14.16303211	-0.0009074410163	-1.909499208e-14	9.499493835e-13	275.0009074
264	-2.222655814e-16	0.001890359168	1.856977265e-15	3.365476022e-13	263.9981096
264.242024	-14.18872904	-0.000904159132	4.641200979e-14	-1.568812619e-12	276.0009042
264.2583302	13.58540782	-0.0009861932939	5.498785459e-14	1.8637904e-12	253.0009862
265	5.282313051e-14	0.001883239171	-3.529362323e-15	-6.048225326e-12	264.9981168
265.220781	-14.21437952	-0.0009009009009	-7.476121816e-14	2.441553754e-12	277.0009009
265.2805142	13.61219523	-0.0009823182711	-6.167868734e-14	-1.830480376e-12	254.0009823
266	6.956329245e-15	0.001876172608	9.64818136e-16	7.130601888e-12	265.9981238
266.1995763	-14.2399838	-0.0008976660682	3.55104603e-14	-1.06415625e-12	278.0008977
266.3026546	13.63893003	-0.0009784735812	-2.368500163e-14	-1.253068029e-12	255.0009785
267	4.093488038e-15	0.001869158879	1.4781866e-14	7.578326377e-13	266.9981308
267.1784096	-14.26554212	-0.0008944543828	-1.069402355e-13	3.500601973e-12	279.0008945
267.3247517	13.66561252	-0.0009746588694	-1.093920115e-13	-3.524621073e-12	256.0009747
268	6.646600428e-15	0.001862197393	4.989184312e-15	-3.152379904e-12	267.9981378
268.1572807	-14.29105473	-0.0008912655972	-2.984049469e-13	9.801841048e-12	280.0008913
268.3468057	13.69224302	-0.0009708737864	1.832326338e-13	5.899599089e-12	257.0009709
269	3.721741903e-14	0.00185528757	1.293607185e-14	7.85439575e-13	268.9981447
269.1361895	-14.31652187	-0.0008880994671	2.868691216e-13	-9.753677673e-12	281.0008881
269.368817	13.71882182	-0.0009671179884	-8.619913631e-14	-2.645998689e-12	258.0009671
270	-9.06495921e-15	0.001848428835	-1.166875338e-15	-3.630238419e-13	269.9981516
270.1151357	-14.3419438	-0.0008849557522	2.707749837e-14	-7.068988517e-13	282.000885
270.3907857	13.74534923	-0.0009633911368	6.089884954e-15	2.271694701e-13	259.0009634
271	3.254380402e-14	0.001841620626	-3.312304739e-15	-5.567470527e-13	270.9981584
271.0941191	-14.36732074	-0.0008818342152	7.211212221e-14	-2.363420624e-12	283.0008818
271.4127122	13.77182554	-0.0009596928983	-1.157521916e-13	-3.85499726e-12	260.0009597
272	6.303151217e-15	0.001834862385	-1.555554765e-15	9.701459566e-13	271.9981651
272.0731396	-14.39265293	-0.0008787346221	-4.970021127e-14	1.710789988e-12	284.0008787
272.4345966	13.79825105	-0.0009560229445	1.598070465e-13	5.544685783e-12	261.000956
273	4.887386176e-15	0.001828153565	-6.03100524e-15	-3.225494399e-12	272.9981718
273.0521969	-14.41794062	-0.0008756567426	7.171665591e-15	-4.78542466e-13	285.0008757
273.4564392	13.82462605	-0.0009523809524	1.028614956e-13	3.514521731e-12	262.0009524
274	2.0550661e-14	0.001821493625	-1.258891426e-14	3.882251224e-12	273.9981785
274.0312908	-14.44318404	-0.000872600349	-1.090084274e-13	3.838433591e-12	286.0008726
274.4782403	13.85095083	-0.0009487666034	-1.559640722e-13	-5.026044164e-12	263.0009488
275	-2.982661991e-14	0.001814882033	-1.221030952e-14	-9.761546196e-13	274.9981851
275.0104212	-14.46838341	-0.0008695652174	3.320398727e-14	-1.029804403e-12	287.0008696
275.5	13.87722566	-0.0009451795841	-1.92732814e-14	-6.894729349e-13	264.0009452
275.9895879	-14.49353897	-0.0008665511265	9.072185241e-14	-2.921394847e-12	288.0008666
276	1.781751615e-14	0.001808318264	-7.263278224e-15	-4.128689858e-12	275.9981917
276.5217186	13.90345084	-0.0009416195857	6.114922355e-15	2.562625225e-13	265.0009416
276.9687906	-14.51865094	-0.0008635578584	-2.356713281e-14	7.515887632e-13	289.0008636
277	-1.431081819e-14	0.001801801802	9.700966565e-16	3.70173295e-12	276.9981982
277.5433964	13.92962665	-0.0009380863039	-8.714429812e-15	-2.384284951e-13	266.0009381
277.9480292	-14.54371955	-0.0008605851979	-5.392672941e-14	1.824718216e-12	290.0008606
278	-1.198189248e-14	0.001795332136	-7.268743265e-15	3.568357443e-12	277.9982047
278.5650335	13.95575337	-0.0009345794393	3.565859927e-14	1.105066079e-12	267.0009346
278.9273035	-14.56874503	-0.0008576329331	8.0544431e-14	-2.855728148e-12	291.0008576
279	5.814219105e-15	0.001788908766	4.536319069e-15	-1.862735347e-12	278.9982111
279.5866302	13.98183126	-0.0009310986965	-1.749570166e-13	-5.38501609e-12	268.0009311
279.9066134	-14.59372759	-0.0008547008547	-2.259471049e-14	8.748149742e-13	292.0008547
280	-7.942767363e-15	0.001782531194	-5.803998827e-15	-4.68615337e-12	279.9982175
280.6081868	14.0078606	-0.0009276437848	2.482839115e-13	8.150285027e-12	269.0009276
280.8859586	-14.61866746	-0.0008517887564	1.684359653e-14	-4.688902468e-13	293.0008518
281	4.006160917e-15	0.001776198934	-1.13165675e-15	-7.974791065e-13	280.9982238
281.6297033	14.03384167	-0.0009242144177	-1.336888707e-13	-4.387697741e-12	270.0009242
281.8653389	-14.64356486	-0.0008488964346	-2.332166263e-14	6.660583977e-13	294.0008489
282	-1.731042173e-15	0.001769911504	-4.489322923e-16	-9.254956915e-13	281.9982301
282.6511802	14.05977472	-0.0009208103131	-8.552473449e-15	-2.771669058e-13	271.0009208
282.8447542	-14.66841999	-0.0008460236887	2.52685722e-15	-4.740301155e-13	295.000846
283	-5.52277716e-15	0.00176366843	-4.632322175e-15	5.989789382e-12	282.9982363
283.6726175	14.08566003	-0.0009174311927	8.196719727e-14	2.568157807e-12	272.0009174
283.8242043	-14.69323308	-0.0008431703204	-1.629026632e-13	5.851732501e-12	296.0008432
284	8.378634085e-15	0.001757469244	8.845368539e-15	-7.384276676e-13	283.9982425
284.6940156	14.11149786	-0.0009140767825	-8.731887885e-15	-4.002738845e-13	273.0009141
284.8036891	-14.71800434	-0.0008403361345	-1.816319598e-14	6.050290891e-13	297.0008403
285	-1.164608247e-14	0.001751313485	-2.716192827e-15	4.129132624e-12	284.9982487
285.7153745	14.13728847	-0.0009107468124	-1.496411376e-13	-5.091010575e-12	274.0009107
285.7832083	-14.74273397	-0.000837520938	1.585929983e-13	-5.641149909e-12	298.0008375
286	1.762950618e-14	0.001745200698	4.133389505e-15	-3.068484379e-12	285.9982548
286.7366946	14.16303211	-0.0009074410163	1.526145313e-13	4.818766725e-12	275.0009074
286.7627617	-14.7674222	-0.0008347245409	2.930375396e-14	-8.52938463e-13	299.0008347
287	-7.435079517e-16	0.001739130435	-4.208503391e-16	2.533522577e-12	286.9982609
287.7423493	-14.79206922	-0.0008319467554	4.024919298e-14	-1.504853451e-12	300.0008319
287.757976	14.18872904	-0.000904159132	-2.303232663e-14	-8.690115384e-13	276.0009042
288	1.217426141e-14	0.001733102253	1.220379038e-15	-5.698457597e-12	287.9982669
288.7219708	-14.81667524	-0.0008291873964	-7.730246781e-14	2.541300788e-12	301.0008292
288.779219	14.21437952	-0.0009009009009	-3.692935773e-14	-1.369311887e-12	277.0009009
289	2.803137605e-14	0.001727115717	-3.088908149e-15	4.3861906e-12	288.9982729
289.7016261	-14.84124046	-0.000826446281	1.680166493e-13	-5.671037254e-12	302.0008264
289.8004237	14.2399838	-0.0008976660682	1.398870437e-13	4.808271895e-12	278.0008977
290	3.128229917e-15	0.001721170396	2.837463289e-15	-1.998408816e-12	289.9982788
290.681315	-14.86576509	-0.000823723229	-1.40839327e-13	4.670742678e-12	303.0008237
290.8215904	14.26554212	-0.0008944543828	-1.146219762e-13	-4.346460092e-12	279.0008945
291	-3.291259774e-14	0.001715265866	-3.870786642e-15	3.16992617e-12	290.9982847
291.6610373	-14.89024933	-0.0008210180624	1.506109359e-13	-5.21619284e-12	304.000821
291.8427193	14.29105473	-0.0008912655972	-2.792725108e-13	-9.163689023e-12	280.0008913
292	-6.375774846e-15	0.001709401709	-2.123213192e-15	-6.184372499e-13	291.9982906
292.6407929	-14.91469337	-0.0008183306056	-1.849143344e-13	6.302220093e-12	305.0008183
292.8638105	14.31652187	-0.0008880994671	5.800083963e-13	1.939644408e-11	281.0008881
293	8.421304175e-15	0.001703577513	1.572109265e-15	-3.435976063e-12	292.9982964
293.6205816	-14.93909742	-0.0008156606852	1.381861051e-13	-4.825466374e-12	306.0008157
293.8848643	14.3419438	-0.0008849557522	-3.365211983e-13	-1.142508303e-11	282.000885
294	2.180715886e-15	0.001697792869	-9.279245259e-16	3.490475405e-12	293.9983022
294.6004032	-14.96346167	-0.0008130081301	-1.186604025e-13	4.27314563e-12	307.000813
294.9058809	14.36732074	-0.0008818342152	1.566254479e-13	5.440305474e-12	283.0008818
295	-1.711007578e-14	0.001692047377	-4.765380881e-15	6.521180195e-13	294.998308
295.5802577	-14.98778631	-0.0008103727715	5.5762936e-14	-2.088755567e-12	308.0008104
295.9268604	14.39265293	-0.0008787346221	-1.417615486e-13	-4.797466055e-12	284.0008787
296	-3.757679425e-14	0.001686340641	7.717454668e-15	-4.108926225e-12	295.9983137
296.5601447	-15.01207153	-0.0008077544426	-1.118718095e-13	4.279962488e-12	309.0008078
296.9478031	14.41794062	-0.0008756567426	1.52371245e-13	5.238880471e-12	285.0008757
297	1.072504621e-15	0.001680672269	-4.439273162e-16	3.626233953e-12	296.9983193
297.5400642	-15.03631754	-0.0008051529791	5.592906295e-14	-1.836412638e-12	310.0008052
297.9687092	14.44318404	-0.000872600349	1.07817245e-14	3.907714448e-13	286.0008726
298	1.500080598e-14	0.001675041876	4.09854701e-15	-2.606374015e-12	297.998325
298.520016	-15.06052451	-0.0008025682183	-5.221191746e-14	2.029227795e-12	311.0008026
298.9895788	14.46838341	-0.0008695652174	-1.350975964e-13	-4.432641612e-12	287.0008696
299	-4.14811126e-15	0.001669449082	-5.024865265e-16	-1.724719839e-12	298.9983306
299.5	-15.08469263	-0.0008	-2.101610438e-14	7.132155678e-13	312.0008
300	-9.273850253e-15	0.001663893511	-3.70968254e-17	-1.664397705e-12	299.9983361
300.0104121	14.49353897	-0.0008665511265	1.257912282e-13	4.25006327e-12	288.0008666
300.480016	-15.10882209	-0.0007974481659	-2.884724082e-14	9.317707964e-13	313.0007974
301.0312094	14.51865094	-0.0008635578584	-3.920800287e-13	-1.327946745e-11	289.0008636
301.4600638	-15.13291308	-0.0007949125596	1.748613209e-13	-6.457251115e-12	314.0007949
302	-2.509849839e-14	0.001652892562	7.325594361e-15	-3.090842497e-14	301.9983471
302.0519708	14.54371955	-0.0008605851979	5.053939217e-13	1.722648178e-11	290.0008606
302.4401433	-15.15696578	-0.0007923930269	-1.854713726e-13	6.779963592e-12	315.0007924
303	2.862043697e-14	0.001647446458	6.692682732e-16	4.248421343e-12	302.9983526
303.0726965	14.56874503	-0.0008576329331	-9.295017106e-14	-3.28666746e-12	291.0008576
303.4202544	-15.18098037	-0.0007898894155	5.358758521e-14	-2.11988005e-12	316.0007899
304	8.939005679e-15	0.001642036125	8.655660542e-15	-4.678176186e-12	303.998358
304.0933866	14.59372759	-0.0008547008547	-1.004019295e-13	-3.389620899e-12	292.0008547
304.4003968	-15.20495703	-0.0007874015748	-6.050840008e-14	2.479220958e-12	317.0007874
305	2.01917205e-14	0.001636661211	-1.385669515e-14	2.390861491e-12	304.9983633
305.1140414	14.61866746	-0.0008517887564	-1.024091624e-15	-2.326800612e-13	293.0008518
305.3805705	-15.22889595	-0.0007849293564	1.464465085e-13	-5.174281509e-12	318.0007849
306	-1.199047538e-14	0.00163132137	3.709511611e-15	-2.20115432e-12	305.9983687
306.1346611	14.64356486	-0.0008488964346	8.80929237e-15	1.316366061e-13	294.0008489
306.3607753	-15.25279729	-0.0007824726135	-4.79736383e-14	1.585046044e-12	319.0007825
307	-4.221023608e-14	0.00162601626	2.511306984e-15	3.138002713e-12	306.998374
307.1552458	14.66841999	-0.0008460236887	-3.871185248e-14	-1.275965296e-12	295.000846
307.3410111	-15.27666123	-0.0007800312012	7.043314174e-14	-2.558328653e-12	320.00078
308	1.37682322e-14	0.001620745543	-9.535177669e-16	-4.185470526e-12	307.9983793
308.1757957	14.69323308	-0.0008431703204	-6.13222549e-14	-2.010597605e-12	296.0008432
308.3212777	-15.30048796	-0.0007776049767	-3.779985421e-14	1.361560323e-12	321.0007776
309	-5.96355373e-15	0.001615508885	-1.247467258e-15	2.521558289e-12	308.9983845
309.1963109	14.71800434	-0.0008403361345	2.276716222e-14	9.55231609e-13	297.0008403
309.3015749	-15.32427764	-0.0007751937985	5.495891008e-14	-2.007109896e-12	322.0007752
310	8.942418714e-15	0.001610305958	-7.889537454e-15	-1.927715928e-12	309.9983897
310.2167917	14.74273397	-0.000837520938	8.578406125e-14	2.771645665e-12	298.0008375
310.2819027	-15.34803044	-0.0007727975271	-1.01708717e-14	5.578444241e-13	323.0007728
311	4.831424843e-14	0.001605136437	-1.472355263e-15	4.626045734e-12	310.9983949
311.2372383	14.7674222	-0.0008347245409	-6.716614223e-14	-2.179522146e-12	299.0008347
311.2622608	-15.37174654	-0.0007704160247	-1.403886149e-13	4.951596359e-12	324.0007704
312	1.406530927e-14	0.0016	-5.484390048e-16	-6.445580816e-12	311.9984
312.2426492	-15.39542611	-0.0007680491552	2.446494044e-14	-7.923569017e-13	325.000768
312.2576507	14.79206922	-0.0008319467554	3.165465528e-14	8.994414818e-13	300.0008319
313	-3.214398678e-14	0.001594896332	5.437045254e-15	2.909104511e-12	312.9984051
313.2230677	-15.41906931	-0.0007656967841	1.652354636e-13	-5.968052708e-12	326.0007657
313.2780292	14.81667524	-0.0008291873964	-2.995127888e-14	-1.049006906e-12	301.0008292
314	6.582141411e-15	0.001589825119	-6.367425741e-15	2.347973663e-12	313.9984102
314.2035161	-15.44267632	-0.0007633587786	-2.693652912e-14	9.222620606e-13	327.0007634
314.2983739	14.84124046	-0.000826446281	-5.66855899e-14	-1.888414812e-12	302.0008264
315	5.088157001e-15	0.001584786054	3.608819518e-15	-3.692793167e-13	314.9984152
315.1839944	-15.46624729	-0.0007610350076	-1.290846685e-13	4.684177692e-12	328.000761
315.318685	14.86576509	-0.000823723229	4.317091615e-14	1.567509785e-12	303.0008237
316	3.547874864e-14	0.001579778831	-1.193190518e-14	2.171837649e-13	315.9984202
316.1645023	-15.48978239	-0.0007587253414	4.694682674e-14	-1.839565523e-12	329.0007587
316.3389627	14.89024933	-0.0008210180624	-1.282947953e-14	-6.614819723e-13	304.000821
317	9.536337414e-16	0.00157480315	3.474606734e-15	-2.852805611e-12	316.9984252
317.1450399	-15.51328179	-0.000756429652	-3.471570732e-14	1.233712186e-12	330.0007564
317.3592071	14.91469337	-0.0008183306056	9.471899627e-14	3.440316556e-12	305.0008183
318	-9.715918285e-16	0.001569858713	-1.334164362e-16	-1.203731045e-12	317.9984301
318.1256068	-15.53674564	-0.000754147813	9.259535021e-14	-3.526601515e-12	331.0007541
318.3794184	14.93909742	-0.0008156606852	1.398143621e-13	4.684507733e-12	306.0008157
319	-4.471484315e-15	0.001564945227	-2.205670793e-16	2.211088535e-12	318.9984351
319.106203	-15.56017412	-0.0007518796993	-6.799265832e-14	2.524951832e-12	332.0007519
319.3995968	14.96346167	-0.0008130081301	-3.605153059e-13	-1.246262012e-11	307.000813
320	8.978235354e-15	0.001560062402	-1.750803075e-15	-1.632814918e-12	319.9984399
320.0868284	-15.58356737	-0.0007496251874	4.723708483e-14	-1.790286284e-12	333.0007496
320.4197423	14.98778631	-0.0008103727715	2.486390745e-13	8.640194965e-12	308.0008104
321	-1.052747197e-14	0.001555209953	-4.682127998e-15	-2.413021688e-12	320.9984448
321.0674828	-15.60692555	-0.0007473841555	-2.542289079e-13	9.245225548e-12	334.0007474
321.4398553	15.01207153	-0.0008077544426	-1.308586068e-13	-4.637398594e-12	309.0008078
322	-1.516464981e-14	0.001550387597	-1.031164487e-15	-1.114565296e-12	321.9984496
322.0481662	-15.63024883	-0.0007451564829	3.417595876e-13	-1.25928838e-11	335.0007452
322.4599358	15.03631754	-0.0008051529791	2.325650328e-13	8.469449862e-12	310.0008052
323	-9.839888434e-15	0.001545595054	-1.589901717e-15	-2.028897206e-12	322.9984544
323.0288782	-15.65353736	-0.0007429420505	-1.38529666e-13	5.151899078e-12	336.0007429
323.479984	15.06052451	-0.0008025682183	-1.515851589e-13	-5.279304992e-12	311.0008026
324	-1.007256273e-14	0.001540832049	-2.313420321e-15	3.901353195e-12	323.9984592
324.0096189	-15.67679129	-0.0007407407407	-7.207318801e-14	2.723685381e-12	337.0007407
324.5	15.08469263	-0.0008	5.72486634e-14	1.942505552e-12	312.0008
324.9903882	-15.70001078	-0.0007385524372	1.451195714e-13	-5.460299549e-12	338.0007386
325	-2.133928275e-14	0.00153609831	1.979708162e-15	5.119332729e-12	324.9984639
325.519984	15.10882209	-0.0007974481659	-1.731038333e-13	-6.254764384e-12	313.0007974
325.9711858	-15.72319598	-0.000736377025	1.041171926e-13	-3.680866567e-12	339.0007364
326	-1.207962461e-14	0.001531393568	-4.046511534e-15	-3.311945115e-12	325.9984686
326.5399362	15.13291308	-0.0007949125596	7.38893357e-14	2.597194215e-12	314.0007949
326.9520116	-15.74634704	-0.0007342143906	-9.854770258e-14	3.654768887e-12	340.0007342
327	-1.100403112e-14	0.001526717557	-1.873130255e-15	3.133199105e-12	326.9984733
327.5598567	15.15696578	-0.0007923930269	4.508479365e-14	1.464219513e-12	315.0007924
327.9328657	-15.76946412	-0.0007320644217	-1.766310453e-13	6.431086061e-12	341.0007321
328	1.383658691e-14	0.001522070015	2.415570646e-15	-4.49211377e-12	327.9984779
328.5797456	15.18098037	-0.0007898894155	-2.269027318e-14	-7.612684649e-13	316.0007899
328.9137477	-15.79254735	-0.0007299270073	1.291077092e-13	-4.697691095e-12	342.0007299
329	-4.515334728e-14	0.001517450683	-7.392653993e-16	4.687643641e-12	328.9984825
329.5996032	15.20495703	-0.0007874015748	2.11510367e-14	5.475168312e-13	317.0007874
329.8946576	-15.8155969	-0.0007278020378	1.402319891e-13	-5.267342147e-12	343.0007278
330	6.184965594e-15	0.001512859304	6.991533201e-15	-5.961205979e-12	329.9984871
330.6194295	15.22889595	-0.0007849293564	-1.394107787e-13	-5.061551295e-12	318.0007849
330.8755953	-15.8386129	-0.0007256894049	-8.583618787e-14	3.291907997e-12	344.0007257
331	-2.005474164e-14	0.001508295626	1.501199934e-15	-3.470292071e-12	330.9984917
331.6392247	15.25279729	-0.0007824726135	1.138711312e-13	4.18874836e-12	319.0007825
331.8565606	-15.86159551	-0.0007235890015	-1.28052943e-13	4.797781901e-12	345.0007236
332	-5.861263614e-15	0.001503759399	6.281859178e-15	5.535119476e-12	331.9984962
332.6589889	15.27666123	-0.0007800312012	-2.290433793e-14	-9.178464013e-13	320.00078
332.8375534	-15.88454486	-0.0007215007215	1.293233106e-13	-4.780674701e-12	346.0007215
333	1.451322796e-14	0.001499250375	-1.668979808e-15	7.203395466e-13	332.9985007
333.6787223	15.30048796	-0.0007776049767	1.702140388e-13	6.119884936e-12	321.0007776
333.8185737	-15.9074611	-0.0007194244604	-2.341774878e-13	8.617942478e-12	347.0007194
334	1.750179596e-15	0.001494768311	8.897223875e-15	-2.200936149e-12	333.9985052
334.6984251	15.32427764	-0.0007751937984	-1.028685212e-13	-3.796562814e-12	322.0007752
334.7996212	-15.93034438	-0.0007173601148	1.449983445e-13	-5.388631783e-12	348.0007174
335	2.391127598e-14	0.001490312966	4.394034971e-16	-3.340124331e-13	334.9985097
335.7180973	15.34803044	-0.000772797527	-2.471943367e-14	-8.28194898e-13	323.0007728
335.7806959	-15.95319483	-0.0007153075823	5.019342295e-14	-1.942182602e-12	349.0007153
336	2.970978914e-14	0.001485884101	-4.108387095e-16	3.028784996e-12	335.9985141
336.7377392	15.37174654	-0.0007704160247	-6.267355604e-14	-2.24437662e-12	324.0007704
336.7617977	-15.9760126	-0.0007132667618	-5.207306693e-14	1.681667026e-12	350.0007133
337	-9.410653092e-15	0.001481481481	-1.721761686e-15	-2.479665689e-12	336.9985185
337.7429264	-15.99879783	-0.0007112375533	1.565208766e-13	-5.839266349e-12	351.0007112
337.7573508	15.39542611	-0.0007680491551	1.400300331e-13	4.978192275e-12	325.000768
338	7.168468202e-15	0.001477104874	-3.153064414e-15	2.040194349e-12	337.9985229
338.724082	-16.02155066	-0.0007092198582	-3.025318827e-13	1.138211449e-11	352.0007092
338.7769323	15.41906931	-0.0007656967841	-8.044015781e-14	-3.00195693e-12	326.0007657
339	-1.254417443e-14	0.00147275405	2.083777526e-15	2.440911747e-12	338.9985272
339.7052642	-16.04427121	-0.0007072135785	7.772996013e-14	-2.958062753e-12	353.0007072
339.7964839	15.44267632	-0.0007633587786	4.421124657e-14	1.685987793e-12	327.0007634
340	-1.15690493e-14	0.001468428781	-4.33876611e-16	-2.572710621e-12	339.9985316
340.686473	-16.06695964	-0.0007052186178	5.463714132e-14	-1.970502498e-12	354.0007052
340.8160056	15.46624729	-0.0007610350076	-4.399868413e-14	-1.626606158e-12	328.000761
341	1.229370138e-14	0.001464128843	4.688537727e-15	-2.091639353e-12	340.9985359
341.6677084	-16.08961607	-0.0007032348804	-6.270108836e-14	2.47661488e-12	355.0007032
341.8354977	15.48978239	-0.0007587253414	-2.035813542e-14	-7.200057726e-13	329.0007587
342	-4.999222549e-15	0.001459854015	-1.361803007e-15	2.057529815e-12	341.9985401
342.6489701	-16.11224065	-0.0007012622721	2.234828483e-14	-9.316500371e-13	356.0007013
342.8549601	15.51328179	-0.000756429652	4.811339003e-14	1.737420586e-12	330.0007564
343	2.034695971e-14	0.001455604076	-8.654064639e-15	3.983929368e-12	342.9985444
343.630258	-16.1348335	-0.0006993006993	1.891537014e-13	-7.319163134e-12	357.0006993
343.8743932	15.53674564	-0.000754147813	-3.75857409e-14	-1.350906673e-12	331.0007541
344	-2.265890522e-14	0.00145137881	2.059352413e-15	-3.726833643e-12	343.9985486
344.6115722	-16.15739476	-0.0006973500697	-7.235021615e-14	2.645457761e-12	358.0006974
344.893797	15.56017412	-0.0007518796993	6.502354798e-15	2.903771214e-13	332.0007519
345	-6.281171692e-15	0.001447178003	-2.222272573e-15	-4.310443668e-12	344.9985528
345.5929123	-16.17992456	-0.0006954102921	-6.580977205e-14	2.538700934e-12	359.0006954
345.9131716	15.58356737	-0.0007496251874	6.576024282e-14	2.807073998e-12	333.0007496
346	-6.271396421e-15	0.001443001443	3.465090937e-15	5.308847988e-12	345.998557
346.5742784	-16.20242303	-0.000693481276	2.230912958e-14	-7.611031035e-13	360.0006935
346.9325172	15.60692555	-0.0007473841555	-3.018292853e-14	-1.190882154e-12	334.0007474
347	-1.72802867e-14	0.001438848921	1.633734965e-15	-4.988617895e-12	346.9985612
347.5556703	-16.22489031	-0.0006915629322	6.028019729e-16	1.780485173e-13	361.0006916
347.9518338	15.63024883	-0.0007451564829	-1.795018028e-13	-6.761458504e-12	335.0007452
348	-7.29206452e-16	0.00143472023	2.192272021e-15	6.534824863e-12	347.9985653
348.537088	-16.24732651	-0.0006896551724	-7.05027614e-14	2.791341218e-12	362.0006897
348.9711218	15.65353736	-0.0007429420505	2.218184461e-13	7.965321542e-12	336.0007429
349	-1.843650969e-14	0.001430615165	5.133269612e-15	3.849371503e-12	348.9985694
349.5185312	-16.26973178	-0.0006877579092	4.821075702e-14	-1.743614452e-12	363.0006878
349.9903811	15.67679129	-0.0007407407407	-2.536509261e-14	-8.956872154e-13	337.0007407
350	-4.251785046e-14	0.001426533524	-4.955018396e-15	-3.738510968e-12	349.9985735
350.5	-16.29210624	-0.0006858710562	-5.70899591e-14	2.124595686e-12	364.0006859
351	-5.109580608e-15	0.001422475107	4.530049871e-15	-8.625644436e-12	350.9985775
351.0096118	15.70001078	-0.0007385524372	-1.894321722e-13	-6.867827804e-12	338.0007386
351.4814942	-16.31445	-0.000683994528	1.068525551e-13	-4.226378445e-12	365.000684
352	-2.536123499e-14	0.001418439716	1.875234969e-15	7.706137384e-12	351.9985816
352.0288142	15.72319598	-0.000736377025	2.309895191e-13	8.471543159e-12	339.0007364
352.4630136	-16.33676321	-0.0006821282401	-2.628402042e-14	8.534759581e-13	366.0006821
353	2.71990928e-15	0.001414427157	4.787504939e-15	3.875662298e-12	352.9985856
353.0479884	15.74634704	-0.0007342143906	-2.029591759e-13	-7.384242304e-12	340.0007342
353.4445583	-16.35904599	-0.0006802721088	-1.442384227e-13	5.200032111e-12	367.0006803
354	2.890891426e-14	0.001410437236	-3.982854219e-15	-3.165998624e-12	353.9985896
354.0671343	15.76946412	-0.0007320644217	1.438373802e-13	5.276432176e-12	341.0007321
354.426128	-16.38129845	-0.0006784260516	1.462587778e-13	-5.668644793e-12	368.0006784
355	9.67341128e-16	0.001406469761	-5.354668152e-16	-1.971722127e-12	354.9985935
355.0862523	15.79254735	-0.0007299270073	-4.024548181e-14	-1.419249455e-12	342.0007299
355.4077228	-16.40352073	-0.0006765899865	5.577508995e-14	-2.185639245e-12	369.0006766
356	6.601947247e-15	0.001402524544	-2.156960874e-15	-1.508017401e-12	355.9985975
356.1053424	15.8155969	-0.0007278020378	-2.163696575e-14	-8.27948049e-13	343.0007278
356.3893424	-16.42571294	-0.0006747638327	5.461844648e-14	-2.314831666e-12	370.0006748
357	4.379331057e-15	0.001398601399	2.741426002e-15	6.36056222e-12	356.9986014
357.1244047	15.8386129	-0.0007256894049	1.038737091e-13	3.575293511e-12	344.0007257
357.3709868	-16.44787521	-0.0006729475101	-1.429982903e-13	5.386168807e-12	371.0006729
358	6.90383207e-15	0.001394700139	-4.464732918e-15	-5.132221578e-12	357.9986053
358.1434394	15.86159551	-0.0007235890015	-1.480540229e-13	-5.584541451e-12	345.0007236
358.3526559	-16.47000766	-0.0006711409396	1.084428126e-13	-4.119979723e-12	372.0006711
359	-2.745743649e-14	0.001390820584	-6.172432452e-15	-1.05847181e-12	358.9986092
359.1624466	15.88454486	-0.0007215007215	1.421147415e-13	5.409697666e-12	346.0007215
359.3343496	-16.49211041	-0.0006693440428	-1.191374811e-13	4.63115501e-12	373.0006693
360	2.71580644e-14	0.001386962552	-2.333861935e-15	3.822174619e-12	359.998613
360.1814263	15.9074611	-0.0007194244604	-1.883392647e-13	-6.839274622e-12	347.0007194
360.3160678	-16.51418357	-0.0006675567423	-5.2192015e-14	2.264180784e-12	374.0006676
361	1.703554827e-14	0.001383125864	-2.675801803e-15	-3.123784671e-12	360.9986169
361.2003788	15.93034438	-0.0007173601148	-1.374098759e-14	-5.787514643e-13	348.0007174
361.2978104	-16.53622727	-0.0006657789614	1.036759407e-13	-4.022167096e-12	375.0006658
362	-1.291693586e-14	0.001379310345	-5.788223141e-15	3.727049114e-12	361.9986207
362.2193041	15.95319483	-0.0007153075823	1.954950851e-13	7.160580781e-12	349.0007153
362.2795773	-16.55824163	-0.0006640106242	-1.68419833e-13	6.246521428e-12	376.000664
363	-2.919630423e-14	0.001375515818	1.311833004e-15	-1.052238534e-12	362.9986245
363.2382023	15.9760126	-0.0007132667618	-1.313420236e-13	-4.851843074e-12	350.0007133
363.2613683	-16.58022675	-0.0006622516556	1.150263041e-13	-4.702162443e-12	377.0006623
364	-1.485655207e-14	0.001371742112	1.205012737e-14	-1.116668824e-12	363.9986283
364.2431835	-16.60218276	-0.0006605019815	5.167689209e-14	-2.027350596e-12	378.0006605
364.2570736	15.99879783	-0.0007112375533	3.615993309e-14	9.717754426e-13	351.0007112
365	-7.126081616e-15	0.001367989056	1.506769124e-14	-1.163559357e-12	364.998632
365.2250227	-16.62410978	-0.0006587615283	-6.206122802e-14	2.47564827e-12	379.0006588
365.275918	16.02155066	-0.0007092198582	1.492868381e-13	5.83853774e-12	352.0007092
366	-1.697343144e-14	0.00136425648	8.03244021e-15	-1.469335324e-12	365.9986357
366.2068858	-16.64600791	-0.0006570302234	1.112371384e-13	-4.366368934e-12	380.000657
366.2947358	16.04427121	-0.0007072135785	-1.024688356e-13	-3.847673534e-12	353.0007072
367	4.585092561e-15	0.001360544218	-2.886010523e-15	4.561899137e-12	366.9986395
367.1887727	-16.66787727	-0.0006553079948	-6.027821706e-14	2.396514436e-12	381.0006553
367.313527	16.06695964	-0.0007052186178	-2.853875325e-13	-1.069828565e-11	354.0007052
368	-4.108648935e-14	0.001356852103	-9.341203043e-16	-6.052052341e-13	367.9986431
368.1706833	-16.68971797	-0.0006535947712	-9.233712948e-14	3.641560449e-12	382.0006536
368.3322916	16.08961607	-0.0007032348804	3.41921609e-13	1.287329867e-11	355.0007032
369	1.320857582e-14	0.001353179973	6.717189879e-15	1.180720009e-12	368.9986468
369.1526176	-16.71153013	-0.0006518904824	5.252344708e-14	-1.923866918e-12	383.0006519
369.3510299	16.11224065	-0.0007012622721	-7.139865682e-14	-2.713907369e-12	356.0007013
370	4.979595419e-15	0.001349527665	-3.409702688e-15	-3.482950096e-12	369.9986505
370.1345754	-16.73331386	-0.0006501950585	2.520227801e-18	-4.220237212e-15	384.0006502
370.369742	16.1348335	-0.0006993006993	1.974195355e-14	6.708245895e-13	357.0006993
371	2.776064437e-16	0.00134589502	-4.780354744e-15	-5.504222628e-12	370.9986541
371.1165566	-16.75506926	-0.0006485084306	1.047216645e-13	-4.031614486e-12	385.0006485
371.3884278	16.15739476	-0.0006973500697	-1.030813863e-14	-4.224008822e-13	358.0006974
372	-1.883396852e-15	0.001342281879	-3.661606425e-15	7.856227434e-12	371.9986577
372.0985612	-16.77679646	-0.0006468305304	-8.846529252e-14	3.514301518e-12	386.0006468
372.4070877	16.17992456	-0.0006954102921	-5.929016537e-14	-2.341002752e-12	359.0006954
373	-1.023473728e-15	0.001338688086	-1.587450653e-15	-2.774292311e-12	372.9986613
373.0805891	-16.79849555	-0.0006451612903	-2.381090857e-15	1.398662137e-13	387.0006452
373.4257216	16.20242303	-0.000693481276	2.794257283e-13	1.042817483e-11	360.0006935
374	-8.388051405e-16	0.001335113485	-3.605253534e-16	-4.214270944e-12	373.9986649
374.0626401	-16.82016665	-0.0006435006435	-1.689314729e-13	6.635076624e-12	388.0006435
374.4443297	16.22489031	-0.0006915629322	-2.603449398e-13	-9.964767821e-12	361.0006916
375	3.777647706e-15	0.001331557923	-2.138383294e-15	-9.161557965e-13	374.9986684
375.0447143	-16.84180986	-0.0006418485237	2.558574475e-13	-1.020744297e-11	389.0006418
375.462912	16.24732651	-0.0006896551724	-7.394434657e-15	-2.576589378e-13	362.0006897
376	7.945996873e-15	0.001328021248	1.053483401e-14	1.556399269e-12	375.998672
376.0268114	-16.8634253	-0.0006402048655	-8.703230288e-14	3.36013457e-12	390.0006402
376.4814688	16.26973178	-0.0006877579092	1.028726653e-13	4.074969122e-12	363.0006878
377	-3.110916257e-15	0.001324503311	7.050837613e-15	-3.076324623e-12	376.9986755
377.0089314	-16.88501306	-0.0006385696041	-1.136257452e-13	4.426450052e-12	391.0006386
377.5	16.29210624	-0.0006858710562	9.884595757e-14	4.140190091e-12	364.0006859
377.9910743	-16.90657326	-0.0006369426752	8.880308967e-14	-3.322812308e-12	392.0006369
378	2.431209717e-14	0.001321003963	-4.34456641e-15	5.286301245e-12	377.998679
378.5185058	16.31445	-0.000683994528	3.633444292e-14	1.546587508e-12	365.000684
378.9732399	-16.928106	-0.0006353240152	1.140448875e-14	-3.057356986e-13	393.0006353
379	-1.605732606e-14	0.001317523057	1.819287007e-15	3.325474568e-12	378.9986825
379.5369864	16.33676321	-0.0006821282401	-1.907021001e-13	-7.350916845e-12	366.0006821
379.9554281	-16.94961139	-0.0006337135615	3.621841298e-14	-1.389824854e-12	394.0006337
380	4.904383797e-14	0.001314060447	3.964793024e-15	2.068328671e-12	379.9986859
380.5554417	16.35904599	-0.0006802721088	-1.828002913e-13	-7.090558398e-12	367.0006803
380.9376389	-16.97108952	-0.0006321112516	-1.546254637e-13	6.174531022e-12	395.0006321
381	-7.615261377e-15	0.00131061599	-5.189813562e-15	-4.911370549e-12	380.9986894
381.573872	16.38129845	-0.0006784260516	1.693873457e-13	6.572067814e-12	368.0006784
381.9198722	-16.99254051	-0.000630517024	2.400387736e-13	-9.553009649e-12	396.0006305
382	-1.043726693e-14	0.001307189542	-6.385083045e-15	-3.033077346e-12	381.9986928
382.5922772	16.40352073	-0.0006765899865	8.459217655e-14	3.003418363e-12	369.0006766
382.9021278	-17.01396445	-0.0006289308176	-1.389600125e-13	5.480414294e-12	397.0006289
383	1.21955285e-14	0.001303780965	1.537575903e-15	6.231286215e-12	382.9986962
383.6106576	16.42571294	-0.0006747638327	-1.338904371e-13	-5.177965015e-12	370.0006748
383.8844058	-17.03536145	-0.0006273525722	5.485160855e-14	-2.104821146e-12	398.0006274
384	1.872276767e-15	0.001300390117	3.45946e-15	-4.437225877e-12	383.9986996
384.6290132	16.44787521	-0.0006729475101	8.183101224e-14	2.984129472e-12	371.0006729
384.866706	-17.0567316	-0.0006257822278	8.621147456e-14	-3.43045574e-12	399.0006258
385	-1.503266657e-14	0.001297016861	8.255368331e-18	8.503165577e-13	384.998703
385.6473441	16.47000766	-0.0006711409396	-6.237609348e-14	-2.585777255e-12	372.0006711
385.8490283	-17.07807502	-0.0006242197253	-1.471176109e-13	5.772010008e-12	400.0006242
386	-4.417652457e-15	0.001293661061	4.253951306e-15	-3.135228017e-12	385.9987063
386.6656504	16.49211041	-0.0006693440428	4.591550248e-14	1.68589094e-12	373.0006693
386.8313727	-17.09939179	-0.0006226650062	6.68529373e-14	-2.914332855e-12	401.0006227
387	1.121993872e-14	0.001290322581	1.749440922e-15	4.899281652e-12	386.9987097
387.6839322	16.51418357	-0.0006675567423	-4.551958456e-14	-1.660494656e-12	374.0006676
387.813739	-17.12068203	-0.0006211180124	-8.047564267e-14	3.253854926e-12	402.0006211
388	2.52427976e-14	0.001287001287	-1.751181667e-15	-3.177433203e-12	387.998713
388.7021896	16.53622727	-0.0006657789614	1.131757863e-13	4.565765468e-12	375.0006658
388.7961273	-17.14194582	-0.0006195786865	7.470115356e-14	-2.687313425e-12	403.0006196
389	-4.354191284e-15	0.001283697047	1.689884024e-15	8.091666446e-12	388.9987163
389.7204227	16.55824163	-0.0006640106242	-9.480983237e-14	-3.915354326e-12	376.000664
389.7785373	-17.16318326	-0.0006180469716	3.063228828e-14	-1.179375918e-12	404.000618
390	2.682155492e-14	0.001280409731	1.84481547e-15	-1.193615898e-11	389.9987196
390.7386317	16.58022675	-0.0006622516556	-7.023244159e-15	-3.275459344e-13	377.0006623
390.7609691	-17.18439446	-0.0006165228113	-1.986804487e-14	7.868334528e-13	405.0006165
391	5.372110072e-15	0.001277139208	2.15644064e-15	2.824401832e-12	390.9987229
391.7434226	-17.20557952	-0.0006150061501	-4.918257724e-14	1.903287802e-12	406.000615
391.7568165	16.60218276	-0.0006605019815	8.169602052e-14	3.330262027e-12	378.0006605
392	1.825428708e-14	0.00127388535	-3.918554224e-15	4.617579813e-12	391.9987261
392.7258976	-17.22673851	-0.0006134969325	1.64887804e-13	-6.52674829e-12	407.0006135
392.7749773	16.62410978	-0.0006587615283	-6.535198753e-14	-2.310737318e-12	379.0006588
393	-6.753925191e-15	0.00127064803	-1.457802774e-15	-4.187118291e-12	392.9987294
393.7083941	-17.24787156	-0.000611995104	-1.140967157e-13	4.544685323e-12	408.000612
393.7931142	16.64600791	-0.0006570302234	7.863844733e-14	3.098515757e-12	380.000657
394	-1.910771297e-15	0.001267427123	-5.385144134e-15	5.907850712e-12	393.9987326
394.690912	-17.26897873	-0.0006105006105	1.265426546e-13	-5.122866828e-12	409.0006105
394.8112273	16.66787727	-0.0006553079948	-7.847005377e-15	-3.855115178e-13	381.0006553
395	2.02383814e-14	0.001264222503	6.094951328e-15	-4.01217688e-12	394.9987358
395.6734512	-17.29006015	-0.0006090133983	-3.006142139e-13	1.217605211e-11	410.000609
395.8293167	16.68971797	-0.0006535947712	-7.402710588e-14	-3.015528362e-12	382.0006536
396	-2.232780347e-15	0.001261034048	8.644129028e-16	4.82629171e-12	395.998739
396.6560117	-17.31111589	-0.0006075334143	2.089786094e-13	-8.522777462e-12	411.0006075
396.8473824	16.71153013	-0.0006518904824	2.705379613e-14	9.721488149e-13	383.0006519
397	-5.603351591e-14	0.001257861635	-6.102359237e-15	-4.404866108e-12	396.9987421
397.6385934	-17.33214605	-0.0006060606061	-1.347953758e-13	5.230689402e-12	412.0006061
397.8654246	16.73331386	-0.0006501950585	-4.249675255e-14	-1.639270003e-12	384.0006502
398	2.139896289e-15	0.001254705144	-3.607235999e-15	3.187973946e-12	397.9987453
398.6211962	-17.35315072	-0.0006045949214	9.654689675e-14	-4.0741074e-12	413.0006046
398.8834434	16.75506926	-0.0006485084306	3.248069168e-14	1.552598156e-12	385.0006485
399	-2.415066521e-14	0.001251564456	2.608885639e-15	1.493396747e-12	398.9987484
399.60382	-17.37413	-0.0006031363088	-3.016129113e-14	1.25992697e-12	414.0006031
399.9014388	16.77679646	-0.0006468305304	-3.312565182e-14	-1.388982971e-12	386.0006468
400	-2.417121467e-15	0.001248439451	1.095935697e-15	-8.855415758e-12	399.9987516
400.5864647	-17.39508398	-0.0006016847172	1.960698778e-14	-7.550272224e-13	415.0006017
400.9194109	16.79849555	-0.0006451612903	5.762009788e-14	2.291870777e-12	387.0006452
401	-1.062576918e-15	0.001245330012	1.473784075e-15	7.956519545e-12	400.9987547
401.5691303	-17.41601275	-0.000600240096	9.043275983e-14	-3.924531929e-12	416.0006002
401.9373599	16.82016665	-0.0006435006435	-1.134878074e-13	-4.343420149e-12	388.0006435
402	3.845735265e-14	0.001242236025	1.082072923e-16	-2.051943119e-12	401.9987578
402.5518167	-17.4369164	-0.0005988023952	-2.132533564e-13	8.743963621e-12	417.0005988
402.9552857	16.84180986	-0.0006418485237	8.550082563e-14	3.382288494e-12	389.0006418
403	1.80352439e-14	0.001239157373	-2.478708533e-16	-3.122595452e-12	402.9987608
403.5345239	-17.45779501	-0.0005973715651	1.40151534e-13	-5.946330757e-12	418.0005974
403.9731886	16.8634253	-0.0006402048656	5.741162077e-14	2.294843423e-12	390.0006402
404	-8.893268318e-15	0.001236093943	-2.884626117e-15	3.472045506e-12	403.9987639
404.5172516	-17.47864869	-0.0005959475566	-1.679412222e-13	6.883048467e-12	419.0005959
404.9910686	16.88501306	-0.0006385696041	-9.793104486e-14	-4.005839702e-12	391.0006386
