200.159025	11.5802636	0.01894088868	3.820908644e-15	-2.526440788e-13	56.42315975
200.304157	-33.65656094	0.01076427917	-5.357966319e-14	9.534800053e-13	59.56835306
200.3758128	32.34543886	0.01165641691	-1.924375761e-14	-5.094767902e-13	54.9966696
200.3960311	60.3412298	-0.02868410865	4.51621405e-14	3.529751011e-13	52.1510526
200.4556258	48.39111716	-0.003993434395	-5.311529893e-14	-5.119770818e-13	53.57256955
200.6451633	-51.75993996	-0.003491095248	5.67603028e-15	-1.131043691e-13	61.28671174
200.8009762	-11.75337619	0.01838371963	-2.714675986e-14	1.395770754e-12	58.13760465
200.8336621	-66.35837109	-0.02375314864	1.429459684e-13	-1.263760297e-12	63.00678661
201.1657332	11.60929505	0.01884569342	3.299612614e-15	-6.272913655e-13	56.70890123
201.2845692	-33.73681343	0.01071303272	-2.456418621e-14	4.11989237e-13	59.85408199
201.3961949	32.42893787	0.0115963488	4.748628876e-14	1.223921499e-12	55.28240104
201.4448553	60.50723915	-0.02852826435	1.138123814e-14	1.256903733e-13	52.43672236
201.4900402	48.52006086	-0.00397226237	1.369877923e-13	1.249633121e-12	53.85827779
201.6129775	-51.88050929	-0.003474907736	-9.866279737e-15	1.428087237e-13	61.5724214
201.7892217	-66.50936849	-0.0236461749	4.391170633e-14	-4.005555068e-13	63.29247034
201.7943673	-11.78198089	0.01829402971	5.706074656e-15	-1.179275408e-12	58.42334456
202.1724245	11.63825404	0.01875145034	2.226345453e-15	6.252650177e-13	56.99464244
202.265028	-33.81687538	0.01066227185	-1.70971597e-14	1.782242745e-13	60.13981078
202.4165245	32.51222232	0.01153689653	-4.613238858e-14	-1.395696866e-12	55.56813232
202.493547	60.67279447	-0.02837410409	-3.984341383e-15	-6.20104498e-15	52.7223926
202.5243636	48.64866268	-0.003951313878	-6.897831574e-14	-8.815549571e-13	54.14398609
202.5808662	-52.000799	-0.003458869762	-5.725691116e-15	1.443926799e-13	61.85813111
202.7448813	-66.66002395	-0.02354016028	-2.246004391e-14	2.038715904e-13	63.57815433
202.7877744	-11.81051627	0.01820521076	-4.162485835e-15	3.45002739e-13	58.70908423
203.1790991	11.66714112	0.01865814522	3.51311526e-14	1.150077661e-12	57.28038339
203.2455331	-33.89674814	0.01061198969	3.533179812e-14	-8.710886629e-13	60.42553943
203.4368019	32.59529385	0.01147805066	2.340725751e-16	2.494498962e-13	55.85386341
203.5421074	60.83789947	-0.02822160073	-2.36021282e-13	-1.928467951e-12	53.00806331
203.5488288	-52.12081103	-0.003442979261	-9.432203284e-15	4.35666824e-14	62.14384085
203.5585968	48.77692535	-0.003930585394	1.864086572e-14	1.047347261e-13	54.42969445
203.7006402	-66.81033979	-0.02343509192	-1.237678283e-13	1.178574478e-12	63.8638386
203.7811976	-11.83898285	0.01811725015	2.180163926e-14	-6.46044422e-13	58.99482364
204.1857571	11.69595682	0.01856576412	-1.454205427e-14	-6.496111543e-13	57.56612407
204.2260841	-33.97643305	0.0105621795	-4.416442213e-14	8.175837075e-13	60.71126795
204.4570277	32.67815409	0.01141980198	1.656537321e-14	5.154169406e-13	56.13959434
204.5168648	-52.2405473	-0.003427234207	-1.363335752e-15	8.193167108e-14	62.42955064
204.5905375	61.0025578	-0.02807072768	2.107809028e-13	1.636362615e-12	53.29373449
204.5927405	48.90485152	-0.003910073466	-1.536219893e-13	-1.439307251e-12	54.71540288
204.6564977	-66.96031829	-0.02333095721	4.036977398e-15	4.118392394e-14	64.14952313
204.7746366	-11.86738111	0.01803013549	-4.146178877e-14	1.853912277e-12	59.28056282
205.1923986	11.72470167	0.01847429339	2.455898778e-14	2.857488469e-13	57.85186449
205.2066808	-34.05593142	0.01051283466	-3.195728046e-15	4.002615065e-13	60.99699633
205.4772022	32.76080464	0.01136214143	1.06601209e-14	-7.120154224e-14	56.4253251
205.4849737	-52.36000969	-0.00341163261	-1.184244642e-13	1.438538157e-12	62.71526047
205.6124532	-67.10996172	-0.02322774377	6.479750766e-14	-5.197395307e-13	64.43520793
205.6267953	49.03244383	-0.003889774716	1.231968213e-13	1.380718762e-12	55.00111136
205.6388382	61.16677308	-0.02792145897	1.598750877e-14	2.252594245e-13	53.57940613
205.7680914	-11.89571155	0.01794385465	4.394984816e-14	-1.070498517e-12	59.56630176
206.1873228	-34.13524456	0.0104639487	5.887566909e-14	-1.03983856e-12	61.28272459
206.1990238	11.75337619	0.01838371963	-3.228422479e-14	-1.279592007e-12	58.13760465
206.453155	-52.47920008	-0.003396172517	1.306383864e-13	-1.577869973e-12	63.00097034
206.4973257	32.8432471	0.01130506015	-4.220407931e-15	-2.482289669e-13	56.7110557
206.568506	-67.25927232	-0.02312543943	-6.698164817e-14	5.997383193e-13	64.72089298
206.6607621	49.15970489	-0.003869685834	-8.124316379e-14	-6.869817472e-13	55.28681991
206.6870107	61.33054885	-0.02777376913	-1.00707757e-13	-7.35039532e-13	53.86507822
206.7615619	-11.92397465	0.01785839571	2.41715662e-14	-1.143136213e-12	59.85204046
207.1680098	-34.21437377	0.01041551523	-7.770557952e-15	-2.846616925e-13	61.56845271
207.2056327	11.78198089	0.01829402971	1.39435874e-14	6.915233059e-13	58.42334456
207.4214082	-52.59812032	-0.003380852012	1.097355092e-14	5.417623144e-14	63.28668024
207.5173988	32.92548301	0.01124854947	6.187932654e-14	7.488942074e-13	56.99678613
207.5246554	-67.40825228	-0.02302403223	1.335218674e-14	-9.489545826e-14	65.00657829
207.6946413	49.28663725	-0.003849803579	1.747514406e-13	1.72457597e-12	55.57252852
207.735056	61.49388862	-0.02762763325	-1.408387395e-13	-1.153389494e-12	54.15075075
207.7550479	-11.95217089	0.01777374697	-1.538562096e-14	5.31540562e-13	60.13777893
208.1487414	-34.29332031	0.010367528	1.073013312e-14	2.648981132e-13	61.85418071
208.2122256	11.81051627	0.01820521076	-1.510739225e-14	4.715129322e-13	58.70908423
208.3897329	-52.71677224	-0.003365669209	-4.628593819e-14	3.627567293e-13	63.57239019
208.4809009	-67.5569038	-0.02292351041	1.607233329e-13	-1.503349603e-12	65.29226386
208.5374216	33.00751394	0.01119260087	-5.635823039e-14	-1.114340383e-12	57.2825164
208.7284338	49.41324346	-0.003830124777	-1.092982667e-13	-1.441410641e-12	55.85823718
208.7485493	-11.98030073	0.01768989697	-1.928105074e-14	1.939337642e-12	60.42351717
208.7829751	61.65679586	-0.02748302694	1.865265127e-13	1.485298713e-12	54.43642372
209.1295175	-34.37208544	0.01031998088	-9.194994178e-15	1.465633801e-13	62.13990858
209.2188024	11.83898285	0.01811725015	8.099003515e-15	-4.882048565e-13	58.99482364
209.3581286	-52.83515764	-0.003350622261	6.763673304e-14	-8.937486516e-13	63.85810018
209.4372418	-67.70522904	-0.02282386244	-8.91658671e-14	6.356489394e-13	65.57794967
209.5573947	33.0893414	0.011137206	-3.945268883e-14	-7.974729172e-13	57.56824651
209.7420661	-12.00836466	0.01760683445	5.512676794e-14	-3.480692926e-12	60.70925519
209.7621401	49.53952602	-0.003810646319	-7.288581139e-14	-5.497889134e-13	56.1439459
209.8307689	61.81927397	-0.02733992631	1.915620176e-14	2.495630139e-13	54.72209712
210.1103376	-34.45067041	0.01027286784	3.29758548e-14	-7.426315761e-13	62.42563632
210.2253634	11.86738111	0.01803013549	1.483761847e-15	2.151745476e-13	59.28056282
210.3265947	-52.95327832	-0.003335709349	-9.903532642e-14	1.271460822e-12	64.1438102
210.3936775	-67.85323014	-0.02272507697	-2.29241352e-13	1.937188332e-12	65.86363574
210.5773184	33.17096691	0.01108235669	8.650856473e-14	1.233607471e-12	57.85397647
210.735598	-12.03636312	0.01752454838	-2.34909599e-14	1.831732468e-12	60.99499299
210.795761	49.66548739	-0.003791365156	1.095107661e-13	1.20119557e-12	56.42965468
210.8784385	61.98132635	-0.02719830796	-1.819604499e-14	-2.040148621e-13	55.00777095
211.0912014	-34.52907646	0.01022618297	1.102488151e-14	1.922180421e-13	62.71136395
211.2319086	11.89571155	0.01794385465	4.103728948e-16	4.726789913e-13	59.56630176
211.2951308	-53.07113604	-0.003320928691	1.159624221e-13	-1.452815815e-12	64.42952027
211.3502074	-68.00090921	-0.02262714286	3.224509568e-13	-2.737704301e-12	66.14932204
211.597193	33.25239194	0.01102804491	3.870291184e-14	9.230980717e-13	58.13970627
211.7291451	-12.06429658	0.01744302792	7.930529396e-15	7.615919999e-13	61.28073056
211.8292971	49.79113002	-0.003772278304	-3.339772577e-14	-2.894907842e-13	56.71536351
211.9259847	62.1429563	-0.027058149	1.537318746e-14	1.307422141e-13	55.29344519
212.0721087	-34.60730479	0.01017992044	-1.98649309e-14	4.480867286e-13	62.99709145
212.2384381	11.92397465	0.01785839571	-1.631554233e-15	-3.071120365e-13	59.85204046
212.2637365	-53.18873255	-0.003306278532	1.317360835e-13	-1.588224259e-12	64.71523037
212.3068308	-68.14826834	-0.02253004914	-2.946818254e-13	2.592040532e-12	66.43500859
212.617019	33.33361798	0.01097426281	-6.504641073e-14	-1.552128104e-12	58.42543592
212.7227071	-12.09216548	0.01736226242	1.279038091e-14	-3.219746399e-13	61.56646793
212.8627489	49.91645631	-0.003753382839	-8.872147966e-14	-9.205932182e-13	57.0010724
212.9734086	62.30416712	-0.02691942698	-7.502106881e-14	-5.154022224e-13	55.57911984
213.0530592	-34.68535662	0.01013407457	8.363926692e-14	-1.559941251e-12	63.28281884
213.2324113	-53.30606958	-0.003291757152	-1.759380856e-13	2.287168375e-12	65.0009405
213.2449521	11.95217089	0.01777374697	-4.32302942e-14	-1.336195471e-13	60.13777893
213.2635472	-68.29530962	-0.02243378505	1.699622734e-13	-1.449572023e-12	66.72069537
213.6367966	33.41464647	0.01092100268	3.800604046e-14	7.110907881e-13	58.71116543
213.7162841	-12.11997028	0.01728224146	-1.829191659e-14	1.92608838e-13	61.85220507
213.8961173	50.04146865	-0.003734675892	7.300759675e-14	1.035332783e-12	57.28678134
214.0207111	62.46496205	-0.02678211991	-4.506637311e-14	-4.28106324e-13	55.86479489
214.0340526	-34.76323312	0.01008863974	-1.201957696e-13	2.333266821e-12	63.5685461
214.2011547	-53.42314884	-0.003277362858	1.115235012e-13	-1.042669992e-12	65.28665068
214.220356	-68.44203507	-0.02233833999	-2.367085209e-13	1.998389874e-12	67.00638238
214.2514507	11.98030073	0.01768989697	-4.153133377e-14	-2.316817915e-12	60.42351717
214.6565263	33.49547885	0.01086825694	2.450805655e-14	4.279607082e-13	58.99689478
214.7098759	-12.14771141	0.01720295477	-5.176043675e-16	-5.397369015e-13	62.13794201
214.9294027	50.16616937	-0.003716154655	-1.801462868e-14	-1.545546395e-13	57.57249033
215.0150886	-34.84093548	0.01004361045	-9.742469692e-14	1.5731072e-12	63.85427325
215.0678931	62.62534429	-0.02664620627	7.070418311e-14	5.926188813e-13	56.15047034
215.1699663	-53.53997203	-0.003263093989	-6.434340945e-14	9.54363613e-13	65.57236088
215.1772565	-68.58844673	-0.02224370357	6.443113439e-13	-5.692676638e-12	67.29206963
215.2579339	12.00836466	0.01760683445	6.522045843e-14	2.44921837e-12	60.70925519
215.6762083	33.57611654	0.0108160182	-2.512738357e-14	-4.704024809e-13	59.28262399
215.7034823	-12.1753893	0.01712439231	-4.660951504e-14	5.649803382e-13	62.42367875
215.9626058	50.29056081	-0.003697816374	1.414800445e-13	1.506052371e-12	57.85819938
215.9961668	-34.91846487	0.009998981297	1.369435432e-13	-2.762144475e-12	64.14000029
216.1149556	62.78531701	-0.02651166495	-9.436522621e-14	-7.539739095e-13	56.43614619
216.1342483	-68.73454661	-0.02214986554	-3.165121041e-13	2.743263449e-12	67.5777571
216.1388457	-53.65654081	-0.003248948911	-2.096994776e-13	2.418210966e-12	65.85807113
216.264402	12.03636312	0.01752454838	-2.06690671e-14	-5.939197906e-13	60.99499299
216.695843	33.65656094	0.01076427917	-2.088461528e-15	-1.919785326e-13	59.56835306
216.6971033	-12.2030044	0.01704654419	2.066756845e-14	-1.567968999e-12	62.70941527
216.9772871	-34.99582243	0.009954746973	-2.443755422e-14	4.642267529e-13	64.42572722
216.9957272	50.41464525	-0.003679658347	-1.524223115e-13	-1.535587974e-12	58.14390847
217.0913306	-68.88033668	-0.02205681586	1.944978942e-14	-1.915410611e-13	67.8634448
217.1077923	-53.77285684	-0.003234926019	1.717475818e-13	-1.993538155e-12	66.14378141
217.1618994	62.94488331	-0.02637847527	1.728387518e-13	1.354873599e-12	56.72182242
217.2708549	12.06429658	0.01744302792	-2.095026324e-14	-1.881793528e-13	61.28073056
217.6907389	-12.23055711	0.01696940071	-2.652605203e-14	1.256141402e-12	62.9951516
217.7154308	33.73681343	0.01071303272	4.390773454e-14	5.211486791e-13	59.85408199
217.9584492	-35.0730093	0.009910902262	-9.77402247e-14	1.643246147e-12	64.71145403
218.0287675	50.53842495	-0.00366167793	6.128368886e-14	7.628012374e-13	58.42961762
218.048503	-69.02581891	-0.02196454462	-8.084634649e-14	8.156403049e-13	68.14913273
218.0768058	-53.88892176	-0.003221023735	8.249434129e-14	-1.245011724e-12	66.42949172
218.2087254	63.10404628	-0.02624661698	-6.306837994e-15	-5.92751758e-14	57.00749903
218.2772929	12.09216548	0.01736226242	-1.554320795e-15	-4.378829437e-13	61.56646793
218.6843888	-12.25804788	0.01689295235	-1.583870802e-14	-3.311141196e-13	63.28088773
218.734972	33.81687538	0.01066227185	3.083544995e-14	4.333325591e-13	60.13981078
218.9396527	-35.1500266	0.009867442039	1.66194798e-14	-6.965214724e-13	64.99718073
219.0057649	-69.17099524	-0.0218730421	1.965649048e-14	-1.368047901e-13	68.43482087
219.0458858	-54.00473719	-0.00320724051	-2.09842858e-16	3.611309247e-14	66.71520207
219.0617272	50.66190214	-0.003643872526	5.307676405e-15	-1.047899514e-13	58.71532682
219.2554345	63.26280897	-0.02611607019	-6.375053865e-14	-4.893597472e-13	57.29317602
219.2837159	12.11997028	0.01728224146	2.717363798e-14	1.527918271e-12	61.85220507
219.678053	-12.2854771	0.01681718975	-1.299444443e-14	1.288123483e-12	63.56662366
219.7544669	33.89674814	0.01061198969	-7.234401303e-14	-1.007557278e-12	60.42553943
219.9208974	-35.22687545	0.009824361268	-1.061566343e-14	-5.913145514e-14	65.28290733
219.9631158	-69.31586758	-0.02178229873	-4.781036785e-14	4.839734095e-13	68.72050923
220.0150317	-54.12030473	-0.003193574819	3.701834533e-14	-5.836494852e-13	67.00091245
220.0946071	50.78507905	-0.003626239589	1.595091998e-14	-1.012482292e-14	59.00103607
220.2901241	12.14771141	0.01720295477	1.148549458e-14	-3.264289875e-14	62.13794201
220.3020276	63.42117437	-0.02598681546	1.335990706e-13	1.070140987e-12	57.57885338
220.6717314	-12.3128452	0.01674210373	5.927731107e-14	-1.58339152e-12	63.8523594
220.7739159	33.97643305	0.0105621795	5.234187953e-14	1.22349224e-12	60.71126795
220.902183	-35.30355695	0.009781655003	4.868177793e-14	-8.569761835e-13	65.56863381
220.920555	-69.46043785	-0.02169230511	2.910892927e-14	-3.98883633e-13	69.0061978
220.9842433	-54.23562597	-0.003180025165	-2.934492338e-13	3.605449265e-12	67.28662286
221.1274076	50.90795784	-0.003608776626	-3.183147293e-14	-4.074845846e-13	59.28674536
221.2965177	12.1753893	0.01712439231	-1.37733469e-14	-2.453625215e-13	62.42367875
221.3485056	63.57914545	-0.0258588337	-1.207442274e-13	-1.038451271e-12	57.8645311
221.665424	-12.34015257	0.01666768527	5.62688838e-16	-2.641356668e-13	64.13809495
221.7933192	34.05593142	0.01051283466	-5.198529947e-14	-9.558282088e-13	60.99699633
221.878082	-69.60470792	-0.02160305198	2.296417775e-13	-2.051204554e-12	69.29188659
221.8835093	-35.38007219	0.009739318381	-9.336124089e-14	1.742876389e-12	65.85436019
221.95352	-54.35070247	-0.003166590074	3.716670903e-13	-4.671908906e-12	67.57233331
222.1601294	51.03054067	-0.003591481187	-5.788022401e-14	-7.152026384e-13	59.57245471
222.3028967	12.2030044	0.01704654419	2.477675619e-14	1.100746017e-12	62.70941527
222.3948692	63.73672515	-0.02573210619	-1.89883274e-14	-1.266296537e-13	58.15020917
222.6591305	-12.36739963	0.01659392549	-1.36085196e-14	1.307309543e-12	64.42383031
222.8126772	34.13524456	0.0104639487	2.237143369e-14	6.437129748e-13	61.28272459
222.8356963	-69.74867966	-0.02151453025	7.365030105e-14	-6.498007121e-13	69.57757558
222.864876	-35.45642225	0.009697346625	5.05046708e-14	-3.801831879e-13	66.14008647
222.9228615	-54.46553578	-0.0031532681	-2.113415438e-13	2.525297531e-12	67.85804379
223.1927729	51.15282967	-0.003574350871	-2.107668756e-14	-2.479802798e-13	59.8581641
223.3092611	12.23055711	0.01696940071	-1.591087036e-14	-1.381267584e-12	62.9951516
223.4411194	63.89391636	-0.02560661459	2.019677107e-15	1.7035713e-13	58.4358876
223.6528509	-12.39458677	0.0165208157	2.876718086e-14	-9.124745628e-13	64.70956548
223.7933974	-69.8923549	-0.02142673095	-2.505001919e-13	2.17514022e-12	69.86326478
223.8319902	34.21437377	0.01041551523	-3.875851213e-14	-7.256703514e-13	61.56845271
223.8462828	-35.53260819	0.009655735038	7.718191166e-14	-1.15539834e-12	66.42581265
223.8922673	-54.58012745	-0.003140057818	-1.02398459e-13	1.288674805e-12	68.1437543
224.2253388	51.27482694	-0.003557383324	7.043514342e-14	8.754800008e-13	60.14387354
224.3156112	12.25804788	0.01689295235	4.869056926e-15	-5.75827783e-13	63.28088773
224.487257	64.05072193	-0.02548234091	-1.559180843e-14	-1.065632983e-13	58.72156638
224.6465852	-12.42171439	0.01644834734	1.126004934e-14	-4.206313569e-14	64.99530047
224.7511847	-70.03573547	-0.02133964529	-7.019189022e-14	6.408643622e-13	70.14895418
224.8277295	-35.60863106	0.009614479004	2.701196079e-14	-6.724244721e-13	66.71153872
224.8512586	34.29332031	0.010367528	-2.606802898e-14	-4.357579543e-13	61.85418071
224.8617371	-54.69447899	-0.003126957829	6.541945737e-14	-1.214840035e-12	68.42946485
225.2578275	51.39653456	-0.003540576233	1.058224181e-15	-1.612310525e-13	60.42958302
225.321947	12.2854771	0.01681718975	-1.602154421e-14	-1.065864391e-13	63.56662366
225.5332827	64.20714469	-0.0253592675	-4.492799691e-14	-3.636663624e-13	59.0072455
225.6403332	-12.44878286	0.016376512	-1.885774549e-14	3.187015157e-13	65.28103528
225.7090577	-70.17882318	-0.0212532646	1.35099539e-14	-1.45352338e-13	70.43464379
225.8092158	-35.68449191	0.009573573987	-7.25791288e-14	1.556337091e-12	66.99726469
225.8312705	-54.80859191	-0.003113966757	-3.582633458e-14	5.118370434e-13	68.71517542
225.8704825	34.37208544	0.01031998088	7.313743352e-15	5.461132579e-15	62.13990858
226.2902398	51.51795459	-0.003523927334	-4.15719775e-14	-2.658345571e-13	60.71529255
226.3282686	12.3128452	0.01674210373	2.290251258e-14	8.880669772e-13	63.8523594
226.5791974	64.36318743	-0.02523737707	4.90624621e-14	4.503420119e-13	59.29292496
226.6340949	-12.47579259	0.01630530143	2.687764616e-15	-2.501433078e-13	65.56676991
226.6670158	-70.32161981	-0.02116758035	7.792053469e-14	-6.711371701e-13	70.72033359
226.7907415	-35.76019177	0.009533015526	-3.293862652e-14	1.439246617e-12	67.28299057
226.800867	-54.92246768	-0.003101083248	3.530795508e-14	-6.097266245e-13	69.00088602
226.8896624	34.45067041	0.01027286784	5.247330038e-14	9.076150697e-13	62.42563632
227.322576	51.63908906	-0.003507434399	-1.058512108e-13	-1.065379594e-12	61.00100212
227.334576	12.34015257	0.01666768527	-8.705759872e-15	-3.646458061e-13	64.13809495
227.6250019	64.5188529	-0.02511665264	-1.200014637e-13	-9.188229943e-13	59.57860476
227.6250586	-70.46412714	-0.02108258415	1.03742734e-13	-8.812735684e-13	71.0060236
227.6278701	-12.50274395	0.0162347075	-3.369548972e-14	7.51160743e-13	65.85250437
227.7705262	-55.0361078	-0.003088305971	7.298346332e-15	-6.125070559e-14	69.28659666
227.7723063	-35.83573167	0.009492799235	9.088671661e-14	-1.503419585e-12	67.56871634
227.9087986	34.52907646	0.01022618297	1.737093609e-15	-1.696833606e-13	62.71136395
228.3408695	12.36739963	0.01659392549	1.358025496e-14	1.115310876e-12	64.42383031
228.3548367	51.75993996	-0.003491095248	7.065894183e-14	7.847036503e-13	61.28671174
228.5831856	-70.6063469	-0.02099826775	-3.168334819e-13	2.755243801e-12	71.29171379
228.6216588	-12.52963731	0.01616472225	-2.067585129e-14	-9.762169724e-13	66.13823865
228.670697	64.67414383	-0.02499707755	1.245462693e-13	9.872892512e-13	59.86428488
228.7402479	-55.1495137	-0.003075633616	-2.625709148e-14	2.837865233e-13	69.57230732
228.7539099	-35.9111126	0.009452920804	4.654318401e-14	-1.011459334e-12	67.85444202
228.9278913	34.60730479	0.01017992044	-5.680069963e-14	-8.277035773e-13	62.99709145
229.3471491	12.39458677	0.0165208157	-5.465667136e-14	-2.817418017e-12	64.70956548
229.3870225	51.88050929	-0.003474907736	1.5702806e-15	-1.431064508e-15	61.5724214
229.5413962	-70.74828084	-0.02091462303	8.890411451e-14	-8.665969438e-13	71.57740418
229.6154608	-12.55647305	0.01609533784	-1.036322388e-15	6.263910736e-13	66.42397276
229.7100315	-55.26268684	-0.003063064896	6.339232772e-14	-9.116850611e-13	69.85801802
229.7162835	64.8290629	-0.02487863549	1.047651706e-13	9.112095826e-13	60.14996532
229.7355522	-35.98633558	0.009413375993	-3.592890132e-15	1.011731851e-12	68.14016761
229.9469408	34.68535662	0.01013407457	1.691793777e-13	3.28385349e-12	63.28281884
230.3534148	12.42171439	0.01644834734	3.091438909e-14	1.784324097e-12	64.99530047
230.4191338	52.000799	-0.003458869762	-8.194124924e-14	-8.767988702e-13	61.85813111
230.49969	-70.88993068	-0.020831642	8.772389537e-14	-7.315168455e-13	71.86309475
230.6092762	-12.58325154	0.01602654655	-1.963282166e-14	-4.046079429e-13	66.7097067
230.6798768	-55.37562864	-0.003050598544	-1.15822259e-13	1.45120769e-12	70.14372874
230.7172329	-36.06140158	0.009374160633	2.990367995e-14	-2.44522148e-13	68.4258931
230.761762	64.98361277	-0.02476131042	1.734307893e-14	4.109691758e-14	60.43564609
230.9659474	34.76323312	0.01008863974	-4.718905905e-14	-1.327804449e-12	63.5685461
231.3596668	12.44878286	0.016376512	-1.608610598e-14	-1.363692252e-12	65.28103528
231.4511712	52.12081103	-0.003442979261	1.403110164e-13	1.610864613e-12	62.14384085
231.4580664	-71.0312981	-0.02074931678	-1.274001146e-14	4.711698461e-14	72.14878552
231.6031047	-12.60997314	0.01595834082	-4.019860322e-14	1.888067947e-12	66.99544047
231.6497833	-55.48834052	-0.003038233314	5.202749153e-14	-5.64849711e-13	70.4294395
231.6989517	-36.1363116	0.009335270624	-1.7453193e-14	1.536606803e-13	68.71161849
231.8071335	65.13779608	-0.02464508661	3.167904948e-13	2.565710045e-12	60.72132717
231.9849114	34.84093548	0.01004361045	5.689923674e-14	8.444496977e-13	63.85427325
232.3659051	12.47579259	0.01630530143	6.469262617e-15	9.965097857e-13	65.56676991
232.416525	-71.1723848	-0.02066763964	-1.272416373e-14	1.631362432e-13	72.43447647
232.4831352	52.2405473	-0.003427234207	-1.156638337e-13	-1.293907313e-12	62.42955064
232.5969464	-12.63663822	0.01589071321	1.007820375e-14	1.593060729e-13	67.28117408
232.6197506	-55.60082388	-0.003025967978	6.147306692e-14	-8.461733322e-13	70.71515028
232.6807085	-36.2110666	0.009296701935	-6.49302775e-14	1.368228079e-12	68.9973438
232.8523986	65.2916154	-0.02452994865	-3.331437662e-14	-2.446471802e-13	61.00700856
233.0038332	34.91846487	0.009998981297	-6.493429639e-14	-1.470007273e-12	64.14000029
233.3721299	12.50274395	0.0162347075	1.22684268e-14	-3.761618926e-13	65.85250437
233.3750653	-71.31319243	-0.02058660295	-3.24014287e-14	3.342837859e-13	72.7201676
233.5150263	52.36000969	-0.00341163261	-9.763089963e-15	6.688128335e-14	62.71526047
233.5897785	-55.71308009	-0.003013801332	-4.793041246e-14	7.841759105e-13	71.00086109
233.5908011	-12.66324713	0.01582365638	8.369377384e-15	8.487726379e-13	67.56690753
233.6625029	-36.28566753	0.009258450601	9.914427568e-14	-2.242292167e-12	69.28306901
233.8975581	65.44507332	-0.02441588137	-1.156731248e-13	-9.35494606e-13	61.29269025
234.0227129	34.99582243	0.009954746973	4.715770968e-15	1.621954072e-13	64.42572722
234.3336867	-71.45372265	-0.02050619921	2.23682263e-13	-2.04361734e-12	73.00585891
234.3783412	12.52963731	0.01616472225	2.858347375e-14	1.492041961e-12	66.13823865
234.546845	52.47920008	-0.003396172517	6.763531973e-14	7.042002855e-13	63.00097034
234.5598665	-55.82511053	-0.003001732189	1.637039675e-13	-1.857692585e-12	71.28657192
234.5846688	-12.68980023	0.01575716315	2.522272693e-14	-4.861147902e-13	67.85264081
234.6443347	-36.36011535	0.00922051272	-1.455355989e-14	1.613050635e-14	69.56879414
234.9426127	65.59817236	-0.02430286991	-3.002969483e-13	-2.497457895e-12	61.57837225
235.0415508	35.0730093	0.009910902262	-2.296098575e-14	-1.204273223e-13	64.71145403
235.2923889	-71.5939771	-0.02042642103	-1.863339424e-13	1.656524093e-12	73.29155041
235.3845392	12.55647305	0.01609533784	1.155569907e-14	6.488228064e-13	66.42397276
235.5300142	-55.93691656	-0.002989759379	-9.241381001e-14	1.321337619e-12	71.57228279
235.5785494	-12.71629786	0.01569122644	2.652142758e-14	-9.805124765e-13	68.13837394
235.5785918	52.59812032	-0.003380852012	1.7040019e-13	2.043576275e-12	63.28668024
235.6262037	-36.43441099	0.009182884455	-7.556224673e-14	8.724389265e-13	69.85451918
235.9875632	65.75091503	-0.0241908997	2.818885682e-13	2.312282108e-12	61.86405454
236.0603473	35.1500266	0.009867442039	7.035046391e-14	1.4096254e-12	64.99718073
236.2511714	-71.73395737	-0.02034726114	1.230482537e-14	-6.298750317e-14	73.57724207
236.3907238	12.58325154	0.01602654655	-3.096376427e-14	-1.940102112e-12	66.7097067
236.5002214	-56.04849952	-0.002977881753	1.315199411e-13	-1.276128652e-12	71.85799368
236.5724427	-12.74274038	0.01562583929	-3.150766141e-14	8.404666388e-13	68.4241069
236.6081098	-36.50855539	0.009145562033	2.079474105e-14	-4.369304253e-13	70.14024413
236.6102671	52.71677224	-0.003365669209	-2.004609459e-13	-2.226455266e-12	63.57239019
237.0324103	65.9033038	-0.0240799564	1.516626665e-13	1.250210579e-12	62.14973713
237.0791026	35.22687545	0.009824361268	-3.27029643e-14	-1.309472523e-12	65.28290733
237.2100336	-71.87366509	-0.02026871238	-7.03055331e-15	1.24464843e-13	73.86293392
237.3968953	12.60997314	0.01595834082	2.60518105e-14	2.126770643e-12	66.99544047
237.4704877	-56.15986074	-0.002966098182	-1.094953113e-13	1.274171596e-12	72.1437046
237.5663488	-12.76912811	0.01556099486	-4.75770102e-15	2.607457076e-13	68.70983972
237.5900525	-36.58254946	0.00910854174	7.567083468e-14	-1.463075211e-12	70.42596899
237.6418714	52.83515764	-0.003350622261	1.10911809e-14	5.005909226e-14	63.85810018
238.0771546	66.05534113	-0.02397002595	-4.977366066e-14	-4.487953123e-13	62.43542001
238.097817	35.30355695	0.009781655003	-2.546017705e-14	-4.429691974e-13	65.56863381
238.1689752	-72.01310183	-0.02019076771	-8.648679785e-14	7.924856415e-13	74.14862593
238.4030536	12.63663822	0.01589071321	-2.311902584e-14	-4.418575273e-13	67.28117408
238.4408126	-56.27100154	-0.00295440755	-6.731127763e-14	6.326491352e-13	72.42941555
238.5602675	-12.79546142	0.01549668642	-5.491358029e-16	8.192893328e-13	68.99557238
238.5720318	-36.65639412	0.009071819923	-8.290912991e-14	1.778201978e-12	70.71169377
238.6734053	52.95327832	-0.003335709349	3.176827318e-14	3.705319975e-13	64.1438102
239.1164907	35.38007219	0.009739318381	-2.291518897e-14	-4.345743511e-13	65.85436019
239.1217969	66.20702943	-0.02386109455	-5.918731576e-14	-5.291902492e-13	62.72110317
239.1279956	-72.15226916	-0.02011342018	1.959987918e-13	-1.862257853e-12	74.43431812
239.4091989	12.66324713	0.01582365638	-1.404881678e-14	-1.692876627e-12	67.56690753
239.411196	-56.38192322	-0.002942808762	1.457500786e-13	-1.893003575e-12	72.71512652
239.5540475	-36.73009027	0.009035392985	3.107289106e-14	-8.441254226e-13	70.99741846
239.5541988	-12.82174062	0.01543290735	1.780400218e-14	-1.333828761e-12	69.28130488
239.7048692	53.07113604	-0.003320928691	-8.360300973e-14	-1.216968414e-12	64.42952027
240.0870945	-72.29116865	-0.02003666295	-1.855021767e-13	1.656520867e-12	74.72001048
240.135124	35.45642225	0.009697346625	4.401172305e-14	7.745731308e-13	66.14008647
240.1663379	66.35837109	-0.02375314864	-1.892310403e-13	-1.586221843e-12	63.00678661
240.3816373	-56.49262707	-0.00293130074	-6.037989834e-14	7.480396455e-13	73.00083751
240.4153312	12.68980023	0.01575716315	1.736166831e-14	9.389811367e-13	67.85264081
240.5360992	-36.8036388	0.008999257391	-1.083173475e-14	1.843938125e-13	71.28314307
240.5481426	-12.84796605	0.01536965115	-1.857865037e-15	4.974984187e-13	69.56703724
240.7362635	53.18873255	-0.003306278532	4.855002504e-14	5.374906125e-13	64.71523037
241.0462713	-72.42980182	-0.0199604893	-1.490633915e-14	7.868677505e-14	75.005703
241.1537172	35.53260819	0.009655735038	-3.22332025e-15	-5.789982167e-14	66.42581265
241.2107783	66.50936849	-0.0236461749	8.509044919e-14	6.934345686e-13	63.29247034
241.3521364	-56.60311437	-0.002919882421	-8.945289607e-14	1.308071321e-12	73.28654854
241.4214506	12.71629786	0.01569122644	1.353880824e-14	3.1774876e-13	68.13837394
241.5181868	-36.87704059	0.008963409658	1.354141658e-14	-2.886882147e-13	71.5688676
241.5420987	-12.87413804	0.0153069114	3.072968152e-14	-9.397324573e-13	69.85276945
241.7675887	53.30606958	-0.003291757152	4.768174709e-14	6.726453211e-13	65.0009405
242.0055256	-72.56817021	-0.01988489259	1.452526218e-15	4.924475669e-14	75.29139568
242.1722705	35.60863106	0.009614479004	-8.938248964e-14	-1.442869057e-12	66.71153872
242.2551187	66.66002395	-0.02354016028	7.573507045e-14	5.952168463e-13	63.57815433
242.3226928	-56.71338639	-0.002908552761	9.29142615e-15	-1.359066156e-13	73.57225959
242.4275573	12.74274038	0.01562583929	-1.303189203e-14	-3.789687298e-13	68.4241069
242.50031	-36.95029653	0.008927846362	-7.3218042e-14	1.320871745e-12	71.85459204
242.5360672	-12.90025692	0.0152446818	-9.539180042e-16	6.386694109e-13	70.13850152
242.7988453	53.42314884	-0.003277362858	-1.820904718e-14	-3.223673488e-13	65.28665068
242.9648571	-72.70627532	-0.0198098663	-5.894592059e-15	-1.371168551e-14	75.57708853
243.1907842	35.68449191	0.009573573987	1.312056968e-13	2.290092674e-12	66.99726469
243.2933062	-56.82344438	-0.00289731073	-1.176341794e-13	1.36398163e-12	73.85797066
243.2993598	66.81033979	-0.02343509192	7.111666742e-14	5.852336846e-13	63.8638386
243.4336512	12.76912811	0.01556099486	4.259730857e-14	1.959559711e-12	68.70983972
243.4824687	-37.02340746	0.008892564131	6.6734897e-14	-1.038221507e-12	72.14031641
243.5300479	-12.926323	0.01518295617	-1.277884054e-14	-2.861895698e-13	70.42423344
243.8300337	53.53997203	-0.003263093989	6.737007214e-14	9.464118306e-13	65.57236088
243.9242651	-72.84411866	-0.01973540399	4.110344193e-13	-3.804869718e-12	75.86278154
244.2092585	35.76019177	0.009533015526	-9.314220701e-14	-1.904117304e-12	67.28299057
244.2639763	-56.93328958	-0.002886155315	9.548681055e-14	-1.204318918e-12	74.14368176
244.3435023	66.96031829	-0.02333095721	-7.762084344e-14	-6.272705701e-13	64.14952313
244.4397325	12.79546142	0.01549668642	-4.726735262e-14	-2.844088276e-12	68.99557238
244.4646627	-37.09637427	0.008857559645	1.145253733e-14	2.408548395e-13	72.4260407
244.5240409	-12.95233662	0.0151217284	1.164752509e-14	4.823599145e-13	70.70996522
244.8611543	53.65654081	-0.003248948911	-1.283900737e-13	-1.398366305e-12	65.85807113
244.8837494	-72.9817017	-0.01966149933	-3.068862251e-13	3.017249487e-12	76.14847471
245.2276937	35.83573167	0.009492799235	8.703756593e-15	5.549629265e-13	67.56871634
245.2347027	-57.04292323	-0.002875085518	1.677919191e-13	-1.685774267e-12	74.42939288
245.3875468	67.10996172	-0.02322774377	-2.341010877e-15	-1.168649528e-14	64.43520793
245.4458012	12.82174062	0.01543290735	1.358271952e-14	-7.649678194e-13	69.28130488
245.4468916	-37.16919778	0.008822829639	-2.686884851e-14	6.097489659e-13	72.71176491
245.5180459	-12.97829807	0.01506099249	1.575509964e-14	9.27292595e-14	70.99569686
245.8433095	-73.11902592	-0.01958814608	1.055463343e-14	-8.345405785e-14	76.43416804
245.8922077	53.77285684	-0.003234926019	5.578202622e-14	6.109253901e-13	66.14378141
246.2054852	-57.15234653	-0.002864100357	1.567632771e-14	6.161905145e-14	74.71510403
246.2460901	35.9111126	0.009452920804	6.058659081e-14	1.054663766e-12	67.85444202
246.4291554	-37.24187885	0.008788370896	-2.845936103e-15	-6.611540849e-13	72.99748904
246.431494	67.25927232	-0.02312543943	-7.289181314e-15	9.548738449e-15	64.72089298
246.4518574	12.84796605	0.01536965115	1.957315612e-14	2.066846719e-12	69.56703724
246.5120629	-13.00420768	0.01500074255	3.190109588e-14	-2.004197457e-12	71.28142836
246.802945	-73.25609276	-0.01951533809	-1.667114134e-13	1.589347423e-12	76.71986153
246.9231942	53.88892176	-0.003221023735	-6.462127966e-14	-9.106644149e-13	66.42949172
247.1763234	-57.2615607	-0.002853198864	-7.691921846e-14	9.72237649e-13	75.0008152
247.2644478	35.98633558	0.009413375993	1.083334589e-14	-3.437873946e-13	68.14016761
247.4114539	-37.31441831	0.008754180252	-9.785991735e-14	2.336867155e-12	73.28321309
247.4579013	12.87413804	0.0153069114	2.416576148e-15	-6.267357642e-13	69.85276945
247.4753446	67.40825228	-0.02302403223	-4.771474651e-14	-3.422621341e-13	65.00657829
247.506092	-13.03006575	0.01494097275	1.367336912e-14	7.432547832e-13	71.56715972
247.7626554	-73.39290368	-0.0194430693	7.050967589e-14	-5.401296297e-13	77.00555516
247.9541142	54.00473719	-0.00320724051	-1.280720006e-13	-1.503822832e-12	66.71520207
248.147217	-57.37056693	-0.002842380087	8.35045256e-14	-7.949196646e-13	75.28652639
248.2827671	36.06140158	0.009374160633	-1.727147583e-14	-4.482180717e-13	68.4258931
248.3937867	-37.38681698	0.008720254589	9.556475126e-14	-1.9877721e-12	73.56893707
248.4639328	12.90025692	0.0152446818	-3.696249935e-14	-3.78367205e-14	70.13850152
248.5001329	-13.0558726	0.01488167739	2.677828951e-14	-1.690456177e-12	71.85289095
248.5190991	67.5569038	-0.02292351041	3.158131457e-14	1.755702913e-13	65.29226386
248.7224403	-73.5294601	-0.01937133375	2.953912826e-14	-2.480752421e-13	77.29124895
248.9849683	54.12030473	-0.003193574819	1.163537258e-13	1.430646936e-12	67.00091245
249.1181657	-57.47936641	-0.002831643087	3.935261131e-14	-7.283522238e-13	75.57223761
249.3010483	36.1363116	0.009335270624	3.829110895e-15	7.372911778e-14	68.71161849
249.3761537	-37.45907568	0.008686590841	-3.131672221e-15	2.360102483e-14	73.85466097
249.4699521	12.926323	0.01518295617	2.47886204e-14	2.059571197e-12	70.42423344
249.4941856	-13.08162852	0.01482285083	-5.279991722e-14	3.11210898e-12	72.13862204
249.5627582	67.70522904	-0.02282386244	5.273698856e-14	4.235729283e-13	65.57794967
249.6822993	-73.66576342	-0.01930012555	-1.007305414e-14	6.946067631e-14	77.57694289
250.0157567	54.23562597	-0.003180025165	3.58356014e-14	2.701388923e-13	67.28662286
250.0891692	-57.5879603	-0.00282098694	-1.075624756e-13	1.360223308e-12	75.85794885
250.3192915	36.2110666	0.009296701935	5.13706164e-15	4.547876723e-13	68.9973438
250.3585548	-37.53119522	0.008653185984	-1.652598653e-14	-3.092097898e-13	74.1403848
250.4759591	12.95233662	0.0151217284	-5.198120354e-14	-2.057778417e-12	70.70996522
250.4882501	-13.10733381	0.01476448754	4.246075582e-14	-2.338735497e-12	72.424353
250.6063225	67.85323014	-0.02272507697	-5.976170965e-14	-5.608624046e-13	65.86363574
250.6422321	-73.80181507	-0.01922943892	8.385633115e-14	-6.456061109e-13	77.86263698
251.04648	54.35070247	-0.003166590074	4.275132981e-14	5.792522301e-13	67.57233331
251.0602271	-57.69634977	-0.002810410736	1.836287105e-13	-2.714500656e-12	76.14366012
251.3374971	36.28566753	0.009258450601	1.561913141e-14	3.000007886e-13	69.28306901
251.3409897	-37.60317639	0.008620037045	3.293481481e-14	-1.065548548e-12	74.42610856
251.4819541	12.97829807	0.01506099249	4.658466939e-14	2.606932018e-12	70.99569686
251.4823262	-13.13298878	0.01470658207	-9.585023226e-15	5.690465818e-14	72.71008383
251.6022381	-73.93761642	-0.01915926814	2.778847912e-13	-2.719863334e-12	78.14833122
251.6497926	68.00090921	-0.02262714286	1.467029264e-14	1.296281274e-13	66.14932204
252.0313392	-57.80453597	-0.002799913578	-3.876841938e-13	5.121164127e-12	76.4293714
252.0771385	54.46553578	-0.0031532681	5.3311411e-14	6.1198948e-13	67.85804379
252.3234583	-37.67502	0.008587141095	3.283568326e-15	5.79202945e-13	74.71183225
252.3556653	36.36011535	0.00922051272	-1.364978663e-13	-2.104522072e-12	69.56879414
252.476414	-13.15859371	0.01464912905	-6.1701282e-14	7.908733785e-13	72.99581453
252.4879371	13.00420768	0.01500074255	-6.019156054e-14	-3.109227482e-12	71.28142836
252.5623171	-74.07316884	-0.01908960759	-4.743537771e-13	4.396721435e-12	78.4340256
252.6931692	68.14826834	-0.02253004914	-4.84269154e-14	-2.64325131e-13	66.43500859
253.0025051	-57.91252004	-0.002789494583	1.58819846e-13	-2.057324903e-12	76.71508271
253.1077327	54.58012745	-0.003140057818	-4.588020601e-14	-7.011255311e-13	68.1437543
253.3059602	-37.74672683	0.008554495247	-5.423921804e-14	8.661406591e-13	74.99755586
253.3737963	36.43441099	0.009182884455	6.654067963e-14	7.359790716e-13	69.85451918
253.4705133	-13.1841489	0.0145921232	2.5330728e-14	-5.109545474e-13	73.28154511
253.493908	13.03006575	0.01494097275	3.13682056e-14	1.160545981e-12	71.56715972
253.5224686	-74.20847371	-0.01902045173	3.081306587e-13	-2.808058622e-12	78.71972013
253.7364528	68.29530962	-0.02243378505	-8.984906522e-14	-8.020915488e-13	66.72069537
253.9737246	-58.0203031	-0.00277915288	-4.573465527e-14	5.80985789e-13	77.00079404
254.1382629	54.69447899	-0.003126957829	-1.719277592e-13	-1.863008342e-12	68.42946485
254.2884954	-37.81829765	0.008522096661	6.281397605e-14	-1.147296957e-12	75.2832794
254.3918902	36.50855539	0.009145562033	3.52565701e-14	8.812626607e-13	70.14024413
254.4646241	-13.20965464	0.01453555931	-5.590510889e-14	1.907925044e-12	73.56727555
254.4826921	-74.34353238	-0.01895179508	-1.662149611e-13	1.338509471e-12	79.0054148
254.4998671	13.0558726	0.01488167739	-3.979696579e-14	-6.270149592e-13	71.85289095
254.779644	68.44203507	-0.02233833999	7.614135106e-14	6.525563875e-13	67.00638238
254.9449973	-58.12788627	-0.002768887613	3.900931981e-14	-8.318491784e-13	77.2865054
255.1687295	54.80859191	-0.003113966757	1.829145307e-13	2.290529677e-12	68.71517542
255.2710637	-37.88973325	0.008489942539	-2.087086428e-14	1.739100681e-14	75.56900287
255.4099475	36.58254946	0.00910854174	5.168127285e-14	5.916414562e-13	70.42596899
255.4429875	-74.47834618	-0.01888363227	9.08731319e-14	-9.592795459e-13	79.29110961
255.4587463	-13.23511121	0.01447943227	2.141488427e-14	-1.422538548e-12	73.85300588
255.5058144	13.08162852	0.01482285083	2.68737027e-15	9.325899295e-13	72.13862204
255.8227435	68.58844673	-0.02224370357	6.265334007e-14	5.366330645e-13	67.29206963
255.916323	-58.23527067	-0.002758697936	-4.394830366e-14	4.271507679e-13	77.57221677
256.199133	54.92246768	-0.003101083248	-1.666575686e-13	-2.03392432e-12	69.00088602
256.2536649	-37.96103437	0.008458030124	-4.366861427e-14	1.129309286e-12	75.85472628
256.4033541	-74.61291644	-0.01881595798	-9.443053708e-14	9.683228201e-13	79.57680456
256.4279682	36.65639412	0.009071819922	-7.305654446e-14	-1.460398789e-12	70.71169377
256.4528798	-13.2605189	0.01442373704	-1.126551183e-14	1.087523286e-12	74.13873608
256.5117499	13.10733381	0.01476448754	-5.302872148e-14	-2.271290831e-12	72.424353
256.8657517	68.73454661	-0.02214986554	-3.071100136e-13	-2.701000289e-12	67.5777571
256.8877014	-58.3424574	-0.002748583017	1.189226957e-13	-1.34718232e-12	77.85792817
257.2294738	55.0361078	-0.003088305971	1.541836284e-13	1.737780285e-12	69.28659666
257.2362987	-38.03220178	0.008426356701	3.073375617e-14	-7.961029883e-13	76.14044961
257.3637917	-74.74724447	-0.01874876698	-3.920531419e-14	5.797676495e-13	79.86249965
257.4459525	36.73009027	0.009035392985	1.336834353e-13	2.886131567e-12	70.99741846
257.4470246	-13.28587798	0.01436846865	3.302823806e-14	-3.064442142e-12	74.42446615
257.5176738	13.13298878	0.01470658207	3.063118104e-14	3.58767859e-14	72.71008383
257.8591321	-58.44944753	-0.002738542037	-4.517921373e-14	5.335447141e-13	78.14363958
257.9086694	68.88033668	-0.02205681586	4.051203778e-13	3.670097354e-12	67.8634448
258.218965	-38.10323624	0.008394919596	-2.997317624e-14	1.176807879e-12	76.42617288
258.2597521	55.1495137	-0.003075633616	-2.11106172e-13	-2.954107869e-12	69.57230732
258.3242999	-74.88133159	-0.01868205412	4.11631484e-14	-4.342328052e-13	80.14819487
258.4411806	-13.31118874	0.01431362222	-3.549291928e-15	2.935190597e-12	74.71019611
258.4639008	36.8036388	0.008999257391	3.447406074e-15	-3.307939648e-14	71.28314307
258.523586	13.15859371	0.01464912905	4.980662885e-15	1.856360908e-12	72.99581453
258.830615	-58.55624214	-0.002728574187	-1.671034782e-14	1.484560309e-13	78.42935102
258.951497	69.02581891	-0.02196454462	-2.113819174e-13	-1.882837838e-12	68.14913273
259.2016637	-38.17413847	0.008363716174	6.274460241e-14	-1.986663899e-12	76.71189608
259.2848782	-75.01517907	-0.01861581431	6.256464987e-14	-6.640630327e-13	80.43389023
259.2899685	55.26268684	-0.003063064896	2.359441831e-13	2.91369195e-12	69.85801802
259.4353478	-13.33645145	0.01425919292	-4.42608392e-15	-4.341344253e-13	74.99592594
259.4818132	36.87704059	0.008963409659	-6.456116548e-14	-1.275999673e-12	71.5688676
259.5294867	13.1841489	0.0145921232	-2.158820642e-14	-5.317018989e-13	73.28154511
259.8021496	-58.66284231	-0.00271867867	8.141162917e-14	-6.058570149e-13	78.71506248
259.9942351	69.17099524	-0.0218730421	3.15285296e-13	2.793461531e-12	68.43482087
260.1843945	-38.24490922	0.008332743839	-5.249861503e-14	1.112498532e-12	76.99761922
260.2455264	-75.1487882	-0.01855004253	-3.53881177e-14	4.627566885e-13	80.71958573
260.3201232	55.37562864	-0.003050598544	1.137751863e-13	1.674449173e-12	70.14372874
260.429526	-13.36166638	0.01420517602	-8.718349013e-14	4.413814071e-12	75.28165566
260.49969	36.95029653	0.008927846362	-8.601435834e-14	-7.307286688e-13	71.85459204
260.5353759	13.20965464	0.01453555931	-5.28043713e-14	-2.850544581e-12	73.56727555
260.7737358	-58.7692491	-0.002708854702	-1.206162155e-14	2.083439889e-13	79.00077396
261.0368842	69.31586758	-0.02178229873	-2.573453408e-13	-2.342041785e-12	68.72050923
261.1671573	-38.31554922	0.008302000033	-5.021086349e-14	7.701813121e-13	77.28334229
261.2062441	-75.28216025	-0.01848473384	2.675544906e-13	-2.576032878e-12	81.00528135
261.3502167	55.48834052	-0.003038233314	-5.494365276e-14	-8.219465399e-13	70.4294395
261.4237153	-13.38683381	0.01415156685	7.420196897e-14	-5.258484873e-12	75.56738527
261.5175313	37.02340746	0.008892564131	9.479640394e-14	1.734456055e-12	72.14031641
261.5412537	13.23511121	0.01447943227	1.205658773e-13	5.644135742e-12	73.85300588
261.7453732	-58.87546355	-0.00269910151	-1.370377401e-13	1.912640376e-12	79.28648546
262.079445	69.46043785	-0.02169230511	-1.207365855e-13	-1.124834593e-12	69.0061978
