200.201	0.0875144
200.375	0.174615
200.626	0.251
201.158	0.531955
201.215	0.0570307
201.334	0.118682
201.612	0.278162
202.203	0.591087
202.23	0.0266315
202.293	0.0628805
202.598	0.305264
203.244	0.646381
203.248	0.00368394
203.252	0.00352511
203.584	0.332306
204.211	0.62664
204.259	0.0483332
204.293	0.0339163
204.57	0.277041
205.17	0.599748
205.273	0.103747
205.337	0.0640662
205.556	0.218402
206.129	0.572915
206.288	0.159034
206.382	0.0941344
206.542	0.159914
207.088	0.546139
207.302	0.214194
207.426	0.124121
207.528	0.101576
208.047	0.51942
208.317	0.269228
208.471	0.154028
208.514	0.0433863
209.007	0.492758
209.331	0.324137
209.5	0.169199
209.515	0.0146557
209.966	0.451497
210.345	0.378923
210.486	0.141051
210.559	0.0725514
210.926	0.367052
211.359	0.433585
211.472	0.11297
211.603	0.130302
211.885	0.282808
212.374	0.488125
212.459	0.0849549
212.646	0.187908
212.845	0.198764
213.388	0.542544
213.445	0.0570056
213.69	0.245371
213.805	0.114918
214.402	0.596842
214.431	0.0291217
214.734	0.302693
214.765	0.0312692
215.416	0.65102
215.417	0.00130257
215.725	0.307689
215.777	0.0521844
216.404	0.626442
216.43	0.0264521
216.685	0.255017
216.821	0.135444
217.39	0.569432
217.444	0.0541429
217.645	0.201161
217.864	0.218511
218.376	0.512561
218.458	0.0817701
218.606	0.147422
218.907	0.301386
219.363	0.455828
219.472	0.109334
219.566	0.0937988
219.95	0.384072
220.349	0.399232
220.486	0.136836
220.526	0.0402913
220.993	0.466569
221.336	0.342771
221.487	0.151173
221.5	0.0131015
222.036	0.535776
222.322	0.286445
222.447	0.125272
222.514	0.0663802
223.078	0.564621
223.309	0.230252
223.408	0.0994227
223.528	0.119546
224.121	0.593393
224.295	0.174193
224.369	0.0736249
224.541	0.172599
225.164	0.622095
225.282	0.118265
225.33	0.0478782
225.555	0.22554
226.206	0.650726
226.268	0.0624683
226.291	0.0221826
226.569	0.27837
227.248	0.679287
227.252	0.00333922
227.255	0.00346243
227.583	0.327627
228.213	0.629986
228.242	0.0290571
228.29	0.0487359
228.596	0.305906
229.174	0.577454
229.228	0.0546017
229.333	0.104145
229.61	0.277453
230.135	0.525031
230.215	0.0800965
230.375	0.159427
230.624	0.249069
231.096	0.472717
231.202	0.105542
231.416	0.214583
231.637	0.220753
232.058	0.420509
232.189	0.130938
232.458	0.269613
232.651	0.192504
233.019	0.368408
233.176	0.156285
233.5	0.324518
233.664	0.164323
233.981	0.316412
234.162	0.181584
234.542	0.379299
234.678	0.136209
234.942	0.264523
235.149	0.206834
235.583	0.433957
235.691	0.108161
235.904	0.212737
236.136	0.232036
236.625	0.488493
236.705	0.0801788
236.866	0.161056
237.123	0.257191
237.666	0.542907
237.718	0.0522621
237.828	0.109478
238.11	0.282297
238.707	0.597201
238.732	0.0244104
238.79	0.0580032
239.097	0.307357
239.745	0.647999
239.748	0.00337689
239.752	0.00325335
240.084	0.33237
240.714	0.629689
240.758	0.0446411
240.789	0.0311001
241.071	0.281594
241.676	0.604796
241.772	0.0958116
241.83	0.0587597
242.058	0.227683
242.638	0.579949
242.785	0.146882
242.871	0.0863561
243.045	0.17389
243.6	0.555148
243.798	0.197852
243.912	0.11389
244.032	0.120213
244.563	0.530392
244.811	0.248723
244.953	0.141361
245.019	0.0666522
245.525	0.505681
245.824	0.299496
245.993	0.168771
246.006	0.0132062
246.487	0.481016
246.838	0.35017
246.994	0.155993
247.034	0.0401255
247.45	0.41627
247.851	0.400747
247.981	0.130062
248.074	0.0933436
248.413	0.338476
248.864	0.451227
248.968	0.104183
249.115	0.146449
249.375	0.260839
249.877	0.501611
249.955	0.0783559
250.155	0.199442
250.338	0.183358
250.89	0.551899
250.943	0.0525803
251.195	0.252324
251.301	0.106032
251.903	0.602092
251.93	0.0268559
252.235	0.305095
252.264	0.0288613
252.916	0.65219
252.917	0.00118253
253.227	0.309599
253.275	0.0481564
253.905	0.629597
253.929	0.0244402
254.19	0.260845
254.315	0.125022
254.892	0.577069
254.942	0.0500126
255.153	0.211002
255.355	0.201735
255.879	0.524651
255.955	0.075535
256.116	0.161252
256.394	0.278298
256.867	0.472339
256.968	0.101008
257.079	0.111594
257.434	0.354711
257.854	0.420136
257.981	0.126431
258.043	0.0620277
258.474	0.430976
258.842	0.368038
258.994	0.151805
259.006	0.0125526
259.513	0.507092
259.829	0.316047
259.97	0.140298
260.006	0.0368318
260.553	0.546229
260.817	0.264161
260.933	0.11628
261.019	0.086126
261.592	0.572757
261.804	0.212379
261.897	0.0923039
262.032	0.13533
262.631	0.59923
262.792	0.160701
262.86	0.0683687
263.045	0.184446
263.67	0.625647
263.779	0.109127
263.824	0.0444745
264.057	0.233472
264.709	0.652009
264.767	0.0576553
264.788	0.0206211
265.07	0.28241
265.748	0.678317
265.751	0.00309406
265.755	0.00319179
266.083	0.328069
266.715	0.632624
266.742	0.0269643
266.787	0.0449821
267.095	0.308077
267.679	0.583923
267.73	0.0506967
267.826	0.0961492
268.108	0.281854
268.643	0.535309
268.718	0.0743892
268.865	0.147216
269.121	0.255685
269.607	0.486781
269.705	0.0980419
269.904	0.198183
270.133	0.229569
270.572	0.438339
270.693	0.121655
270.942	0.249051
271.146	0.203506
271.536	0.389982
271.681	0.145229
271.981	0.29982
272.158	0.177496
272.5	0.34171
272.669	0.168764
273.019	0.350492
273.171	0.151539
273.464	0.293522
273.657	0.192259
274.058	0.401066
274.183	0.125634
274.429	0.245417
274.644	0.215716
275.096	0.451543
275.196	0.0997811
275.393	0.197396
275.632	0.239135
276.134	0.501924
276.208	0.0739797
276.358	0.149458
276.62	0.262515
277.172	0.552209
277.221	0.0482295
277.322	0.101603
277.608	0.285857
278.21	0.602398
278.233	0.0225304
278.287	0.0538297
278.596	0.309161
279.245	0.649375
279.248	0.00311805
279.251	0.00302006
279.584	0.332427
280.216	0.632306
280.258	0.0414723
280.286	0.0287161
280.572	0.285467
281.181	0.609136
281.27	0.0890018
281.324	0.054264
281.56	0.23558
282.146	0.586003
282.282	0.136451
282.362	0.0797621
282.548	0.185787
283.111	0.562907
283.295	0.18382
283.4	0.105211
283.536	0.136086
284.076	0.539848
284.307	0.231109
284.437	0.13061
284.524	0.0864764
285.041	0.516826
285.319	0.27832
285.475	0.15596
285.512	0.0369587
286.006	0.49384
286.331	0.325451
286.5	0.168794
286.513	0.0124681
286.971	0.458422
287.343	0.372504
287.488	0.144711
287.55	0.0618044
287.936	0.386172
288.356	0.419479
288.476	0.12067
288.587	0.111051
288.901	0.314048
289.368	0.466376
289.464	0.0966702
289.625	0.160208
289.867	0.242049
290.38	0.513196
290.453	0.072712
290.662	0.209276
290.832	0.170175
291.392	0.559939
291.441	0.0487949
291.699	0.258255
291.797	0.0984249
292.404	0.606606
292.429	0.0249188
292.736	0.307147
292.763	0.0267979
293.416	0.653196
293.417	0.00108344
293.728	0.311244
293.773	0.0447065
294.405	0.632293
294.428	0.0227114
294.694	0.265868
294.81	0.116089
295.394	0.583596
295.44	0.0464659
295.66	0.219483
295.847	0.18735
296.382	0.534985
296.452	0.0701802
296.625	0.173172
296.884	0.25849
297.37	0.48646
297.464	0.0938546
297.591	0.126936
297.921	0.32951
298.359	0.43802
298.476	0.117489
298.557	0.0807746
298.957	0.400411
299.347	0.389666
299.488	0.141085
299.523	0.0346865
299.994	0.471192
300.335	0.341396
300.489	0.153312
300.5	0.0113283
301.03	0.530527
301.324	0.293211
301.455	0.130887
301.512	0.0572701
302.067	0.555131
302.312	0.245109
302.421	0.108496
302.524	0.103139
303.103	0.57969
303.301	0.197091
303.387	0.0861378
303.536	0.148936
304.14	0.604205
304.289	0.149156
304.353	0.0638133
304.547	0.194661
305.176	0.628676
305.277	0.101303
305.319	0.0415222
305.559	0.240314
306.212	0.653103
306.266	0.0535321
306.285	0.0192641
306.571	0.285896
307.249	0.677486
307.251	0.00288211
307.254	0.00296093
307.583	0.328446
308.218	0.634908
308.243	0.0251532
308.285	0.0417648
308.595	0.30993
309.184	0.589519
309.231	0.0473128
309.321	0.0892919
309.606	0.285613
310.15	0.544199
310.22	0.0694398
310.357	0.136739
310.618	0.26134
311.117	0.498949
311.208	0.0915345
311.393	0.184105
311.63	0.237109
312.083	0.453769
312.197	0.113597
312.428	0.231392
312.641	0.212921
313.05	0.408658
313.186	0.135627
313.464	0.2786
313.653	0.188775
314.017	0.363615
314.174	0.157626
314.5	0.325729
314.665	0.164671
314.983	0.318641
315.163	0.179592
315.536	0.37278
315.676	0.140609
315.95	0.273735
316.152	0.201527
316.571	0.419752
316.688	0.116588
316.917	0.228897
317.14	0.22343
317.607	0.466647
317.699	0.0926093
317.884	0.184127
318.129	0.245302
318.642	0.513465
318.711	0.0686715
318.85	0.139424
319.118	0.267143
319.678	0.560206
319.723	0.0447747
319.817	0.0947874
320.106	0.288952
320.713	0.606871
320.734	0.0209187
320.784	0.0502178
321.095	0.310731
321.746	0.650562
321.749	0.00289672
321.751	0.0028177
322.084	0.332478
322.718	0.634577
322.757	0.0387229
322.784	0.0266718
323.073	0.2888
323.686	0.612908
323.769	0.0830944
323.819	0.0504066
324.061	0.24238
324.653	0.591269
324.78	0.127401
324.854	0.0741016
325.05	0.196035
325.62	0.56966
325.792	0.171641
325.889	0.0977567
326.039	0.149764
326.587	0.548082
326.803	0.215817
326.924	0.121372
327.028	0.103567
327.554	0.526534
327.814	0.259929
327.959	0.144948
328.017	0.0574445
328.522	0.505015
328.826	0.303976
328.994	0.168486
329.006	0.0113953
329.489	0.483527
329.837	0.347959
329.994	0.157403
330.029	0.0345808
330.457	0.427487
330.848	0.391879
330.983	0.134959
331.064	0.0804841
331.424	0.360154
331.86	0.435734
331.972	0.112549
332.099	0.126315
332.392	0.292924
332.871	0.479527
332.961	0.0901721
333.133	0.172074
333.359	0.225794
333.882	0.523257
333.95	0.0678292
334.168	0.217761
334.327	0.158766
334.894	0.566924
334.939	0.0455197
335.203	0.263376
335.294	0.0918378
335.905	0.610529
335.928	0.0232434
336.237	0.308921
336.262	0.0250099
336.916	0.654071
336.917	0.00100021
337.23	0.312676
337.272	0.0417184
337.906	0.634624
337.927	0.02121
338.198	0.27024
338.306	0.108348
