200	0.000278746
200.005	0.00440609
200.005	0.000109693
200.013	0.00844004
200.019	0.00613496
200.085	0.0659161
200.095	0.0101519
200.117	0.0212672
200.186	0.0693474
200.196	0.0102097
200.201	0.00522152
200.21	0.00855461
200.216	0.00613954
200.221	0.00504284
200.224	0.00249553
200.225	0.00113415
200.255	0.0300912
200.273	0.0181211
200.297	0.0242286
200.327	0.0301686
200.345	0.0176272
200.366	0.0207989
200.373	0.00675426
200.382	0.00969792
200.385	0.00286171
200.397	0.0119372
200.401	0.00342163
200.411	0.0101117
200.421	0.0107631
200.44	0.0188281
200.455	0.0147928
200.477	0.0221395
200.49	0.0132869
200.499	0.00875988
200.5	0.000880259
200.541	0.040661
200.553	0.0122095
200.56	0.00662997
200.561	0.00160192
200.574	0.0128558
200.582	0.00810116
200.584	0.00188393
200.604	0.0197986
200.622	0.0178527
200.628	0.00582456
200.631	0.00379548
200.651	0.0199389
200.656	0.00481443
200.66	0.00376149
200.693	0.0334672
200.702	0.00890958
200.71	0.0077772
200.714	0.00392833
200.727	0.0130144
200.732	0.00549192
200.737	0.00501169
200.761	0.0239713
200.779	0.0175837
200.792	0.0130279
200.8	0.00829853
200.807	0.00636657
200.82	0.0133831
200.83	0.0101474
200.844	0.013318
200.887	0.0438437
200.896	0.00828306
200.904	0.00875908
200.906	0.00205024
200.915	0.00824146
200.918	0.00294845
200.92	0.00258342
200.922	0.00191332
200.923	0.000805054
200.949	0.0263416
200.957	0.00758857
200.986	0.0291922
200.992	0.00608598
200.995	0.00258825
201	0.00522864
201.019	0.0192905
201.033	0.0137491
201.034	0.00110572
201.038	0.00372913
201.042	0.00367471
201.059	0.0172704
201.06	0.001256
201.111	0.0507156
201.133	0.0226854
201.153	0.0197703
201.163	0.0100262
201.168	0.00480154
201.182	0.0136896
201.196	0.0140687
201.199	0.00354146
201.21	0.0107447
201.216	0.00565845
201.221	0.00563739
201.232	0.0104167
201.233	0.0015118
201.312	0.0788343
201.329	0.017044
201.332	0.00251718
201.337	0.00529471
201.337	2.40325e-05
201.387	0.0496187
201.392	0.00554132
201.394	0.00187692
201.409	0.014584
201.427	0.0186326
201.441	0.0132549
201.448	0.00743446
201.467	0.0193947
201.468	0.000566813
201.481	0.0126298
201.489	0.00826633
201.514	0.0248428
201.517	0.00342714
201.522	0.00499134
201.523	0.00113196
201.525	0.00210324
201.526	0.00066522
201.572	0.0455492
201.576	0.00463144
201.579	0.00243018
201.601	0.0225025
201.603	0.00147388
201.607	0.00439553
201.623	0.0158967
201.674	0.0508432
201.687	0.0133376
201.696	0.00886558
201.704	0.00825361
201.711	0.00630571
201.726	0.0150595
201.738	0.0128433
201.741	0.0024077
201.746	0.00520841
201.756	0.00973615
201.76	0.00448087
201.782	0.0219584
201.79	0.00771798
201.805	0.0151268
201.807	0.00182356
201.84	0.032857
201.846	0.00620278
201.847	0.00127067
201.849	0.00221594
201.865	0.0157494
201.88	0.0151252
201.894	0.0140233
201.917	0.0221905
201.95	0.0336149
201.957	0.00656766
201.979	0.0226233
202	0.0206917
202.003	0.00265335
202.028	0.0249628
202.033	0.00567169
202.047	0.0135496
202.058	0.0110612
202.063	0.00540022
202.065	0.00203509
202.075	0.00965174
202.082	0.0068712
202.105	0.0227078
202.109	0.00418564
202.113	0.00403999
202.12	0.00758217
202.123	0.00276087
202.13	0.00723303
202.151	0.0208474
202.154	0.00318589
202.183	0.0282149
202.187	0.0039247
202.195	0.0087219
202.203	0.00787836
202.222	0.0183613
202.253	0.0318189
202.274	0.0203826
202.286	0.0122063
202.289	0.00349659
202.299	0.00979862
202.308	0.00831267
202.31	0.00266503
202.314	0.00388157
202.333	0.0191545
202.373	0.0397324
202.376	0.00354587
202.381	0.00440236
202.385	0.00373883
202.42	0.0355508
202.443	0.0224536
202.444	0.000912957
202.446	0.00218757
202.448	0.00260602
202.45	0.00163056
202.45	7.42971e-05
202.473	0.0229632
202.476	0.00253999
202.478	0.00206898
202.498	0.0201626
202.531	0.0330887
202.563	0.0318808
202.582	0.0195336
202.596	0.0136982
202.6	0.00406819
202.615	0.0152949
202.623	0.0078869
202.664	0.0404506
202.67	0.00658163
202.674	0.00372185
202.703	0.0287261
202.728	0.0250791
202.749	0.0210372
202.75	0.00127768
202.757	0.00734489
202.773	0.0156261
202.788	0.0144738
202.794	0.00649999
202.799	0.00478032
202.806	0.006805
202.843	0.0373498
202.847	0.00429231
202.879	0.0313767
202.895	0.0159879
202.898	0.00344958
202.9	0.00140606
202.907	0.00792456
202.908	0.00101687
202.923	0.014851
202.959	0.0354363
202.965	0.00634284
202.985	0.02033
202.988	0.00233329
203	0.0122595
203.003	0.00250275
203.029	0.0265778
203.036	0.00681847
203.036	0.000434249
203.042	0.0052609
203.069	0.027419
203.082	0.013069
203.094	0.012236
203.098	0.00322359
203.129	0.0318849
203.138	0.00883118
203.14	0.00178463
203.148	0.00786029
203.158	0.0101898
203.16	0.00157925
203.166	0.00622661
203.167	0.000700523
203.171	0.00445128
203.175	0.00410984
203.18	0.00532625
203.201	0.0205505
203.21	0.00945523
203.227	0.0167167
203.229	0.00198102
203.243	0.0135106
203.247	0.00470159
203.269	0.021457
203.279	0.0102547
203.28	0.00077099
203.285	0.00533712
203.309	0.0241043
203.329	0.0194418
203.344	0.0148969
203.35	0.00654972
203.351	0.000997813
203.371	0.0194161
203.371	0.000218049
203.373	0.00192227
203.375	0.00216607
203.384	0.00901335
203.432	0.0477175
203.449	0.017108
203.466	0.0176479
203.47	0.00386866
203.504	0.034077
203.528	0.0235886
203.536	0.00845359
203.563	0.0261458
203.576	0.0130119
203.602	0.026721
203.613	0.0110109
203.632	0.0189514
203.634	0.00196325
203.655	0.0203323
203.665	0.0101702
203.675	0.0106527
203.694	0.0186393
203.729	0.0349985
203.729	0.000316791
203.731	0.00152079
203.732	0.000823249
203.744	0.0128139
203.75	0.00513636
203.751	0.000975692
203.772	0.0211165
203.772	0.000330856
203.804	0.0316169
203.821	0.0172214
203.854	0.0335005
203.872	0.0177279
203.897	0.0247943
203.899	0.00230447
203.908	0.00862028
203.95	0.0418908
203.963	0.0134916
203.97	0.0069642
203.986	0.0155386
203.989	0.00284072
203.992	0.00329701
204	0.00815039
204.017	0.0172309
204.021	0.00336426
204.056	0.0356407
204.065	0.00856248
204.068	0.00349087
204.087	0.0184535
204.088	0.00148812
204.088	1.83879e-06
204.092	0.00401637
204.11	0.0180402
204.11	0.000123718
204.112	0.0015787
204.147	0.035434
204.149	0.00179975
204.161	0.0120384
204.162	0.000894622
204.17	0.00765289
204.176	0.00644148
204.177	0.000603179
204.194	0.0172825
204.2	0.00545766
204.208	0.00811631
204.211	0.00324457
204.215	0.00359454
204.219	0.00422821
204.219	0.00047411
204.22	0.00099309
204.225	0.00485988
204.227	0.00156962
204.233	0.00622473
204.237	0.00443186
204.24	0.00308572
204.282	0.0420437
204.286	0.00317685
204.294	0.00787431
204.297	0.00349498
204.383	0.0858656
204.393	0.0100093
204.409	0.0159905
204.424	0.0147196
204.443	0.0192678
204.443	0.000250225
204.455	0.0121354
204.459	0.00388107
204.492	0.0326989
204.534	0.04263
204.545	0.0109407
204.547	0.0019516
204.569	0.0216006
204.593	0.0245058
204.594	0.000705541
204.601	0.00722944
204.616	0.0144928
204.627	0.010922
204.631	0.00375525
204.671	0.0406623
204.675	0.00329788
204.675	0.000245789
204.702	0.0276961
204.739	0.0364017
204.75	0.011369
204.752	0.00222758
204.783	0.0301085
204.795	0.0126115
204.799	0.00364016
204.801	0.00175128
204.829	0.0288921
204.834	0.00497008
204.863	0.0288498
204.865	0.00152873
204.877	0.011804
204.877	0.000702204
204.891	0.0133598
204.895	0.00391106
204.898	0.00377159
204.916	0.0175489
204.937	0.0209975
204.943	0.00625248
204.96	0.0173212
204.971	0.0103337
204.974	0.00285267
204.976	0.00197534
205	0.0243562
205.032	0.0321355
205.043	0.0112849
205.045	0.00200657
205.056	0.0102551
205.064	0.00815057
205.084	0.0200698
205.085	0.0005996
205.086	0.00117336
205.087	0.00121016
205.1	0.0133466
205.103	0.00301273
205.116	0.0131728
205.124	0.00723051
205.133	0.00894686
205.151	0.0188505
205.157	0.00514965
205.174	0.0169971
205.174	0.000102665
205.189	0.0150403
205.216	0.0276137
205.224	0.00779726
205.229	0.00446032
205.239	0.00997194
205.24	0.00162224
205.272	0.0316763
205.274	0.00185903
205.283	0.00969785
205.286	0.00284192
205.3	0.0138959
205.303	0.00324351
205.314	0.0101616
205.315	0.00126324
205.325	0.0105427
205.351	0.0258803
205.406	0.0552332
205.411	0.00469852
205.416	0.00430655
205.444	0.0286006
205.453	0.00931552
205.455	0.00110942
205.467	0.0122507
205.472	0.00484359
205.495	0.0228952
205.512	0.0172016
205.536	0.0243266
205.564	0.0279892
205.589	0.0249533
205.608	0.0192838
205.61	0.00159208
205.61	0.000636366
205.613	0.00275668
205.631	0.0179834
205.646	0.0150556
205.648	0.00148039
205.654	0.00667043
205.671	0.0161922
205.72	0.0489382
205.733	0.0136864
205.736	0.0029882
205.74	0.00359258
205.743	0.00297506
205.769	0.0263215
205.777	0.00767922
205.777	0.000214686
205.787	0.00958367
205.818	0.0316395
205.818	5.18847e-05
205.821	0.00229035
205.837	0.0165683
205.847	0.00986107
205.863	0.0162461
205.909	0.0453951
205.911	0.00215804
205.929	0.0180905
205.94	0.0106085
205.951	0.0111111
205.957	0.00639715
205.966	0.00887326
205.966	0.000377653
205.976	0.00930307
206	0.023964
206	0.000447363
206.013	0.0125394
206.022	0.00918075
206.028	0.00617398
206.065	0.0374216
206.069	0.00389613
206.074	0.00515204
206.082	0.00783946
206.091	0.00846536
206.114	0.0230226
206.114	5.00381e-06
206.116	0.00231058
206.12	0.00440827
206.121	0.000215631
206.139	0.0187197
206.149	0.00926284
206.154	0.00547523
206.176	0.0215782
206.192	0.016816
206.218	0.0259911
206.244	0.0257662
206.244	6.43443e-05
206.259	0.0145875
206.271	0.0124062
206.306	0.0343977
206.319	0.0131989
206.321	0.00190556
206.327	0.00626662
206.347	0.020259
206.356	0.00836391
206.36	0.00405636
206.369	0.00955183
206.388	0.0189105
206.388	0.000178694
206.395	0.00668414
206.399	0.00417641
206.43	0.0309057
206.433	0.00283148
206.462	0.0291867
206.464	0.00215733
206.466	0.00158155
206.512	0.0461599
206.517	0.00492855
206.532	0.0151025
206.536	0.00424021
206.543	0.00622014
206.551	0.00869729
206.555	0.00416138
206.563	0.00779249
206.564	0.000831719
206.596	0.0320846
206.607	0.0104113
206.661	0.0546306
206.665	0.00377086
206.689	0.0237631
206.691	0.00225807
206.701	0.00994469
206.724	0.0227009
206.728	0.00406588
206.729	0.00111367
206.746	0.0173076
206.751	0.0050254
206.754	0.00264181
206.755	0.00110847
206.778	0.0236011
206.785	0.00664833
206.813	0.027509
206.826	0.0134748
206.829	0.00252335
206.83	0.00153526
206.841	0.0111047
206.846	0.00464319
206.851	0.00526394
206.893	0.0419932
206.898	0.00494155
206.922	0.023911
206.938	0.015604
206.941	0.00374898
206.959	0.017705
206.966	0.00711544
206.967	0.000854496
206.969	0.00215843
206.995	0.0256187
207	0.00517376
207.044	0.0442851
207.063	0.0182328
207.068	0.00527365
207.071	0.00310772
207.077	0.00649065
207.082	0.00498404
207.099	0.017087
207.124	0.0241036
207.126	0.00199179
207.158	0.0326691
207.167	0.00907373
207.221	0.0534911
207.232	0.0109215
207.233	0.00169097
207.25	0.0164842
207.267	0.017259
207.272	0.00524532
207.283	0.0108138
207.293	0.0101641
207.296	0.00245668
207.318	0.0224878
207.321	0.00232149
207.332	0.0112322
207.336	0.0042433
207.344	0.00771583
207.349	0.0049356
207.354	0.00499957
207.361	0.00722158
207.38	0.0192587
207.389	0.00827252
207.397	0.00883449
207.413	0.0153679
207.419	0.00642782
207.422	0.00275223
207.428	0.00583095
207.435	0.00725628
207.439	0.00404973
207.452	0.0134021
207.456	0.00381655
207.477	0.0210114
207.514	0.036358
207.548	0.0340154
207.553	0.00577559
207.559	0.00533462
207.565	0.00614196
207.57	0.005358
207.599	0.0288652
207.605	0.00595986
207.62	0.0147947
207.639	0.0193164
207.646	0.00717156
207.661	0.0147297
207.674	0.0129556
207.682	0.00802189
207.697	0.0145001
207.7	0.00389262
207.712	0.0118784
207.718	0.00614235
207.722	0.00362596
207.726	0.00366028
207.727	0.00122916
207.733	0.00598806
207.769	0.0363438
207.8	0.0309187
207.818	0.018011
207.832	0.0134363
207.841	0.00917313
207.847	0.00583687
207.864	0.0175174
207.897	0.0323617
207.921	0.0241252
207.935	0.0139211
207.975	0.0401272
207.986	0.0110981
208	0.0141503
208.009	0.0092492
208.011	0.00175529
208.015	0.00406898
208.024	0.0085904
208.028	0.0045392
208.029	0.000644103
208.042	0.0127706
208.066	0.0245642
208.083	0.0167746
208.095	0.0124505
208.111	0.0159058
208.125	0.0135171
208.132	0.00694716
208.149	0.0169368
208.16	0.0116314
208.177	0.0168422
208.196	0.0185223
208.197	0.00106826
208.213	0.0164727
208.256	0.0422677
208.265	0.00911634
208.265	0.000445351
208.268	0.00246186
208.274	0.00666368
208.307	0.0327703
208.317	0.00964232
208.334	0.0172061
208.336	0.00188466
208.358	0.0226329
208.359	0.000583724
208.365	0.00626785
208.398	0.0323616
208.411	0.0132816
208.429	0.0176641
208.429	0.000609362
208.433	0.00415165
208.44	0.00688073
208.445	0.00457374
208.446	0.00114689
208.455	0.00901097
208.476	0.0206908
208.476	0.000509197
208.478	0.0022939
208.489	0.0102185
208.491	0.0027568
208.5	0.00820591
208.5	0.000925413
208.511	0.0105904
208.514	0.00340792
208.516	0.00159537
208.519	0.00329163
208.523	0.00361997
208.527	0.00447954
208.573	0.0450538
208.581	0.00819986
208.584	0.0029328
208.598	0.0138904
208.602	0.00460435
208.603	0.000893586
208.606	0.00280127
208.668	0.0617137
208.67	0.00293354
208.699	0.0286533
208.706	0.00722575
208.711	0.00477907
208.717	0.00540204
208.742	0.0249987
208.759	0.0177497
208.785	0.0261366
208.792	0.00699197
208.834	0.041796
208.864	0.0298161
208.887	0.0230697
208.892	0.00486289
208.902	0.0103133
208.909	0.00706704
208.919	0.00993192
208.934	0.0150439
208.957	0.0222326
208.962	0.00592231
208.964	0.00175891
208.986	0.0213724
208.993	0.0069132
209	0.00747974
209.034	0.0339852
209.036	0.00249123
209.038	0.0014378
209.038	0.000338866
209.052	0.0141685
209.066	0.0140721
209.098	0.0314337
209.12	0.0221103
209.177	0.0571886
209.186	0.00926651
209.195	0.00854438
209.198	0.00251253
209.225	0.0275076
209.233	0.00752978
209.239	0.00603466
209.253	0.0141948
209.256	0.0031422
209.256	0.000449511
209.261	0.00472726
209.29	0.0290059
209.291	0.000432011
209.294	0.00299596
209.307	0.0131628
209.315	0.00816127
209.325	0.0103874
209.339	0.0132406
209.36	0.021251
209.363	0.00278613
209.383	0.0201398
209.383	0.000127147
209.4	0.0169795
209.412	0.0121346
209.416	0.00400873
209.426	0.010065
209.434	0.00781161
209.439	0.0047909
209.445	0.00618641
209.449	0.00445617
209.463	0.0142345
209.465	0.0015886
209.479	0.0142224
209.486	0.0068248
209.486	2.55746e-06
209.497	0.0104835
209.5	0.0032645
209.513	0.0130386
209.517	0.00417811
209.53	0.0133
209.536	0.00539845
209.537	0.00162426
209.554	0.016127
209.563	0.00930631
209.566	0.00292011
209.571	0.00538462
209.598	0.0269799
209.652	0.0534413
209.689	0.0377785
209.699	0.00942983
209.709	0.0104417
209.711	0.00177047
209.714	0.0034366
209.716	0.00172878
209.717	0.00114283
209.759	0.0416271
209.772	0.0130579
209.789	0.0165463
209.833	0.0444646
209.84	0.00698173
209.864	0.0235356
209.865	0.00104637
209.87	0.00544279
209.88	0.0103643
209.891	0.0106534
209.909	0.0183484
209.91	0.000549493
209.91	7.2947e-05
209.927	0.0173973
209.943	0.0157156
209.999	0.0561617
