200.04	0.00807944
200.072	0.0318532
200.082	0.00939603
200.082	0.000656702
200.098	0.0154801
200.113	0.0151955
200.123	0.00966848
200.128	0.00571465
200.144	0.0152337
200.208	0.0640036
200.221	0.0134596
200.221	3.60697e-05
200.23	0.00890947
200.232	0.00248808
200.247	0.0141737
200.281	0.0347988
200.317	0.0357042
200.325	0.0081557
200.34	0.0150295
200.351	0.0102915
200.386	0.0354902
200.391	0.00523813
200.398	0.00641749
200.407	0.00882653
200.41	0.00347114
200.42	0.00972739
200.428	0.00817496
200.43	0.00255952
200.438	0.00783678
200.443	0.00439081
200.45	0.00745668
200.46	0.0102394
200.474	0.0136564
200.478	0.0035187
200.495	0.0173727
200.501	0.00639803
200.509	0.00734849
200.521	0.0125736
200.529	0.0078185
200.529	7.25263e-06
200.561	0.0317329
200.584	0.0230221
200.585	0.000690741
200.593	0.00833009
200.649	0.0565773
200.679	0.0295035
200.731	0.0522268
200.735	0.00411015
200.774	0.0389472
200.795	0.021132
200.799	0.00316688
200.809	0.0107047
200.862	0.052557
200.889	0.0274384
200.901	0.011288
200.912	0.0117525
200.942	0.029505
200.944	0.00257485
200.945	0.000209464
201	0.0549488
201	0.000482506
201.047	0.0470498
201.059	0.0119949
201.085	0.0257356
201.095	0.0106741
201.096	0.000908645
201.103	0.00704424
201.108	0.00414634
201.114	0.00661095
201.164	0.0493815
201.205	0.0416475
201.213	0.00790124
201.232	0.0189359
201.252	0.0201343
201.278	0.0255543
201.301	0.023472
201.319	0.0178246
201.327	0.00812775
201.336	0.00909042
201.343	0.00635419
201.354	0.0116662
201.356	0.00125829
201.386	0.0309494
201.394	0.00791862
201.397	0.00238768
201.4	0.00330731
201.412	0.0122524
201.417	0.00443044
201.424	0.00717181
201.44	0.0162523
201.455	0.0146597
201.457	0.00229346
201.487	0.0298183
201.497	0.00989037
201.508	0.0108917
201.517	0.00932399
201.555	0.0375807
201.567	0.0122569
201.567	0.00049255
201.573	0.00518923
201.581	0.00819176
201.586	0.00485884
201.59	0.00410684
201.604	0.0140536
201.632	0.0280532
201.639	0.007604
201.647	0.00803786
201.653	0.00534175
201.677	0.0243782
201.734	0.0566213
201.761	0.0275668
201.808	0.0464128
201.814	0.00665475
201.817	0.0023129
201.843	0.0266668
201.863	0.0196024
201.93	0.0668202
201.946	0.0165236
201.954	0.0073032
201.974	0.0206845
201.994	0.0199266
202	0.00569872
202.021	0.0209913
202.022	0.00127625
202.041	0.0191031
202.084	0.0429141
202.086	0.00148266
202.109	0.0228724
202.147	0.0378894
202.164	0.0176995
202.178	0.013647
202.183	0.00490454
202.2	0.0172892
202.204	0.00395998
202.204	0.000322239
202.265	0.0603336
202.273	0.00819669
202.278	0.00530155
202.282	0.00427347
202.288	0.005123
202.312	0.0247568
202.325	0.01303
202.347	0.0213086
202.356	0.00939757
202.36	0.00352561
202.369	0.00947771
202.385	0.0162527
202.389	0.00322898
202.394	0.00506107
202.414	0.0206206
202.451	0.0368749
202.489	0.0377254
202.507	0.0185286
202.529	0.0212317
202.541	0.0127162
202.559	0.0179469
202.563	0.00360986
202.564	0.000784211
202.574	0.0102736
202.592	0.0177002
202.616	0.0244601
202.624	0.00758132
202.648	0.0239601
202.668	0.0202299
202.671	0.00342573
202.689	0.0181353
202.694	0.00476789
202.705	0.0112317
202.717	0.0120137
202.736	0.0188481
202.74	0.00398388
202.745	0.00502655
202.749	0.00328403
202.797	0.0480876
202.81	0.0135148
202.818	0.00776394
202.826	0.00770285
202.881	0.0556183
202.928	0.0467417
202.97	0.0423648
202.998	0.0276893
203	0.00193719
203.035	0.0352947
203.036	0.000994022
203.037	0.000695218
203.045	0.00831527
203.046	0.000844715
203.065	0.0190658
203.076	0.0112654
203.082	0.00531396
203.112	0.0306278
203.122	0.00937313
203.133	0.0110515
203.134	0.000802097
203.17	0.0364729
203.19	0.0203089
203.233	0.0422714
203.235	0.00187386
203.246	0.0111313
203.256	0.0104603
203.27	0.0134237
203.296	0.0259375
203.314	0.0181549
203.322	0.00874162
203.344	0.021414
203.352	0.00778064
203.362	0.0105471
203.373	0.0107172
203.387	0.0143002
203.408	0.0206728
203.419	0.0112949
203.426	0.00641474
203.442	0.0159831
203.535	0.0934692
203.555	0.0199794
203.562	0.00731417
203.566	0.00332744
203.575	0.00916923
203.58	0.00565076
203.585	0.00431818
203.64	0.0553596
203.644	0.00336894
203.647	0.00370082
203.647	0.000145236
203.676	0.0285146
203.685	0.00931375
203.736	0.050622
203.749	0.0129806
203.768	0.0196713
203.77	0.00188912
203.778	0.00745032
203.788	0.0105537
203.835	0.0468728
203.838	0.00310051
203.844	0.00518762
203.88	0.0361951
203.882	0.00265989
203.892	0.0101175
203.894	0.00192739
203.896	0.00193527
203.902	0.0054731
203.955	0.0530439
203.959	0.0045986
203.989	0.0294485
204	0.0110969
204.001	0.00123575
204.011	0.00953463
204.039	0.028046
204.046	0.00736554
204.062	0.016078
204.085	0.02236
204.098	0.0134032
204.098	0.000322532
204.108	0.00979641
204.135	0.0267634
204.137	0.00172471
204.139	0.0023637
204.178	0.038944
204.193	0.0147228
204.217	0.0245447
204.235	0.0179035
204.242	0.0070738
204.255	0.0132005
204.256	0.00104397
204.319	0.062226
204.323	0.00407297
204.324	0.00132182
204.345	0.020523
204.381	0.0361847
204.399	0.0182255
204.42	0.0212758
204.421	0.000312753
204.435	0.0148538
204.446	0.0107365
204.498	0.0518312
204.526	0.0276356
204.55	0.0239688
204.554	0.003934
204.587	0.033432
204.608	0.0212379
204.611	0.00279229
204.656	0.0448565
204.663	0.00742894
204.68	0.0165208
204.716	0.0365833
204.723	0.00666692
204.739	0.0160173
204.743	0.0035456
204.75	0.00712507
204.751	0.00138894
204.756	0.0048146
204.803	0.0472697
204.807	0.00388461
204.837	0.0302528
204.862	0.0249168
204.87	0.00760306
204.902	0.0316446
204.908	0.00602187
204.912	0.00421632
204.941	0.029039
204.948	0.00766823
204.955	0.00615548
204.981	0.0265312
204.985	0.00428427
205	0.0145724
205.008	0.00821039
205.026	0.01782
205.027	0.0011705
205.028	0.000761753
205.036	0.00774545
205.041	0.00572361
205.048	0.0066074
205.051	0.00301576
205.072	0.021443
205.116	0.0434005
205.123	0.00740373
205.148	0.0246842
205.16	0.011593
205.165	0.00591953
205.171	0.00534181
205.175	0.00398744
205.191	0.0157502
205.207	0.0161936
205.22	0.0133208
205.228	0.00759285
205.263	0.0355034
205.267	0.00349295
205.294	0.0268513
205.309	0.0152375
205.349	0.0402615
205.374	0.025316
205.443	0.0687907
205.452	0.00889944
205.468	0.0154632
205.475	0.0072321
205.489	0.01459
205.522	0.0330369
205.543	0.0211004
205.586	0.0424491
205.593	0.00754137
205.616	0.0223333
205.632	0.0159948
205.642	0.00972382
205.65	0.00869022
205.657	0.00684857
205.683	0.0259579
205.71	0.0273301
205.714	0.00366443
205.715	0.00146982
205.739	0.0232686
205.783	0.0447567
205.792	0.00891594
205.794	0.00120184
205.813	0.0198479
205.814	0.000843284
205.847	0.0328736
205.857	0.0103134
205.869	0.0112568
205.928	0.0592957
205.929	0.000593021
205.944	0.0152026
205.944	0.000255741
205.987	0.042818
206	0.0130925
206.008	0.00826625
206.037	0.0286022
206.039	0.00242958
206.048	0.0087524
206.069	0.0207382
206.069	6.16873e-06
206.09	0.0209204
206.091	0.00151267
206.1	0.00842352
206.115	0.0150289
206.118	0.00297983
206.118	0.00068601
206.125	0.00652647
206.126	0.00111772
206.128	0.0016458
206.161	0.0333966
206.173	0.0120682
206.178	0.00444967
206.182	0.00479715
206.192	0.00958453
206.2	0.00839201
206.201	0.000855561
206.203	0.00146045
206.221	0.0183186
206.268	0.0475148
206.318	0.0499942
206.355	0.0362068
206.368	0.0132822
206.431	0.0633299
206.433	0.00172183
206.476	0.042864
206.491	0.0153928
206.494	0.00252045
206.515	0.0208283
206.541	0.0267944
206.558	0.0164699
206.558	8.35738e-05
206.594	0.0358441
206.6	0.00611828
206.608	0.00790886
206.626	0.0186146
206.675	0.0482687
206.677	0.00223405
206.693	0.0164026
206.698	0.00429024
206.703	0.00502714
206.727	0.0245935
206.738	0.0103442
206.74	0.00233062
206.784	0.0438862
206.826	0.0420093
206.862	0.0364841
206.867	0.00490565
206.868	0.00098344
206.907	0.038859
206.912	0.00454225
206.938	0.0266088
206.963	0.0246412
206.973	0.010018
206.989	0.016501
206.992	0.00294362
207	0.00767864
207.014	0.0143968
207.015	0.000852652
207.015	0.000177756
207.029	0.0131867
207.05	0.0211772
207.052	0.00207508
207.055	0.00279836
207.056	0.00148894
207.059	0.00315552
207.131	0.0719813
207.137	0.00600212
207.152	0.0146234
207.166	0.0138832
207.174	0.00824603
207.218	0.0442499
207.233	0.0149337
207.243	0.0102456
207.255	0.011642
207.258	0.00238722
207.28	0.0228567
207.282	0.00180337
207.303	0.0207819
207.318	0.0148328
207.319	0.00154631
207.336	0.0168778
207.346	0.0101398
207.354	0.00748863
207.362	0.00775065
207.363	0.00174844
207.409	0.0456498
207.46	0.0512639
207.466	0.00567172
207.47	0.00374642
207.472	0.00270908
207.477	0.00479562
207.562	0.0844294
207.606	0.0447849
207.626	0.0198551
207.633	0.00667501
207.639	0.0064719
207.64	0.000474373
207.64	0.000135578
207.64	0.000413637
207.685	0.0445816
207.708	0.0228519
207.72	0.0122957
207.722	0.00215367
207.781	0.0584267
207.783	0.00230839
207.843	0.0600917
207.856	0.0131392
207.857	0.000988122
207.887	0.0293359
207.89	0.00305786
207.904	0.0140196
207.911	0.00759219
207.913	0.00214387
207.93	0.016794
207.944	0.0136024
207.958	0.0139382
207.96	0.00239833
207.966	0.00545425
207.971	0.00495498
207.994	0.0233519
207.995	0.000893378
208	0.00521971
208.02	0.0201786
208.077	0.0565342
208.128	0.0512507
208.161	0.0325603
208.171	0.0100539
208.171	0.000665866
208.187	0.0157804
208.197	0.00974901
208.208	0.0108004
208.216	0.00880732
208.219	0.00215388
208.235	0.0162586
208.245	0.00979448
208.294	0.0497415
208.313	0.0188014
208.33	0.016988
208.343	0.0130764
208.347	0.00353664
208.351	0.004426
208.355	0.00406466
208.374	0.0188305
208.391	0.0174055
208.418	0.0263462
208.429	0.0114905
208.462	0.0327044
208.479	0.0173286
208.496	0.0168056
208.499	0.00309025
208.506	0.00677323
208.515	0.00859378
208.524	0.00891501
208.526	0.0025815
208.554	0.0276375
208.603	0.0493957
208.608	0.00532745
208.613	0.0043729
208.672	0.0595428
208.694	0.0220343
208.699	0.00488337
208.722	0.0231199
208.737	0.0146633
208.74	0.00278529
208.74	0.00046228
208.741	0.000562213
208.742	0.000982447
208.756	0.0138381
208.804	0.0487516
208.81	0.00601265
208.812	0.00109691
208.841	0.02961
208.887	0.0458248
208.906	0.0189839
208.929	0.0226305
208.935	0.00642124
208.946	0.0107121
208.948	0.00256755
208.952	0.00343165
208.976	0.0240794
209	0.0241829
209.019	0.0191526
209.019	0.000248106
209.058	0.0381819
209.064	0.00615148
209.096	0.0322974
209.128	0.0323965
209.133	0.00451893
209.157	0.0239054
209.194	0.0368016
209.2	0.00631521
209.211	0.0111188
209.217	0.00543894
209.23	0.0136377
209.271	0.0406459
209.282	0.011562
209.286	0.0031422
209.291	0.00547913
209.317	0.0264349
209.349	0.0314498
209.353	0.00377415
209.398	0.0457657
209.404	0.00563588
209.417	0.0128009
209.419	0.00261152
209.422	0.00299535
209.467	0.044756
209.522	0.0550998
209.527	0.0050578
209.566	0.0389575
209.588	0.0214603
209.589	0.00140879
209.602	0.0125809
209.606	0.00398503
209.608	0.00221077
209.618	0.0100343
209.619	0.00123142
209.624	0.00441429
209.655	0.0314842
209.655	2.83964e-05
209.658	0.00251125
209.66	0.00208739
209.679	0.0191609
209.682	0.00337029
209.683	0.000871293
209.698	0.014524
209.71	0.0122187
209.734	0.0245814
209.761	0.0268765
209.762	0.000992903
209.774	0.0114542
209.793	0.0189827
209.816	0.0236001
209.824	0.00751698
209.834	0.010536
209.852	0.0174866
209.863	0.0115201
209.875	0.0119392
209.919	0.0432285
209.933	0.014355
209.967	0.0341481
209.985	0.0175646
210	0.015302
210.001	0.000826353
210.053	0.0523545
210.073	0.0198913
210.087	0.0134792
210.094	0.00774821
210.109	0.0150914
210.169	0.0594411
210.171	0.00176926
210.191	0.0202726
210.209	0.0185393
210.213	0.0034679
210.245	0.0324935
210.251	0.00545004
210.297	0.0461397
210.313	0.0160834
210.343	0.0295025
210.345	0.00234653
210.368	0.0227167
210.381	0.0132712
210.4	0.0189399
210.411	0.0112186
210.453	0.0423753
210.461	0.00708913
210.465	0.00423537
210.494	0.0288933
210.508	0.0140448
210.53	0.0219486
210.537	0.00728056
210.55	0.0132911
210.554	0.00343767
210.608	0.0548303
210.617	0.00820962
210.626	0.00897276
210.647	0.021555
210.655	0.00797018
210.659	0.00351409
210.663	0.00418144
210.672	0.00939833
210.679	0.0066464
210.702	0.0228499
210.714	0.0121291
210.745	0.0306511
210.746	0.00141588
210.749	0.00312563
210.78	0.0308263
210.781	0.000923689
210.785	0.00433165
210.798	0.0128585
210.798	0.000429877
210.807	0.00821954
210.809	0.00221397
210.816	0.00701374
210.83	0.0142357
210.83	0.000254248
210.842	0.0119389
210.845	0.00271639
210.849	0.00442733
210.871	0.0212422
210.874	0.00285096
210.914	0.0407061
210.932	0.0172823
210.957	0.0252438
210.989	0.0320316
211	0.0111645
211.066	0.0664142
211.1	0.0331416
211.127	0.0270398
211.144	0.0174729
211.158	0.0136749
211.169	0.0114886
211.207	0.0375977
211.226	0.0189305
211.29	0.0646944
211.295	0.00426975
211.313	0.018556
211.319	0.00599548
211.323	0.00377391
211.336	0.013188
211.337	0.000642385
211.357	0.0205847
211.392	0.0344511
211.395	0.00281534
211.429	0.0338389
211.456	0.0274021
211.482	0.0260111
211.493	0.0110269
211.507	0.0142075
211.521	0.0136508
211.525	0.00439444
211.531	0.00546651
211.561	0.0299328
211.583	0.0223793
211.613	0.0297115
211.632	0.0192901
211.635	0.00263081
211.641	0.00676149
