200.3200817	-12.52510601	-0.001160092807	4.128268864e-14	-1.292626088e-12	215.0011601
200.6930639	11.68241368	-0.001333333333	2.200166013e-13	6.000554133e-12	187.0013333
201	1.924315792e-14	0.002481389578	6.333206667e-15	-2.792918156e-12	200.9975186
201.286061	-12.55415604	-0.001154734411	-6.732515425e-14	1.880037663e-12	216.0011547
201.7295302	11.7135538	-0.001326259947	-5.33055219e-14	-1.438082686e-12	188.0013263
202	-1.613330326e-14	0.002469135802	-2.233916998e-15	-8.875410694e-13	201.9975309
202.2521188	-12.583139	-0.001149425287	-5.220495389e-14	1.563281629e-12	217.0011494
202.7658999	11.74461135	-0.001319261214	-2.455919605e-14	-6.206118687e-13	189.0013193
203	5.178718477e-15	0.002457002457	3.064884507e-15	5.009478261e-12	202.997543
203.2182545	-12.61205536	-0.00114416476	8.743214867e-14	-2.540732711e-12	218.0011442
203.8021737	11.77558699	-0.001312335958	2.754644478e-14	7.614191336e-13	190.0013123
204	-5.001507645e-15	0.002444987775	5.03035411e-15	-3.4582569e-12	203.997555
204.1844676	-12.64090557	-0.001138952164	-1.156871613e-14	2.479253104e-13	219.001139
204.8383525	11.80648137	-0.001305483029	-1.756222073e-14	-3.995575425e-13	191.0013055
205	8.906229766e-15	0.002433090024	-4.937165451e-15	1.820562023e-12	204.9975669
205.1507576	-12.66969009	-0.001133786848	7.718363278e-14	-2.377341893e-12	220.0011338
205.8744369	11.83729511	-0.001298701299	-1.616613255e-14	-4.628843465e-13	192.0012987
206	-1.297779865e-16	0.002421307506	1.238942254e-15	1.836990517e-12	205.9975787
206.1171239	-12.69840936	-0.001128668172	-8.304076187e-17	2.588508978e-14	221.0011287
206.9104277	11.86802885	-0.001291989664	6.812411831e-14	1.902677971e-12	193.001292
207	-5.703699178e-15	0.002409638554	-1.522531754e-15	-1.894899679e-12	206.9975904
207.0835661	-12.72706382	-0.001123595506	-5.501316601e-14	1.638626567e-12	222.0011236
207.9463257	11.89868321	-0.001285347044	-4.041020641e-14	-1.142073727e-12	194.0012853
208	1.039356754e-15	0.002398081535	-3.50689994e-15	4.621247746e-12	207.9976019
208.0500836	-12.75565391	-0.001118568233	1.987317543e-15	-7.64712404e-16	223.0011186
208.9821315	11.92925879	-0.001278772379	-1.080521729e-14	-2.97733673e-13	195.0012788
209	-1.503357213e-14	0.002386634845	1.756077108e-15	-8.1539268e-12	208.9976134
209.0166759	-12.78418007	-0.001113585746	-2.73340389e-16	-4.164372519e-14	224.0011136
209.9833426	-12.81264272	-0.00110864745	8.241927466e-14	-2.438970939e-12	225.0011086
210	-3.73409995e-15	0.002375296912	-4.794719755e-15	7.664676797e-13	209.9976247
210.0178458	11.95975621	-0.001272264631	-4.099728224e-15	-7.383306206e-14	196.0012723
210.9500831	-12.84104227	-0.001103752759	-6.521258806e-14	1.845815284e-12	226.0011038
211	-9.15802504e-15	0.002364066194	-1.971422542e-15	3.457492886e-12	210.9976359
211.0534693	11.99017605	-0.001265822785	-5.163657666e-14	-1.425618221e-12	197.0012658
211.9168969	-12.86937916	-0.001098901099	8.881451173e-14	-2.644289396e-12	227.0010989
212	-3.654957486e-15	0.002352941176	5.006826702e-15	3.863108472e-12	211.9976471
212.0890028	12.02051892	-0.001259445844	2.07301605e-14	5.927677288e-13	198.0012594
212.8837835	-12.89765379	-0.001094091904	-1.126171646e-13	3.395554e-12	228.0010941
213	-8.365373299e-15	0.002341920375	-4.048923722e-15	-3.916776308e-12	212.9976581
213.1244469	12.05078538	-0.001253132832	-8.040988426e-14	-2.266237818e-12	199.0012531
213.8507426	-12.92586657	-0.001089324619	-7.149191109e-15	2.326693382e-13	229.0010893
214	-8.375436231e-15	0.002331002331	-1.629112462e-15	-1.357288869e-12	213.997669
214.1598023	12.08097602	-0.001246882793	2.171719957e-13	6.270379238e-12	200.0012469
214.8177735	-12.9540179	-0.001084598698	1.251132266e-13	-3.819270891e-12	230.0010846
215	-7.697033854e-15	0.002320185615	-1.848656625e-15	3.280488206e-12	214.9976798
215.1950696	12.1110914	-0.001240694789	3.322799446e-14	8.892404772e-13	201.0012407
215.7848759	-12.98210819	-0.001079913607	-1.313494398e-13	4.105340634e-12	231.0010799
216	-3.912626549e-15	0.002309468822	-5.639098677e-15	-3.862949547e-12	215.9976905
216.2302495	12.14113208	-0.001234567901	-1.656031938e-13	-4.579992475e-12	202.0012346
216.7520493	-13.01013783	-0.001075268817	-8.877842683e-14	2.850923317e-12	232.0010753
217	8.967580709e-15	0.002298850575	-8.95993079e-16	1.718294769e-12	216.9977011
217.2653426	12.17109861	-0.001228501229	1.782097307e-14	4.624314855e-13	203.0012285
217.7192932	-13.03810721	-0.001070663812	1.496622898e-13	-4.53652259e-12	233.0010707
218	1.059348011e-17	0.002288329519	1.210067316e-15	8.889358574e-13	217.9977117
218.3003496	12.20099154	-0.001222493888	-5.915612367e-14	-1.718828173e-12	204.0012225
218.6866072	-13.06601672	-0.001066098081	1.113554605e-13	-3.421987413e-12	234.0010661
219	-6.02774381e-15	0.002277904328	2.567151949e-15	-1.27411255e-12	218.9977221
219.3352712	12.23081141	-0.001216545012	8.373555696e-14	2.473295687e-12	205.0012165
219.6539907	-13.09386674	-0.001061571125	-1.160107978e-13	3.728703406e-12	235.0010616
220	2.202414379e-14	0.002267573696	-4.038694374e-16	2.319202787e-12	219.9977324
220.3701079	12.26055876	-0.001210653753	-7.818048553e-15	-4.907695918e-13	206.0012107
220.6214435	-13.12165765	-0.001057082452	1.159194851e-13	-3.513829384e-12	236.0010571
221	3.470756686e-15	0.002257336343	4.227763251e-15	-1.841229293e-12	220.9977427
221.4048603	12.29023411	-0.001204819277	1.389742645e-14	3.539571547e-13	207.0012048
221.588965	-13.14938983	-0.001052631579	2.743812098e-14	-6.409460755e-13	237.0010526
222	-1.482524352e-15	0.002247191011	-1.170370241e-15	1.953994442e-12	221.9977528
222.4395291	12.31983797	-0.001199040767	-9.276804235e-14	-2.616632797e-12	208.001199
222.5565548	-13.17706364	-0.001048218029	-1.413576701e-13	4.446030104e-12	238.0010482
223	2.631686034e-15	0.002237136465	2.020520323e-15	-2.222983092e-12	222.9977629
223.4741148	12.34937087	-0.001193317422	7.745725516e-14	2.085765008e-12	209.0011933
223.5242125	-13.20467945	-0.001043841336	-4.749624947e-14	1.387878971e-12	239.0010438
224	-9.881074253e-15	0.002227171492	-5.366823836e-15	1.022601965e-12	223.9977728
224.4919376	-13.23223763	-0.001039501039	6.078336836e-14	-1.852743919e-12	240.0010395
224.5086181	12.37883331	-0.001187648456	4.728539621e-14	1.306424269e-12	210.0011876
225	-5.134024282e-15	0.0022172949	5.009782357e-15	-2.720226152e-13	224.9977827
225.4597297	-13.25973854	-0.001035196687	3.007710085e-14	-9.46692319e-13	241.0010352
225.5430396	12.4082258	-0.001182033097	-4.521604118e-14	-1.261599058e-12	211.001182
226	3.200109e-15	0.002207505519	-1.196892046e-15	-3.039502834e-12	225.9977925
226.4275885	-13.28718252	-0.001030927835	-1.746632282e-14	3.431261118e-13	242.0010309
226.5773797	12.43754882	-0.001176470588	-1.55973735e-13	-4.526033183e-12	212.0011765
227	1.46424085e-14	0.002197802198	2.661747941e-15	8.454228857e-13	226.9978022
227.3955135	-13.31456994	-0.001026694045	-7.704916936e-14	2.271830044e-12	243.0010267
227.6116392	12.46680288	-0.001170960187	1.578922192e-13	4.47671137e-12	213.001171
228	-9.019470431e-15	0.002188183807	-2.896004346e-15	-3.579196749e-12	227.9978118
228.3635042	-13.34190114	-0.001022494888	1.999502489e-14	-6.79316532e-13	244.0010225
228.6458185	12.49598845	-0.001165501165	8.591147177e-15	2.823982487e-13	214.0011655
229	6.482713747e-15	0.002178649237	-1.160942136e-15	3.870278617e-12	228.9978214
229.3315604	-13.36917646	-0.001018329939	-3.127866282e-14	9.528625455e-13	245.0010183
229.6799183	12.52510601	-0.001160092807	-2.556380878e-14	-8.531573395e-13	215.0011601
230	1.744767239e-14	0.002169197397	-5.069172592e-15	-4.817449375e-13	229.9978308
230.2996815	-13.39639625	-0.001014198783	6.258685615e-15	-2.370167869e-13	246.0010142
230.713939	12.55415604	-0.001154734411	1.471489054e-14	3.471794245e-13	216.0011547
231	5.781845863e-15	0.002159827214	-2.290809024e-15	-3.597630308e-13	230.9978402
231.2678673	-13.42356085	-0.00101010101	8.248429443e-15	-1.90945654e-13	247.0010101
231.7478812	12.583139	-0.001149425287	7.5548397e-14	2.197149724e-12	217.0011494
232	4.144866538e-15	0.002150537634	1.783469628e-15	4.635065912e-12	231.9978495
232.2361172	-13.45067058	-0.001006036217	-3.836397046e-14	1.250580467e-12	248.001006
232.7817455	12.61205536	-0.00114416476	-7.316953578e-14	-2.110764142e-12	218.0011442
233	-1.940026907e-15	0.002141327623	-3.3245275e-15	-1.605345455e-12	232.9978587
233.204431	-13.47772579	-0.001002004008	7.002032105e-14	-2.210887642e-12	249.001002
233.8155324	12.64090557	-0.001138952164	2.828157795e-14	8.119057755e-13	219.001139
234	-1.306311622e-14	0.002132196162	-4.600505093e-15	-1.856399845e-12	233.9978678
234.1728082	-13.50472679	-0.000998003992	2.104492533e-14	-6.120799521e-13	250.000998
234.8492424	12.66969009	-0.001133786848	4.472938928e-15	1.271326745e-13	220.0011338
235	3.641905064e-15	0.002123142251	-1.455854284e-15	1.884737933e-12	234.9978769
235.1412485	-13.53167392	-0.0009940357853	5.565621148e-14	-1.814104559e-12	251.000994
235.8828761	12.69840936	-0.001128668172	6.760205835e-15	1.248507967e-13	221.0011287
236	-3.504339397e-15	0.002114164905	-3.634873752e-15	-1.49487838e-12	235.9978858
236.1097514	-13.55856749	-0.0009900990099	-3.796513456e-14	1.186133874e-12	252.0009901
236.9164339	12.72706382	-0.001123595506	-5.420275497e-15	-7.774730445e-14	222.0011236
237	-6.905682151e-15	0.002105263158	-1.447973194e-15	4.134494963e-12	236.9978947
237.0783167	-13.58540782	-0.0009861932939	-8.050143913e-14	2.713568726e-12	253.0009862
237.9499164	12.75565391	-0.001118568233	-3.019325451e-14	-8.752166623e-13	223.0011186
238	1.703048721e-14	0.002096436059	-1.10234245e-15	-4.991158593e-12	237.9979036
238.0469439	-13.61219523	-0.0009823182711	-5.6247644e-14	1.853205572e-12	254.0009823
238.9833241	12.78418007	-0.001113585746	-4.441511828e-14	-1.347010438e-12	224.0011136
239	1.146585915e-14	0.002087682672	-3.154748404e-15	2.077266542e-12	238.9979123
239.0156326	-13.63893003	-0.0009784735812	2.62857091e-14	-6.714848113e-13	255.0009785
239.9843826	-13.66561252	-0.0009746588694	1.533283172e-13	-4.842608493e-12	256.0009747
240	-3.687034506e-15	0.002079002079	8.504110195e-15	-2.762947346e-12	239.997921
240.0166574	12.81264272	-0.00110864745	1.466428437e-14	3.532378943e-13	225.0011086
240.9531935	-13.69224302	-0.0009708737864	-2.19623656e-14	6.095654835e-13	257.0009709
241	3.604923683e-15	0.002070393375	3.640389247e-15	1.843371928e-12	240.9979296
241.0499169	12.84104227	-0.001103752759	-1.290556867e-14	-3.4210166e-13	226.0011038
241.9220648	-13.71882182	-0.0009671179884	-5.855151493e-14	1.882865166e-12	258.0009671
242	1.353614325e-14	0.00206185567	-3.311545007e-15	-1.845035682e-13	241.9979381
242.0831031	12.86937916	-0.001098901099	5.421782257e-14	1.760185695e-12	227.0010989
242.8909963	-13.74534923	-0.0009633911368	-6.810028891e-14	2.081965886e-12	259.0009634
243	3.707320691e-15	0.00205338809	4.244670993e-15	2.556003169e-12	242.9979466
243.1162165	12.89765379	-0.001094091904	-2.841328752e-14	-7.941916093e-13	228.0010941
243.8599876	-13.77182554	-0.0009596928983	1.557638251e-13	-4.940885908e-12	260.0009597
244	1.234177311e-15	0.002044989775	7.484905049e-15	-2.987136182e-13	243.997955
244.1492574	12.92586657	-0.001089324619	-3.138831621e-14	-1.190711705e-12	229.0010893
244.8290384	-13.79825105	-0.0009560229446	-1.236116135e-13	4.019893805e-12	261.000956
245	-9.914802575e-15	0.002036659878	9.065146378e-16	-6.045117303e-12	244.9979633
245.1822265	12.9540179	-0.001084598698	7.312303666e-15	1.190333626e-13	230.0010846
245.7981483	-13.82462605	-0.0009523809524	4.228864834e-14	-1.414857904e-12	262.0009524
246	-1.311103223e-16	0.002028397566	-3.264817547e-15	6.282266167e-12	245.9979716
246.2151241	12.98210819	-0.001079913607	-3.617551592e-15	-1.094340239e-13	231.0010799
246.7673169	-13.85095083	-0.0009487666034	3.726815126e-14	-1.250158937e-12	263.0009488
247	1.814889936e-15	0.00202020202	7.305869382e-15	-2.310989383e-12	246.9979798
247.2479507	13.01013783	-0.001075268817	-1.289582203e-14	-2.273231296e-13	232.0010753
247.736544	-13.87722566	-0.0009451795841	-7.640701818e-14	2.639833865e-12	264.0009452
248	8.857599751e-15	0.002012072435	-5.928365139e-16	-1.084587157e-12	247.9979879
248.2807068	13.03810721	-0.001070663812	-1.686773392e-14	-4.581038999e-13	233.0010707
248.7058293	-13.90345084	-0.0009416195857	1.067088964e-13	-3.41666305e-12	265.0009416
249	2.673985233e-15	0.002004008016	-2.550777098e-15	3.095724737e-12	248.997996
249.3133928	13.06601672	-0.001066098081	-3.615660991e-14	-1.165280152e-12	234.0010661
249.6751723	-13.92962665	-0.0009380863039	-4.233057606e-14	1.455177012e-12	266.0009381
250	2.58100473e-16	0.001996007984	-1.103347058e-15	-4.216441073e-12	249.998004
250.3460093	13.09386674	-0.001061571125	1.118585896e-13	3.478155098e-12	235.0010616
250.6445728	-13.95575337	-0.0009345794393	-8.341563653e-15	2.831476751e-13	267.0009346
251	-2.87788628e-15	0.001988071571	2.88918697e-15	4.281999056e-12	250.9980119
251.3785565	13.12165765	-0.001057082452	1.018164645e-14	1.910919737e-13	236.0010571
251.6140304	-13.98183126	-0.0009310986965	-1.538523901e-15	8.937090596e-14	268.0009311
252	-6.076910019e-15	0.00198019802	-2.253155352e-15	-4.414820006e-12	251.9980198
252.411035	13.14938983	-0.001052631579	1.59320281e-14	5.826430895e-13	237.0010526
252.5835448	-14.0078606	-0.0009276437848	-6.463655605e-15	2.276264296e-13	269.0009276
253	1.554279726e-14	0.001972386588	-3.467765741e-15	-1.56536766e-12	252.9980276
253.4434452	13.17706364	-0.001048218029	-1.441814968e-13	-4.381414325e-12	238.0010482
253.5531158	-14.03384167	-0.0009242144177	1.181506094e-13	-3.879727295e-12	270.0009242
254	2.466658286e-15	0.001964636542	1.06548667e-15	8.66857673e-12	253.9980354
254.4757875	13.20467945	-0.001043841336	8.997184763e-14	2.844864583e-12	239.0010438
254.5227429	-14.05977472	-0.0009208103131	-1.499657838e-13	4.738112831e-12	271.0009208
255	-3.865203854e-15	0.001956947162	-7.001729338e-16	-3.166928427e-12	254.9980431
255.492426	-14.08566003	-0.0009174311927	-7.247410992e-14	2.437473227e-12	272.0009174
255.5080624	13.23223763	-0.001039501039	-3.459253109e-14	-1.061838091e-12	240.0010395
256	-8.280956399e-15	0.001949317739	-9.03272942e-15	-2.315244573e-12	255.9980507
256.4621646	-14.11149786	-0.0009140767824	2.214636577e-13	-7.419798346e-12	273.0009141
256.5402703	13.25973854	-0.001035196687	-8.396214357e-14	-2.604432032e-12	241.0010352
257	1.187226778e-14	0.001941747573	-8.991007536e-17	3.132570679e-12	256.9980583
257.4319585	-14.13728847	-0.0009107468124	-1.506727086e-13	5.299637657e-12	274.0009107
257.5724115	13.28718252	-0.001030927835	1.276317194e-13	3.978709771e-12	242.0010309
258	1.492895885e-14	0.001934235977	6.322186882e-15	-2.232982824e-12	257.9980658
258.4018073	-14.16303211	-0.0009074410163	5.630740559e-15	-1.979317482e-13	275.0009074
258.6044865	13.31456994	-0.001026694045	1.60202145e-13	4.960781286e-12	243.0010267
259	2.602352937e-15	0.001926782274	4.13772981e-15	2.617586944e-12	258.9980732
259.3717109	-14.18872904	-0.000904159132	-6.260609185e-14	1.930615062e-12	276.0009042
259.6364958	13.34190114	-0.001022494888	-1.789039138e-13	-5.657047912e-12	244.0010225
260	-8.748640754e-15	0.001919385797	1.600105699e-15	-4.132109339e-12	259.9980806
260.3416688	-14.21437952	-0.0009009009009	1.836258955e-14	-6.213126904e-13	277.0009009
260.6684396	13.36917646	-0.001018329939	1.39104638e-13	4.321751507e-12	245.0010183
261	-3.348799158e-15	0.001912045889	1.720799416e-15	-1.541591938e-12	260.998088
261.3116807	-14.2399838	-0.0008976660682	1.77826974e-14	-5.501243065e-13	278.0008977
261.7003185	13.39639625	-0.001014198783	-4.255342902e-14	-1.171789268e-12	246.0010142
262	-1.029971113e-14	0.001904761905	-1.742953741e-15	6.609626802e-13	261.9980952
262.2817465	-14.26554212	-0.0008944543828	5.948234918e-14	-2.018477033e-12	279.0008945
262.7321327	13.42356085	-0.00101010101	-6.45735825e-14	-2.065788324e-12	247.0010101
263	-3.009371527e-15	0.001897533207	-6.239313668e-15	5.079977694e-12	262.9981025
263.2518658	-14.29105473	-0.0008912655971	-3.791854758e-14	1.266346474e-12	280.0008913
263.7638828	13.45067058	-0.001006036217	-6.340215741e-14	-2.000161444e-12	248.001006
264	1.392394419e-14	0.001890359168	-2.797927533e-16	2.618766851e-13	263.9981096
264.2220383	-14.31652187	-0.0008880994671	-6.767961609e-14	2.249719648e-12	281.0008881
264.795569	13.47772579	-0.001002004008	7.411113935e-14	2.334226951e-12	249.001002
265	-2.684920417e-14	0.001883239171	-6.737295492e-15	-6.367631843e-12	264.9981168
265.1922637	-14.3419438	-0.0008849557522	6.556962044e-14	-2.242819175e-12	282.000885
265.8271918	13.50472679	-0.000998003992	-3.782059557e-15	6.182811909e-14	250.000998
266	-1.068988896e-14	0.001876172608	-4.009840417e-15	1.853097175e-12	265.9981238
266.1625418	-14.36732074	-0.0008818342152	-1.481551629e-14	2.780029748e-13	283.0008818
266.8587515	13.53167392	-0.0009940357853	8.757569811e-14	2.797230632e-12	251.000994
267	-1.964438255e-14	0.001869158878	-6.053024025e-16	-7.789269436e-13	266.9981308
267.1328722	-14.39265293	-0.0008787346221	7.771500845e-14	-2.546060903e-12	284.0008787
267.8902486	13.55856749	-0.0009900990099	-4.403951109e-14	-1.512774517e-12	252.0009901
268	7.833780664e-15	0.001862197393	1.154940451e-15	3.620651009e-12	267.9981378
268.1032548	-14.41794062	-0.0008756567426	4.249604022e-14	-1.59267705e-12	285.0008757
268.9216833	13.58540782	-0.0009861932939	-5.816600229e-14	-1.87034817e-12	253.0009862
269	2.008003655e-14	0.00185528757	-2.616906239e-15	-1.849390309e-13	268.9981447
269.0736891	-14.44318404	-0.000872600349	-1.123406014e-13	3.738242224e-12	286.0008726
269.9530561	13.61219523	-0.0009823182711	1.86827848e-14	5.675193124e-13	254.0009823
270	-4.966205926e-15	0.001848428835	5.648835655e-15	1.90841635e-12	269.9981516
270.044175	-14.46838341	-0.0008695652174	2.815727926e-14	-9.173261614e-13	287.0008696
270.9843674	13.63893003	-0.0009784735812	4.851316551e-14	1.520341305e-12	255.0009785
271	1.013441769e-14	0.001841620626	-7.863425901e-16	-2.925063957e-12	270.9981584
271.0147122	-14.49353897	-0.0008665511265	-7.609471103e-14	2.589651209e-12	288.0008666
271.9853005	-14.51865094	-0.0008635578584	3.390072112e-13	-1.152585719e-11	289.0008636
272	-2.603754839e-14	0.001834862385	2.884752089e-15	-2.386107198e-12	271.9981651
272.0156174	13.66561252	-0.0009746588694	-1.957702558e-14	-5.510475526e-13	256.0009747
272.9559395	-14.54371955	-0.0008605851979	-2.747821981e-13	9.477659173e-12	290.0008606
273	7.164751149e-15	0.001828153565	-7.009088193e-15	2.485014021e-12	272.9981718
273.0468065	13.69224302	-0.0009708737864	4.235054614e-15	1.314799467e-13	257.0009709
273.9266289	-14.56874503	-0.0008576329331	6.253245943e-14	-1.940169834e-12	291.0008576
274	2.731841354e-15	0.001821493625	5.37192285e-17	-1.076941931e-12	273.9981785
274.0779352	13.71882182	-0.0009671179884	-6.682726316e-14	-2.137945855e-12	258.0009671
274.8973686	-14.59372759	-0.0008547008547	-1.222499594e-13	4.099838045e-12	292.0008547
275	3.742775152e-15	0.001814882033	1.078668049e-16	2.592040402e-12	274.9981851
275.1090037	13.74534923	-0.0009633911368	-6.996214706e-15	-2.325742605e-13	259.0009634
275.8681583	-14.61866746	-0.0008517887564	1.629855849e-13	-5.43403095e-12	293.0008518
276	4.407691935e-14	0.001808318264	6.922986117e-15	3.806448997e-12	275.9981917
276.1400124	13.77182554	-0.0009596928983	-3.71975622e-14	-1.091357036e-12	260.0009597
276.8389977	-14.64356486	-0.0008488964346	-1.026692716e-13	3.682677383e-12	294.0008489
277	-2.748743561e-14	0.001801801802	-3.68468765e-15	-5.344424923e-12	276.9981982
277.1709616	13.79825105	-0.0009560229445	-1.083904029e-13	-3.51027654e-12	261.000956
277.8098866	-14.66841999	-0.0008460236887	1.048705305e-13	-3.636991173e-12	295.000846
278	-4.595073251e-15	0.001795332136	-5.618001936e-15	3.343369944e-14	277.9982047
278.2018517	13.82462605	-0.0009523809524	1.640810087e-13	5.238232572e-12	262.0009524
278.7808246	-14.69323308	-0.0008431703204	-2.051062095e-13	6.991085207e-12	296.0008432
279	9.10911851e-15	0.001788908766	9.428897428e-16	2.4518271e-12	278.9982111
279.2326831	13.85095083	-0.0009487666034	1.022861206e-13	3.408946787e-12	263.0009488
279.7518117	-14.71800434	-0.0008403361345	1.201021256e-13	-4.092498981e-12	297.0008403
280	2.802476323e-15	0.001782531194	6.564842055e-15	-1.588411637e-12	279.9982175
280.263456	13.87722566	-0.0009451795841	5.843573946e-16	-5.795635442e-15	264.0009452
280.7228475	-14.74273397	-0.000837520938	-2.015597002e-13	6.993710627e-12	298.0008375
281	5.689065213e-15	0.001776198934	2.409888958e-15	-3.088005464e-12	280.9982238
281.6939317	-14.7674222	-0.0008347245409	1.213078635e-13	-4.135862602e-12	299.0008347
282	-5.395979086e-15	0.001769911504	-8.963365796e-16	4.336765506e-12	281.9982301
282.3248277	13.92962665	-0.0009380863039	-1.698124185e-13	-5.651696553e-12	266.0009381
282.6650642	-14.79206922	-0.0008319467554	1.020496057e-13	-3.522817992e-12	300.0008319
283	-3.258299452e-16	0.00176366843	-2.363906193e-15	-3.291471619e-12	282.9982363
283.3554272	13.95575337	-0.0009345794392	1.000245268e-13	3.174647307e-12	267.0009346
283.6362446	-14.81667524	-0.0008291873964	3.148444936e-14	-1.019162408e-12	301.0008292
284	9.708150061e-15	0.001757469244	2.471159017e-15	1.093766437e-12	283.9982425
284.3859696	13.98183126	-0.0009310986965	-9.305370616e-14	-2.962816213e-12	268.0009311
284.6074729	-14.84124046	-0.000826446281	4.000165e-14	-1.396803475e-12	302.0008264
285	1.611428797e-14	0.001751313485	-4.276119016e-16	-7.418441045e-13	284.9982487
285.4164552	14.0078606	-0.0009276437848	-4.204093889e-15	-9.326554065e-14	269.0009276
285.5787486	-14.86576509	-0.000823723229	1.438930284e-13	-5.051706731e-12	303.0008237
286	5.803306372e-15	0.001745200698	-3.606483944e-15	3.794526823e-12	285.9982548
286.4468842	14.03384167	-0.0009242144177	-1.760499878e-14	-5.961946163e-13	270.0009242
286.5500716	-14.89024933	-0.0008210180624	-2.675028883e-13	9.361446391e-12	304.000821
287	5.09856146e-15	0.001739130435	2.442790117e-15	-7.089388142e-13	286.9982609
287.4772571	14.05977472	-0.0009208103131	3.45619682e-14	1.188197149e-12	271.0009208
287.5214417	-14.91469337	-0.0008183306056	6.450303735e-14	-2.215351576e-12	305.0008183
288	9.550666446e-15	0.001733102253	-9.289835709e-16	5.006125059e-13	287.9982669
288.4928586	-14.93909742	-0.0008156606851	-2.41659521e-14	5.577732531e-13	306.0008157
288.507574	14.08566003	-0.0009174311927	9.805254147e-14	3.246089134e-12	272.0009174
289	-7.956371655e-15	0.001727115717	-3.730395356e-15	-3.865516096e-12	288.9982729
289.4643221	-14.96346167	-0.0008130081301	4.953011721e-14	-1.707574488e-12	307.000813
289.5378354	14.11149786	-0.0009140767825	-2.675161133e-13	-8.868992011e-12	273.0009141
290	6.583567414e-15	0.001721170396	-8.699531267e-15	-1.614929118e-12	289.9982788
290.4358319	-14.98778631	-0.0008103727715	-8.370211707e-14	2.910336207e-12	308.0008104
290.5680415	14.13728847	-0.0009107468124	2.133751918e-13	7.018374543e-12	274.0009107
291	4.089973264e-15	0.001715265866	-3.990544175e-15	7.084843898e-12	290.9982847
291.4073879	-15.01207153	-0.0008077544426	1.158004156e-13	-4.104733099e-12	309.0008078
291.5981927	14.16303211	-0.0009074410163	3.669758302e-14	1.366066538e-12	275.0009074
292	3.387925686e-15	0.001709401709	3.142089656e-16	-3.621999623e-12	291.9982906
292.3789898	-15.03631754	-0.0008051529791	-1.2126501e-13	4.274460375e-12	310.0008052
292.6282891	14.18872904	-0.000904159132	-1.131507559e-13	-3.828132659e-12	276.0009042
293	2.614089206e-15	0.001703577513	1.490886008e-15	-2.744476033e-12	292.9982964
293.3506374	-15.06052451	-0.0008025682183	-8.102193511e-14	2.804811253e-12	311.0008026
293.6583312	14.21437952	-0.0009009009009	-7.982475045e-14	-2.779749577e-12	277.0009009
294	2.101044978e-15	0.001697792869	-3.012837393e-16	4.445384789e-12	293.9983022
294.3223305	-15.08469263	-0.0008	1.477555373e-13	-5.302922427e-12	312.0008
294.6883193	14.2399838	-0.0008976660682	1.314833305e-14	3.815323111e-13	278.0008977
295	-1.15822439e-14	0.001692047377	-3.79637001e-15	1.759441139e-12	294.998308
295.2940688	-15.10882209	-0.0007974481659	2.036283295e-14	-7.208398405e-13	313.0007974
295.7182535	14.26554212	-0.0008944543828	-2.476482328e-14	-8.267143289e-13	279.0008945
296	-3.893258908e-15	0.001686340641	9.842604663e-16	-1.143189296e-11	295.9983137
296.2658521	-15.13291308	-0.0007949125596	9.995150754e-14	-3.633411265e-12	314.0007949
296.7481342	14.29105473	-0.0008912655972	-6.33230076e-14	-2.066623032e-12	280.0008913
297	-1.042159042e-14	0.001680672269	2.709492802e-15	6.319364885e-12	296.9983193
297.2376803	-15.15696578	-0.0007923930269	-1.89704578e-13	6.730048163e-12	315.0007924
297.7779617	14.31652187	-0.0008880994671	2.261256678e-13	7.557620997e-12	281.0008881
298	1.108160657e-14	0.001675041876	1.726843909e-15	-1.758049731e-12	297.998325
298.2095531	-15.18098037	-0.0007898894155	1.786526417e-14	-6.098518079e-13	316.0007899
298.8077363	14.3419438	-0.0008849557522	4.222391385e-15	2.790971749e-13	282.000885
299	1.401208786e-14	0.001669449082	-5.582651588e-15	2.122911908e-12	298.9983306
299.1814703	-15.20495703	-0.0007874015748	1.707983755e-14	-6.38206115e-13	317.0007874
299.8374582	14.36732074	-0.0008818342152	-2.855490346e-14	-1.003914735e-12	283.0008818
300	1.018108002e-14	0.001663893511	2.302402071e-15	2.327548285e-12	299.9983361
300.1534317	-15.22889595	-0.0007849293564	-1.250763993e-13	4.425511427e-12	318.0007849
300.8671278	14.39265293	-0.0008787346221	8.66679498e-14	2.643965126e-12	284.0008787
301	1.569014603e-14	0.001658374793	3.963131787e-15	-5.767190469e-12	300.9983416
301.1254371	-15.25279729	-0.0007824726135	2.326653981e-13	-8.341793773e-12	319.0007825
301.8967452	14.41794062	-0.0008756567426	-1.307540166e-13	-4.531365787e-12	285.0008757
302	5.100086979e-15	0.001652892562	-3.765684909e-15	3.162726489e-12	301.9983471
302.0974862	-15.27666123	-0.0007800312012	-6.7874143e-14	2.441420728e-12	320.00078
302.9263109	14.44318404	-0.000872600349	1.052696197e-14	5.177124944e-13	286.0008726
303	1.465397293e-14	0.001647446458	-2.883579623e-15	-7.802852408e-12	302.9983526
303.0695789	-15.30048796	-0.0007776049767	-1.459420597e-13	5.264496017e-12	321.0007776
303.955825	14.46838341	-0.0008695652174	7.8137086e-14	2.524260833e-12	287.0008696
304	-5.01569805e-15	0.001642036125	-1.599129131e-15	1.334418264e-11	303.998358
304.041715	-15.32427764	-0.0007751937985	7.578374252e-14	-2.774043838e-12	322.0007752
304.9852878	14.49353897	-0.0008665511265	-4.2450659e-14	-1.516769279e-12	288.0008666
305	-3.652472173e-15	0.001636661211	-9.060718626e-16	-3.362446078e-12	304.9983633
305.0138943	-15.34803044	-0.0007727975271	1.000803509e-13	-3.609738275e-12	323.0007728
305.9861165	-15.37174654	-0.0007704160246	-1.726826862e-13	6.199241988e-12	324.0007704
306	1.064895388e-14	0.00163132137	2.882322612e-15	-2.728854385e-12	305.9983687
306.0146995	14.51865094	-0.0008635578584	-8.795718165e-14	-2.953367823e-12	289.0008636
306.9583814	-15.39542611	-0.0007680491551	6.521052906e-14	-2.400927937e-12	325.000768
307	1.556753466e-14	0.00162601626	3.976110016e-15	3.810915422e-12	306.998374
307.0440605	14.54371955	-0.0008605851979	8.002293851e-14	2.679171483e-12	290.0008606
307.930689	-15.41906931	-0.0007656967841	5.797100832e-14	-2.149031163e-12	326.0007657
308	-1.017363866e-14	0.001620745543	-3.733741781e-15	1.650875151e-12	307.9983793
308.0733711	14.56874503	-0.0008576329331	1.215732806e-14	3.016896155e-13	291.0008576
308.9030389	-15.44267632	-0.0007633587786	-4.585125455e-14	1.581636362e-12	327.0007634
309	2.180720791e-14	0.001615508885	-2.4768212e-15	-3.764030895e-12	308.9983845
309.1026314	14.59372759	-0.0008547008547	4.906822578e-14	1.628897419e-12	292.0008547
309.875431	-15.46624729	-0.0007610350076	2.986985359e-14	-1.027082479e-12	328.000761
310	-2.191438783e-14	0.001610305958	1.022908516e-14	-1.4399712e-12	309.9983897
310.1318417	14.61866746	-0.0008517887564	-8.688967212e-14	-2.924888398e-12	293.0008518
310.8478651	-15.48978239	-0.0007587253414	-1.887622727e-14	7.028977564e-13	329.0007587
311	3.47871701e-15	0.001605136437	5.292419008e-16	-9.413356967e-13	310.9983949
311.1610023	14.64356486	-0.0008488964346	9.377456311e-15	3.465586669e-13	294.0008489
311.820341	-15.51328179	-0.000756429652	-5.486834453e-14	2.088084232e-12	330.0007564
312	1.55772944e-14	0.0016	5.513869186e-15	4.39774533e-13	311.9984
312.1901134	14.66841999	-0.0008460236887	3.401365593e-14	1.259599997e-12	295.000846
312.7928585	-15.53674564	-0.000754147813	1.018986458e-13	-3.65474798e-12	331.0007541
313	3.24190599e-14	0.001594896332	7.446397699e-15	4.464448457e-13	312.9984051
313.2191754	14.69323308	-0.0008431703204	-6.531362607e-14	-2.290998677e-12	296.0008432
313.7654175	-15.56017412	-0.0007518796993	-7.423559607e-14	2.650882688e-12	332.0007519
314	3.654967446e-15	0.001589825119	-1.277036632e-15	5.069883569e-12	313.9984102
314.2481883	14.71800434	-0.0008403361344	7.055953178e-14	2.536229119e-12	297.0008403
314.7380176	-15.58356737	-0.0007496251874	-2.867764979e-14	9.639326594e-13	333.0007496
315	5.690482359e-15	0.001584786054	4.23020764e-15	-2.109170466e-12	314.9984152
315.2771525	14.74273397	-0.000837520938	-1.59009268e-13	-5.581900961e-12	298.0008375
315.7106588	-15.60692555	-0.0007473841555	1.742539806e-13	-6.305355803e-12	334.0007474
316	6.099482801e-15	0.001579778831	3.437171639e-15	-7.106782267e-13	315.9984202
316.3060683	14.7674222	-0.0008347245409	2.821200476e-13	9.932956683e-12	299.0008347
316.6833409	-15.63024883	-0.0007451564829	-3.488598794e-14	1.328328242e-12	335.0007452
317	-4.627624879e-15	0.00157480315	2.18537988e-15	-1.4281066e-12	316.9984252
317.3349358	14.79206922	-0.0008319467554	-1.847161113e-13	-6.3213004e-12	300.0008319
317.6560637	-15.65353736	-0.0007429420505	-1.633656599e-13	5.961906748e-12	336.0007429
318	2.885427466e-15	0.001569858713	1.459185598e-15	-2.176169799e-12	317.9984301
318.3637554	14.81667524	-0.0008291873964	1.774884305e-13	6.118074984e-12	301.0008292
318.6288269	-15.67679129	-0.0007407407407	1.238853858e-13	-4.510669434e-12	337.0007407
319	-1.011320855e-14	0.001564945227	1.046264473e-15	4.876315522e-13	318.9984351
319.3925271	14.84124046	-0.000826446281	-1.270276405e-13	-4.423855164e-12	302.0008264
319.6016305	-15.70001078	-0.0007385524372	-4.181296106e-15	1.902223673e-13	338.0007386
320	-2.664990889e-16	0.001560062402	8.011093107e-16	2.047049489e-12	319.9984399
320.4212514	14.86576509	-0.000823723229	-6.524264554e-14	-2.376776001e-12	303.0008237
320.5744742	-15.72319598	-0.000736377025	8.210424198e-14	-3.027428525e-12	339.0007364
321	-1.845839515e-15	0.001555209953	6.321597835e-17	-5.816070125e-12	320.9984448
321.4499284	14.89024933	-0.0008210180624	6.599495043e-14	2.221113238e-12	304.000821
321.5473579	-15.74634704	-0.0007342143906	-1.343627245e-13	5.005886264e-12	340.0007342
322	6.329070336e-15	0.001550387597	-1.278852486e-15	4.257687905e-12	321.9984496
322.4785583	14.91469337	-0.0008183306056	-4.695986297e-14	-1.597130959e-12	305.0008183
322.5202814	-15.76946412	-0.0007320644217	1.138342923e-13	-3.948254201e-12	341.0007321
323	-3.348872524e-14	0.001545595054	5.511417996e-15	-7.980663924e-12	322.9984544
323.4932445	-15.79254735	-0.0007299270073	-9.298696392e-14	3.579263073e-12	342.0007299
323.5071414	14.93909742	-0.0008156606852	5.676351808e-15	4.447509357e-14	306.0008157
324	1.737183517e-14	0.001540832049	8.548783661e-16	8.038459916e-12	323.9984592
324.466247	-15.8155969	-0.0007278020378	9.149178632e-14	-3.34680229e-12	343.0007278
324.5356779	14.96346167	-0.0008130081301	-3.69517205e-14	-1.353544021e-12	307.000813
325	-1.195839184e-14	0.00153609831	7.310831105e-15	3.585041841e-12	324.9984639
325.4392888	-15.8386129	-0.0007256894049	-1.103106361e-13	4.104298135e-12	344.0007257
325.5641681	14.98778631	-0.0008103727715	-7.169651895e-14	-2.47981951e-12	308.0008104
326	1.809941678e-14	0.001531393568	7.485139137e-16	-5.768976067e-12	325.9984686
326.4123697	-15.86159551	-0.0007235890014	-1.533976105e-14	5.804318013e-13	345.0007236
326.5926121	15.01207153	-0.0008077544427	3.53932185e-13	1.263424983e-11	309.0008078
327	-2.093102858e-15	0.001526717557	4.718786371e-16	6.162831447e-12	326.9984733
327.3854895	-15.88454486	-0.0007215007215	9.503007899e-14	-3.616682277e-12	346.0007215
327.6210102	15.03631754	-0.0008051529791	-2.814204969e-13	-9.950177457e-12	310.0008052
328	-2.237173557e-14	0.001522070015	-1.611322441e-15	-8.198925008e-12	327.9984779
328.3586481	-15.9074611	-0.0007194244604	-5.456669606e-14	2.091896576e-12	347.0007194
328.6493626	15.06052451	-0.0008025682183	7.451210934e-14	2.832235313e-12	311.0008026
329	3.565314969e-15	0.001517450683	3.531390181e-15	5.906878458e-12	328.9984825
329.3318453	-15.93034438	-0.0007173601148	-5.185614741e-14	1.888476234e-12	348.0007174
329.6776695	15.08469263	-0.0008	-5.986550084e-14	-2.051709082e-12	312.0008
330	3.34431364e-14	0.001512859304	-2.781434914e-15	4.589400953e-14	329.9984871
330.3050809	-15.95319483	-0.0007153075823	1.336076233e-13	-4.892392768e-12	349.0007153
330.7059312	15.10882209	-0.0007974481659	7.611887669e-15	2.837053282e-13	313.0007974
331	9.027974486e-15	0.001508295626	-1.472753725e-15	-5.073626106e-13	330.9984917
331.2783548	-15.9760126	-0.0007132667618	-8.396545662e-14	3.175926821e-12	350.0007133
331.7341479	15.13291308	-0.0007949125596	1.940271571e-14	8.288711021e-13	314.0007949
332	6.971991339e-15	0.001503759399	4.434130987e-15	-5.184995333e-12	331.9984962
332.2516667	-15.99879783	-0.0007112375533	-4.883572503e-15	2.305689373e-13	351.0007112
332.7623197	15.15696578	-0.0007923930269	-6.344541336e-14	-2.144972246e-12	315.0007924
333	-3.311174971e-14	0.001499250375	4.022719664e-15	2.252195313e-12	332.9985007
333.2250166	-16.02155066	-0.0007092198582	-8.296085542e-14	3.090132396e-12	352.0007092
333.7904469	15.18098037	-0.0007898894155	3.839881734e-14	1.546831457e-12	316.0007899
334	6.029987784e-15	0.001494768311	-1.471803429e-15	2.21672306e-12	333.9985052
334.1984043	-16.04427121	-0.0007072135785	5.911571811e-14	-2.198251085e-12	353.0007072
334.8185297	15.20495703	-0.0007874015748	1.48246765e-15	2.278725541e-13	317.0007874
335	-9.717018538e-15	0.001490312966	-1.819034812e-15	-1.199066228e-12	334.9985097
335.1718296	-16.06695964	-0.0007052186178	7.564466815e-14	-2.890909851e-12	354.0007052
335.8465683	15.22889595	-0.0007849293564	-1.081450956e-13	-3.877019272e-12	318.0007849
336	-1.12756418e-14	0.001485884101	-3.184592264e-15	5.598344738e-14	335.9985141
336.1452924	-16.08961607	-0.0007032348805	-2.08753551e-13	7.669774691e-12	355.0007032
336.8745629	15.25279729	-0.0007824726135	8.846344972e-15	1.673486705e-13	319.0007825
337	-9.983038789e-15	0.001481481481	2.261962106e-16	3.066351642e-12	336.9985185
337.1187924	-16.11224065	-0.0007012622721	1.605646523e-13	-6.136093792e-12	356.0007013
337.9025138	15.27666123	-0.0007800312012	2.793790955e-13	1.004504505e-11	320.00078
338	9.016896756e-15	0.001477104874	-5.337233878e-16	-9.859867255e-13	337.9985229
338.0923296	-16.1348335	-0.0006993006993	-1.165366773e-13	4.536334646e-12	357.0006993
338.9304211	15.30048796	-0.0007776049767	-1.128151145e-13	-3.998227992e-12	321.0007776
339	-4.935192429e-15	0.00147275405	1.377853559e-15	-8.375365341e-13	338.9985272
339.0659038	-16.15739476	-0.0006973500697	-1.416395553e-13	5.452657884e-12	358.0006974
339.958285	15.32427764	-0.0007751937985	-1.159433998e-13	-4.090361844e-12	322.0007752
340	7.547078337e-15	0.001468428781	-3.977737037e-15	5.345301011e-12	339.9985316
340.0395148	-16.17992456	-0.0006954102921	2.21520917e-13	-8.352140881e-12	359.0006954
340.9861057	15.34803044	-0.000772797527	4.656204303e-14	1.697239706e-12	323.0007728
341	1.531707437e-14	0.001464128843	-6.665488598e-15	-6.576932163e-13	340.9985359
341.0131625	-16.20242303	-0.000693481276	5.160907441e-14	-1.960750885e-12	360.0006935
341.9868467	-16.22489031	-0.0006915629322	-7.383928588e-14	2.827279671e-12	361.0006916
342	-1.673580568e-14	0.001459854015	-3.190397532e-15	-4.964803701e-12	341.9985401
342.0138835	15.37174654	-0.0007704160247	-8.312530148e-14	-2.735410544e-12	324.0007704
342.9605672	-16.24732651	-0.0006896551724	1.667243285e-14	-4.903373917e-13	362.0006897
343	-1.697735836e-14	0.001455604076	2.452843183e-15	2.991809366e-12	342.9985444
343.0416186	15.39542611	-0.0007680491551	1.510180231e-14	4.739033705e-13	325.000768
343.934324	-16.26973178	-0.0006877579092	2.195958803e-14	-8.074990581e-13	363.0006878
344	-5.193781594e-15	0.00145137881	-2.649063032e-15	-5.436004684e-12	343.9985486
344.069311	15.41906931	-0.0007656967841	3.925454966e-14	1.554074616e-12	326.0007657
344.9081169	-16.29210624	-0.0006858710562	-1.697847095e-13	6.36380665e-12	364.0006859
345	3.738738764e-15	0.001447178003	2.405071481e-15	-4.494213393e-12	344.9985528
345.0969611	15.44267632	-0.0007633587786	2.119760638e-14	7.107814885e-13	327.0007634
345.8819457	-16.31445	-0.000683994528	1.939515265e-13	-7.493387821e-12	365.000684
346	-1.383054497e-14	0.001443001443	2.279457419e-15	5.906471097e-12	345.998557
346.124569	15.46624729	-0.0007610350076	-3.822073813e-14	-1.273958003e-12	328.000761
346.8558103	-16.33676321	-0.0006821282401	9.93848707e-15	-3.939066845e-13	366.0006821
347	-1.641741709e-15	0.001438848921	4.188417664e-15	5.171689194e-12	346.9985612
347.1521349	15.48978239	-0.0007587253414	6.46460916e-14	2.237319718e-12	329.0007587
347.8297105	-16.35904599	-0.0006802721089	-3.254348293e-14	1.429291468e-12	367.0006803
348	-1.111277464e-14	0.00143472023	-8.404009868e-15	-4.327224267e-12	347.9985653
348.179659	15.51328179	-0.000756429652	-3.959099863e-15	-1.371380553e-13	330.0007564
348.8036462	-16.38129845	-0.0006784260516	5.072698857e-14	-1.697951824e-12	368.0006784
349	7.746270253e-15	0.001430615165	-1.112942224e-16	2.165514591e-12	348.9985694
349.2071415	15.53674564	-0.000754147813	-1.108030048e-13	-3.948138328e-12	331.0007541
349.7776172	-16.40352073	-0.0006765899865	-2.264164844e-14	8.468605289e-13	369.0006766
350	2.96036521e-15	0.001426533524	-2.161741978e-15	-7.118152368e-12	349.9985735
350.2345825	15.56017412	-0.0007518796993	2.877003111e-14	1.038990774e-12	332.0007519
350.7516234	-16.42571294	-0.0006747638327	1.329044182e-13	-5.040169374e-12	370.0006748
351	1.388323745e-15	0.001422475107	-8.460092865e-16	1.977599052e-12	350.9985775
351.2619824	15.58356737	-0.0007496251874	3.523940899e-14	1.33736281e-12	333.0007496
351.7256647	-16.44787521	-0.0006729475101	-6.516650461e-14	2.474323924e-12	371.0006729
352	1.735801785e-15	0.001418439716	-4.454825265e-15	-2.657555097e-12	351.9985816
352.2893412	15.60692555	-0.0007473841555	-4.249145957e-14	-1.463544501e-12	334.0007474
352.6997409	-16.47000766	-0.0006711409396	-8.511066677e-14	3.478354868e-12	372.0006711
353	-8.427787335e-15	0.001414427157	5.07466694e-15	-2.294705048e-13	352.9985856
353.3166591	15.63024883	-0.0007451564829	3.230562117e-14	1.224315142e-12	335.0007452
353.6738519	-16.49211041	-0.0006693440428	1.460400505e-13	-5.726815542e-12	373.0006693
354	1.278453941e-15	0.001410437236	2.441208333e-15	6.756807302e-12	353.9985896
354.3439363	15.65353736	-0.0007429420505	-1.338016302e-14	-4.406215645e-13	336.0007429
354.6479975	-16.51418357	-0.0006675567423	-4.155071719e-14	1.545527493e-12	374.0006676
355	-4.145460687e-15	0.001406469761	-8.598836312e-16	1.591671941e-12	354.9985935
355.3711731	15.67679129	-0.0007407407407	-2.586071052e-14	-1.034907409e-12	337.0007407
355.6221776	-16.53622727	-0.0006657789614	6.337764895e-14	-2.470188072e-12	375.0006658
356	5.075408518e-17	0.001402524544	-6.885227644e-16	-2.625166605e-12	355.9985975
356.3983695	15.70001078	-0.0007385524372	1.243256197e-13	4.497351725e-12	338.0007386
356.5963921	-16.55824163	-0.0006640106242	-1.144592327e-13	4.459324865e-12	376.000664
357	1.753229368e-14	0.001398601399	9.551215963e-16	1.177378741e-12	356.9986014
357.4255258	15.72319598	-0.000736377025	-7.833099368e-14	-2.910137091e-12	339.0007364
357.5706408	-16.58022675	-0.0006622516556	1.877721307e-14	-6.82305423e-13	377.0006623
358	-3.107138026e-14	0.001394700139	1.073481352e-15	-1.006608968e-12	357.9986053
358.4526421	15.74634704	-0.0007342143906	2.122633885e-14	9.904334035e-13	340.0007342
358.5449235	-16.60218276	-0.0006605019815	-1.729233542e-13	6.597302388e-12	378.0006605
359	-2.465967965e-14	0.001390820584	4.116414595e-15	8.473834508e-13	358.9986092
359.4797186	15.76946412	-0.0007320644217	-4.876598101e-14	-1.757349217e-12	341.0007321
359.5192403	-16.62410978	-0.0006587615283	1.553663829e-13	-6.127202123e-12	379.0006588
360	7.581874246e-15	0.001386962552	-3.159682736e-15	-2.976713073e-12	359.998613
360.4935908	-16.64600791	-0.0006570302234	-5.773650977e-14	2.211782171e-12	380.000657
360.5067555	15.79254735	-0.0007299270073	4.530147416e-14	1.824238528e-12	342.0007299
361	5.647310373e-16	0.001383125864	7.258685948e-16	1.051671275e-12	360.9986169
361.467975	-16.66787727	-0.0006553079948	5.274062167e-14	-2.207739277e-12	381.0006553
361.533753	15.8155969	-0.0007278020378	3.306598738e-14	1.188964439e-12	343.0007278
362	9.626776111e-15	0.001379310345	3.379660974e-15	-4.74536621e-13	361.9986207
362.4423928	-16.68971797	-0.0006535947712	-4.389157706e-14	1.668919108e-12	382.0006536
362.5607112	15.8386129	-0.0007256894049	-1.143408231e-14	-5.287882775e-13	344.0007257
363	3.696909077e-16	0.001375515818	-4.154846758e-15	1.298803556e-11	362.9986245
363.416844	-16.71153013	-0.0006518904824	7.746649022e-14	-3.033272155e-12	383.0006519
363.5876303	15.86159551	-0.0007235890014	3.529548788e-14	1.374545843e-12	345.0007236
364	8.049442393e-15	0.001371742112	-1.610377422e-15	-1.269662336e-11	363.9986283
364.3913284	-16.73331386	-0.0006501950585	-8.228730085e-14	3.189689549e-12	384.0006502
364.6145105	15.88454486	-0.0007215007215	-5.57555267e-14	-1.936534995e-12	346.0007215
365	2.741178745e-15	0.001367989056	7.096377745e-18	8.107174184e-13	364.998632
365.3658461	-16.75506926	-0.0006485084306	2.548640307e-14	-1.146270912e-12	385.0006485
365.6413519	15.9074611	-0.0007194244604	2.353199945e-14	7.854200344e-13	347.0007194
366	-1.272502259e-14	0.00136425648	-3.279591358e-15	1.671593451e-12	365.9986357
366.3403967	-16.77679646	-0.0006468305304	1.150724255e-13	-4.570080449e-12	386.0006468
366.6681547	15.93034438	-0.0007173601148	7.787045317e-14	2.847246232e-12	348.0007174
367	1.778792267e-15	0.001360544218	-5.715717267e-15	4.199912551e-13	366.9986395
367.3149803	-16.79849555	-0.0006451612903	-2.200453977e-13	8.825999349e-12	387.0006452
367.6949191	15.95319483	-0.0007153075823	-8.923001093e-14	-3.413461669e-12	349.0007153
368	6.804449415e-15	0.001356852103	-8.349299842e-15	1.626250492e-12	367.9986431
368.2895967	-16.82016665	-0.0006435006435	7.179143118e-14	-2.721110902e-12	388.0006435
368.7216452	15.9760126	-0.0007132667618	4.323863503e-14	1.597324304e-12	350.0007133
369	-1.069065421e-14	0.001353179973	-3.479158364e-15	-3.447020445e-12	368.9986468
369.2642456	-16.84180986	-0.0006418485238	-5.481717883e-14	2.260310419e-12	389.0006418
369.7483333	15.99879783	-0.0007112375533	-6.416889395e-15	-3.30256999e-13	351.0007112
370	2.543910948e-15	0.001349527665	1.663943368e-15	7.295450572e-12	369.9986505
370.2389272	-16.8634253	-0.0006402048656	1.013564805e-13	-3.98321001e-12	390.0006402
370.7749834	16.02155066	-0.0007092198582	1.659779942e-14	6.744903009e-13	352.0007092
371	9.827852905e-15	0.00134589502	-4.458891413e-15	-2.404998974e-12	370.9986541
371.2136411	-16.88501306	-0.0006385696041	-4.639791634e-14	1.680798202e-12	391.0006386
371.8015957	16.04427121	-0.0007072135785	-1.637519585e-14	-6.95422415e-13	353.0007072
372	2.038549005e-14	0.001342281879	2.779801895e-15	-6.757927617e-12	371.9986577
372.1883872	-16.90657326	-0.0006369426752	1.214905785e-13	-4.858664529e-12	392.0006369
372.8281704	16.06695964	-0.0007052186178	1.110285201e-13	4.292806889e-12	354.0007052
373	-2.946014801e-14	0.001338688086	5.736723542e-15	-4.007527745e-13	372.9986613
373.1631656	-16.928106	-0.0006353240153	-5.709581706e-15	2.218267366e-13	393.0006353
373.8547076	16.08961607	-0.0007032348804	-1.204174437e-13	-4.515094812e-12	355.0007032
374	-3.653202763e-15	0.001335113485	1.742472284e-15	2.949549395e-12	373.9986649
374.1379759	-16.94961139	-0.0006337135615	-2.118193958e-14	8.494079079e-13	394.0006337
374.8812076	16.11224065	-0.0007012622721	4.132653076e-14	1.480999355e-12	356.0007013
375	-7.249317466e-15	0.001331557923	-1.579489937e-15	-6.005070918e-14	374.9986684
375.1128182	-16.97108952	-0.0006321112516	3.026514931e-14	-1.271140601e-12	395.0006321
375.9076704	16.1348335	-0.0006993006993	-5.330528663e-14	-2.013327175e-12	357.0006993
376	-1.196645475e-14	0.001328021248	-1.802455603e-15	-1.260712056e-13	375.998672
376.0876922	-16.99254051	-0.000630517024	-4.017164065e-14	1.610798428e-12	396.0006305
376.9340962	16.15739476	-0.0006973500697	-3.93193553e-14	-1.352260311e-12	358.0006974
377	1.02856805e-14	0.001324503311	-9.038136168e-16	3.72294826e-12	376.9986755
377.062598	-17.01396445	-0.0006289308176	9.075604665e-14	-3.643381072e-12	397.0006289
377.9604852	16.17992456	-0.0006954102921	-1.434426287e-14	-5.83261661e-13	359.0006954
378	-1.268786969e-14	0.001321003963	2.896863579e-15	-5.284201525e-12	377.998679
378.0375352	-17.03536145	-0.0006273525721	2.403026815e-14	-9.515219946e-13	398.0006274
378.9868375	16.20242303	-0.000693481276	-5.733743001e-14	-2.088539821e-12	360.0006935
379	2.951462986e-14	0.001317523057	-2.461063149e-15	4.117407184e-12	378.9986825
379.0125039	-17.0567316	-0.0006257822278	-2.64839049e-13	1.05961657e-11	399.0006258
379.9875039	-17.07807502	-0.0006242197253	1.710591862e-13	-6.828991545e-12	400.0006242
380	6.253328843e-16	0.001314060447	-7.079786019e-16	-3.503349364e-12	379.9986859
380.0131533	16.22489031	-0.0006915629322	-4.056216393e-14	-1.473515335e-12	361.0006916
380.9625351	-17.09939179	-0.0006226650062	-5.084407154e-14	1.91026364e-12	401.0006227
381	-2.571265801e-14	0.00131061599	1.215032735e-15	1.613043665e-12	380.9986894
381.0394328	16.24732651	-0.0006896551724	1.262408157e-13	4.699739924e-12	362.0006897
381.9375974	-17.12068203	-0.0006211180124	-1.073913608e-13	4.304762244e-12	402.0006211
382	-2.836967622e-14	0.001307189542	-6.752877608e-15	2.244186065e-12	381.9986928
382.065676	16.26973178	-0.0006877579092	-1.01649576e-13	-3.866511933e-12	363.0006878
382.9126906	-17.14194582	-0.0006195786865	1.111687664e-13	-4.3317422e-12	403.0006196
383	4.200150787e-15	0.001303780965	1.933030458e-15	-3.707439447e-12	382.9986962
383.0918831	16.29210624	-0.0006858710562	1.048109939e-13	3.838219364e-12	364.0006859
383.8878146	-17.16318326	-0.0006180469716	-5.038925218e-14	2.058394454e-12	404.000618
384	-2.15538993e-14	0.001300390117	8.831620237e-15	1.058062058e-12	383.9986996
384.1180543	16.31445	-0.000683994528	9.604289896e-15	2.604115603e-13	365.000684
384.8629694	-17.18439446	-0.0006165228113	-7.753448223e-14	3.208769813e-12	405.0006165
385	-1.42921397e-15	0.001297016861	4.97110413e-17	8.870498177e-12	384.998703
385.1441897	16.33676321	-0.0006821282401	-2.5436079e-14	-9.064480946e-13	366.0006821
385.8381548	-17.20557952	-0.0006150061501	6.69942808e-14	-2.642792207e-12	406.000615
386	-1.794016992e-14	0.001293661061	1.235461096e-15	-4.653726558e-12	385.9987063
386.1702895	16.35904599	-0.0006802721088	1.858658798e-14	5.890494992e-13	367.0006803
386.8133708	-17.22673851	-0.0006134969325	1.517533765e-13	-6.03879013e-12	407.0006135
387	2.941234835e-14	0.001290322581	1.702077794e-15	-5.129540341e-12	386.9987097
387.1963538	16.38129845	-0.0006784260516	1.064106289e-13	3.920042577e-12	368.0006784
387.7886171	-17.24787156	-0.000611995104	-1.134608647e-13	4.597371024e-12	408.000612
388	1.030658951e-14	0.001287001287	-5.123396381e-16	7.465497519e-12	387.998713
388.2223828	16.40352073	-0.0006765899865	-4.665465489e-14	-1.899220975e-12	369.0006766
388.7638937	-17.26897873	-0.0006105006105	2.870943688e-14	-1.20940182e-12	409.0006105
389	3.957939143e-15	0.001283697048	2.554500366e-16	-3.347772793e-12	388.9987163
389.2483766	16.42571294	-0.0006747638327	-6.949986782e-14	-2.607584387e-12	370.0006748
389.7392004	-17.29006015	-0.0006090133983	3.132014602e-14	-1.261205099e-12	410.000609
390	-6.503998932e-15	0.001280409731	2.405995953e-15	2.155408274e-12	389.9987196
390.2743353	16.44787521	-0.0006729475101	9.919983301e-14	3.87030858e-12	371.0006729
390.7145372	-17.31111589	-0.0006075334143	-6.467513112e-14	2.602110662e-12	411.0006075
391	-5.503280931e-15	0.001277139208	-1.902920444e-16	-6.130642426e-12	390.9987229
391.3002591	16.47000766	-0.0006711409396	2.751093463e-14	1.118673212e-12	372.0006711
391.689904	-17.33214605	-0.0006060606061	4.378275306e-14	-1.749723155e-12	412.0006061
392	-7.90485027e-15	0.00127388535	-3.905230617e-15	-1.297408207e-13	391.9987261
392.3261481	16.49211041	-0.0006693440428	-2.381365949e-13	-9.190428548e-12	373.0006693
392.6653006	-17.35315072	-0.0006045949214	1.393136529e-13	-5.706453431e-12	413.0006046
393	6.915835623e-16	0.001270648031	1.173599449e-15	1.604179892e-12	392.9987294
393.3520025	16.51418357	-0.0006675567423	1.288530587e-13	4.967124455e-12	374.0006676
393.6407269	-17.37413	-0.0006031363088	-1.112476269e-13	4.639904748e-12	414.0006031
394	-5.491211715e-15	0.001267427123	1.33822772e-15	-2.902572457e-12	393.9987326
394.3778224	16.53622727	-0.0006657789614	-5.609027469e-15	-1.736536752e-13	375.0006658
394.6161829	-17.39508398	-0.0006016847172	-3.650345882e-14	1.538406894e-12	415.0006017
395	-1.20177678e-14	0.001264222503	-4.155487728e-15	2.860923224e-12	394.9987358
395.4036079	16.55824163	-0.0006640106242	-1.21411755e-14	-4.756338738e-13	376.000664
395.5916684	-17.41601275	-0.000600240096	-3.648375881e-14	1.409072928e-12	416.0006002
396	-1.198184989e-14	0.001261034048	3.882813944e-15	-1.916584585e-12	395.998739
396.4293592	16.58022675	-0.0006622516556	1.236550253e-13	4.850551505e-12	377.0006623
396.5671833	-17.4369164	-0.0005988023952	5.991077928e-14	-2.522229993e-12	417.0005988
397	-9.442817207e-15	0.001257861635	-6.48948822e-15	-3.892673045e-12	396.9987421
397.4550765	16.60218276	-0.0006605019815	-8.760657887e-14	-3.637521169e-12	378.0006605
397.5427275	-17.45779501	-0.0005973715651	-7.128403315e-14	2.876923935e-12	418.0005974
398	-4.275128855e-15	0.001254705144	-1.827194154e-15	1.712312612e-11	397.9987453
398.4807597	16.62410978	-0.0006587615283	2.700647295e-13	1.048404783e-11	379.0006588
398.5183009	-17.47864869	-0.0005959475566	-7.267195105e-14	3.005208793e-12	419.0005959
399	-9.4324946e-15	0.001251564456	1.161837682e-15	-7.043171148e-12	398.9987484
399.4939033	-17.49947752	-0.000594530321	2.203016912e-13	-9.088905054e-12	420.0005945
399.5064092	16.64600791	-0.0006570302234	-1.680758281e-13	-6.516676227e-12	380.000657
400	1.198870702e-14	0.001248439451	3.090864224e-15	-4.170291596e-12	399.9987516
400.4695348	-17.52028159	-0.0005931198102	-1.83793026e-13	7.492693931e-12	421.0005931
400.532025	16.66787727	-0.0006553079948	-1.319506743e-13	-5.324317528e-12	381.0006553
401	1.464234758e-14	0.001245330012	6.552222524e-16	-4.509111377e-12	400.9987547
401.4451952	-17.54106098	-0.0005917159763	7.758427394e-14	-3.161953764e-12	422.0005917
401.5576072	16.68971797	-0.0006535947712	5.615009844e-14	2.194768264e-12	382.0006536
402	-1.81426334e-14	0.001242236025	8.394029529e-16	4.1706788e-12	401.9987578
402.4208844	-17.56181578	-0.0005903187721	-1.574304782e-13	6.420054799e-12	423.0005903
402.583156	16.71153013	-0.0006518904824	-5.687735612e-14	-2.345222031e-12	383.0006519
403	7.893942761e-15	0.001239157373	1.534941799e-15	-4.202034538e-13	402.9987608
403.3966022	-17.58254609	-0.0005889281508	2.519984911e-13	-1.039183726e-11	424.0005889
403.6086716	16.73331386	-0.0006501950585	8.884879795e-14	3.410988037e-12	384.0006502
404	-5.399623826e-15	0.001236093943	-4.371994677e-15	-1.623966145e-12	403.9987639
404.3723487	-17.60325198	-0.0005875440658	-2.373607192e-13	9.875325638e-12	425.0005875
404.6341539	16.75506926	-0.0006485084306	4.385387181e-14	1.95147183e-12	385.0006485
405	1.413117629e-15	0.001233045623	-4.58586339e-15	6.149352732e-13	404.998767
