200.0020108	-727.6109624	0.4654706448	-6.986021599e-13	8.564288283e-13	5.170690587
200.0024059	-80.65028762	3.156684149	-3.971024185e-14	-6.179473224e-15	4.016866317
200.0039938	294.1155605	3.185912176	-2.535549689e-13	-1.104902147e-13	3.596281756
200.0115274	-40.48700766	3.201066215	4.020727792e-14	3.318573666e-14	3.975978676
200.0202909	-961.1269473	-1.36672704	-1.737074592e-13	1.596391697e-13	5.807334541
200.0358733	-594.8857551	1.35623622	-1.192026859e-13	1.83308086e-13	4.852875276
200.0395795	-855.9683609	-0.5094271624	-2.916747657e-13	3.01035694e-13	5.510188543
200.0403127	507.8794304	1.585570852	-1.930384775e-13	7.206985088e-14	3.188288583
200.0558728	-1149.472707	-2.971331943	-1.273175639e-12	9.909247922e-13	6.379426639
200.0840028	375.7275171	2.904429058	5.46833316e-13	-5.527855082e-14	3.461911419
200.1027541	-684.1628504	0.7729741125	-1.568257756e-13	2.058603687e-13	5.064540518
200.1144391	-639.9614707	1.070176524	6.499714154e-13	-9.197489778e-13	4.95859647
200.1170533	-982.2741528	-1.541195669	-1.326813735e-13	1.194396423e-13	5.870823913
200.1231621	-792.3579167	-0.0132773088	2.5520429e-14	-2.856035894e-14	5.340265546
200.1432749	-1128.740638	-2.789541509	-6.966530234e-14	5.512306558e-14	6.31579083
200.1471984	-349.4957285	2.559617592	-3.045023941e-13	8.824855252e-13	4.368807648
200.1491575	639.0205935	-2.574820056	-5.301364514e-13	4.934518069e-14	2.851496401
200.1793747	-453.5673086	2.128515931	-1.024504171e-13	2.172112053e-13	4.557429681
200.19024	-1003.359555	-1.716705492	3.598011363e-13	-3.174608078e-13	5.93433411
200.1914295	673.1183756	-4.6786237	-1.774745596e-13	1.697454819e-14	2.753572474
200.1988722	270.1495408	3.226042031	4.019335072e-13	-3.065861987e-14	3.635479159
200.2062686	-525.8517683	1.758725403	-2.363592964e-13	4.201811132e-13	4.704825492
200.2081915	-1107.965317	-2.608552065	1.012689283e-12	-8.149794047e-13	6.252171041
200.2087881	469.7682072	2.136129938	-3.067411408e-13	2.546162664e-14	3.277277401
200.2237807	531.253379	1.150936828	8.037462258e-13	-6.918881416e-14	3.136981263
200.2239152	426.1269487	2.573560858	1.308637558e-12	-1.061920987e-13	3.368528783
200.2400156	-1024.38639	-1.893216908	-1.505839092e-12	1.303023026e-12	5.997864338
200.2504753	-1087.144601	-2.428393141	4.084602415e-13	-3.344816225e-13	6.188567863
200.253408	-877.5067123	-0.6774507828	7.011236953e-13	-7.061457319e-13	5.573549016
200.2665415	-1045.35767	-2.070692257	-2.129386341e-12	1.808078574e-12	6.061413845
200.2699762	-1066.276201	-2.249095707	-3.579789502e-13	2.984286459e-13	6.124981914
200.2909384	-1233.986065	-3.695069678	-4.60219773e-13	3.371497048e-13	6.653901394
200.2953837	624.2450395	-1.819033479	-3.376635208e-13	3.104476644e-14	2.89638067
200.3231177	-321.4207683	2.652530276	-3.414032313e-24	2.554365891e-24	4.326949394
200.3450521	691.7981628	-6.07851457	5.327323359e-13	-5.168524709e-14	2.701570291
200.3493787	552.8278709	0.6641010917	3.688604487e-14	-3.218781177e-15	3.086717978
200.3581212	357.4334224	2.986575423	-4.125760179e-15	3.2452245e-16	3.500268492
200.3590215	-749.8325245	0.3076563748	5.40738036e-20	-6.426503631e-20	5.233846873
200.3725619	244.1855676	3.25640669	-3.128412998e-20	2.366293234e-21	3.674871866
200.3898781	608.3536826	-1.11717096	5.941652125e-14	-5.394091397e-15	2.942343419
200.407829	-814.2045817	-0.1765160071	2.388686176e-24	-1.803626312e-25	5.40353032
200.4181517	572.7723781	0.1241804234	-3.200464251e-13	2.830558161e-14	3.037516392
200.4182214	725.1005053	-9.171162934	-3.649217715e-15	3.622546272e-16	2.603423259
200.4183872	-572.5843017	1.491807838	1.753004219e-23	9.749427778e-24	4.810163843
200.4188706	709.0565668	-7.578129825	-6.068431877e-14	5.990330964e-15	2.651562597
200.4312406	591.2364121	-0.4694570314	1.693309781e-12	-1.517496402e-13	2.989389141
200.43847	-428.8370882	2.24053443	2.466237059e-23	-2.804994153e-24	4.515189311
200.4428265	-898.9621048	-0.846757827	9.859476407e-24	-6.451655875e-24	5.636935157
200.4539405	660.6594118	-3.7939044	-2.076499244e-13	1.949555852e-14	2.795878088
200.4697275	-1213.393052	-3.51076026	3.833438616e-24	-1.7268365e-24	6.590215205
200.4791279	-292.0552609	2.740060328	1.337702462e-25	-1.260012381e-24	4.285198793
200.4869579	496.2841921	1.778831273	-1.44401297e-12	1.215411794e-13	3.224423375
200.5076288	-706.692014	0.6193969676	-1.426955994e-24	-9.422236677e-25	5.127612061
200.5251152	215.9927067	3.277327791	-5.086458432e-25	7.256213759e-25	3.714453444
200.5276148	-502.5373188	1.883170215	-1.169254952e-25	7.145755286e-25	4.662336596
200.5384999	-618.1904178	1.212314036	6.70318774e-25	-8.18599271e-25	4.915753719
200.5559048	410.5732341	2.690232552	-5.359467109e-24	-2.636276977e-25	3.406195349
200.5678454	-662.8475678	0.9212164446	-4.145364628e-25	5.447218533e-25	5.021575671
200.5983487	456.3688659	2.289883473	-2.732555603e-23	1.577756378e-24	3.314202331
200.6080151	-920.3393234	-1.017296762	1.717090753e-25	5.59166512e-27	5.700345935
200.6109547	337.9812503	3.057689084	-2.593512456e-24	-3.327696831e-24	3.538846218
200.61514	-261.1889006	2.822013097	-4.584115043e-25	1.30981356e-24	4.243559738
200.6266207	-1192.763748	-3.327154051	-6.464325814e-24	5.182353843e-24	6.526543081
200.6565888	185.399301	3.28911963	-1.064926831e-24	2.258220227e-24	3.754217607
200.6675635	-835.9504441	-0.3412212761	4.233678548e-24	-1.097716908e-23	5.466824426
200.6685078	647.3199638	-2.961134165	5.196132125e-13	-4.836168569e-14	2.839222683
200.6700369	680.4623729	-5.121291358	1.794423381e-13	-1.716278367e-14	2.742425827
200.6780663	-403.463041	2.347888808	-5.491113004e-25	5.021494757e-25	4.473042224
200.6905486	-771.9299411	0.1481606752	3.950266912e-25	5.347968228e-24	5.297036786
200.7059418	520.6935045	1.371270423	2.407483905e-13	-2.044090321e-14	3.172574592
200.7310657	-228.6335812	2.898186636	-6.409052459e-25	-1.069211651e-24	4.202036267
200.7491507	-941.6427841	-1.18901871	1.184527391e-17	-1.112079755e-17	5.763780374
200.7614811	-1172.096469	-3.144275751	3.923323998e-13	-3.004847843e-13	6.462885515
200.7670433	152.3426827	3.292088835	-1.806001432e-23	1.168489116e-23	3.794158223
200.7820313	-549.9621353	1.623594391	-9.502619482e-25	7.92140328e-25	4.767528112
200.8027162	698.6866641	-6.552102474	-5.321390929e-13	5.162769116e-14	2.691042049
200.8268176	-194.2630951	2.968371514	4.386508068e-24	3.838390484e-24	4.16063257
200.8297792	-478.7944287	2.003418329	-5.713889039e-17	1.136648403e-16	4.619931633
200.8335764	633.0109609	-2.18125268	3.407272333e-13	-3.132644401e-14	2.883625054
200.8425356	317.2078495	3.118111553	2.057940135e-13	-1.582975609e-14	3.577637769
200.8565427	116.9143218	3.286534121	-1.587553837e-15	1.156181951e-16	3.834269318
200.857301	715.5581432	-8.080558172	1.404475857e-13	-1.380830649e-14	2.641611163
200.8664067	-962.8765697	-1.361877279	1.736595823e-13	-1.595951702e-13	5.827237546
200.8666143	394.1668086	2.794920198	-5.549230666e-13	4.402415954e-14	3.444101596
200.8666313	543.2079909	0.9122383103	-8.045408455e-13	6.925721735e-14	3.121755234
200.8741696	-1151.389428	-2.962151211	1.266998285e-12	-9.861168988e-13	6.399243024
200.8866513	-729.0768835	0.4639707974	6.973406469e-13	-8.548823172e-13	5.190720584
200.8980733	-377.3269832	2.450412976	1.277054774e-12	-3.382911423e-12	4.43099174
200.9023094	-158.0580406	3.032350648	2.230141771e-15	-1.558847218e-14	4.119352987
200.9025557	-857.6017076	-0.5073323501	2.927072585e-13	-3.021013234e-13	5.530146647
200.9125185	484.0965153	1.958275697	3.066925002e-13	-2.545758907e-14	3.260834486
200.9251546	79.38741082	3.272746103	1.124563848e-16	1.49542103e-15	3.874545078
200.943909	-596.1452853	1.350913892	1.211965055e-13	-1.863741516e-13	4.872981722
200.9476501	617.6357449	-1.454913335	-6.176938503e-14	5.607694635e-15	2.929098267
200.9494754	668.3647852	-4.214018516	-1.811167829e-13	1.712683602e-14	2.78428037
200.9574561	-120.1465184	3.089899131	-6.692743875e-12	6.216181734e-11	4.078202017
200.9599532	-984.0444621	-1.535828417	1.366012512e-13	-1.229683124e-13	5.890716568
200.9645446	-1130.640723	-2.780807498	7.927528049e-14	-6.272701535e-14	6.33561615
200.9666936	442.2741995	2.430714805	-1.309151219e-12	1.062337808e-13	3.351385704
200.9700153	564.0091741	0.4007355787	-3.928190914e-14	3.427851099e-15	3.071985288
200.9729493	40.21586539	3.25100717	1.118155622e-13	-8.016184769e-15	3.914979857
200.9921744	-80.82900239	3.140784093	-2.463563782e-11	1.735024182e-12	4.037184318
200.9950184	-685.5644816	0.7702206621	1.595514071e-13	-2.094382212e-13	5.084595587
200.9967934	-793.9114293	-0.01294453623	-2.24568961e-14	2.513190558e-14	5.360258891
201	-6.0502457e-14	3.221591408	-4.252515888e-14	-6.134925298e-14	3.955568172
201.0063824	-40.57696802	3.184764571	4.19400187e-14	-3.856848801e-14	3.996304709
201.0093015	601.0890852	-0.782474998	-1.689764089e-12	1.514318853e-13	2.9756495
201.0144989	-641.2944658	1.066147957	-6.541038321e-13	9.255965981e-13	4.978677041
201.0171791	583.2558467	-0.1640008815	3.152837776e-13	-2.7884363e-14	3.023280018
201.0299571	-1005.14997	-1.710830266	-3.631588244e-13	3.204233731e-13	5.954216605
201.032462	-1109.848328	-2.600272963	-1.013105142e-12	8.15314074e-13	6.272005459
201.0529014	294.9129576	3.168179208	-3.590685022e-13	1.597227655e-13	3.616636416
201.076582	-1026.196353	-1.88684303	1.507688632e-12	-1.304623458e-12	6.017736861
201.0777752	-1089.010081	-2.42057732	-4.082912533e-13	3.343432407e-13	6.208411546
201.0978938	-1235.962223	-3.68424317	4.506000914e-13	-3.30102479e-13	6.673684863
201.0984009	-350.280039	2.547934449	3.157179905e-12	-1.064944181e-12	4.389041311
201.0999886	-1047.186645	-2.063828858	2.132231326e-12	-1.810494272e-12	6.081276577
201.1003347	-1068.123675	-2.241751723	3.532006224e-13	-2.944451997e-13	6.144835034
201.1126716	-454.5680147	2.119322706	9.984123845e-14	-2.11330685e-13	4.577613546
201.1129925	-879.1640611	-0.6747916804	-7.012886553e-13	7.063118735e-13	5.593495834
201.1267165	-526.9893751	1.751465657	-2.727860434e-13	4.861775881e-13	4.724970687
201.143461	687.6598633	-5.573561868	-5.469852492e-13	5.2679185e-14	2.731471237
201.1560572	376.8294756	2.88797109	-2.315697199e-13	-7.631848957e-15	3.482240578
201.1671644	509.5951548	1.577275086	1.293966627e-13	5.982891195e-14	3.208454498
201.181752	655.4264611	-3.358012888	-1.043201326e-13	9.782145139e-15	2.827160258
201.2400299	-751.3275403	0.3067762571	-1.07417824e-13	1.279186399e-13	5.253864475
201.2420949	270.8645399	3.208222643	-3.839007567e-12	-1.25831055e-11	3.655835547
201.2557413	705.4514197	-7.034609621	-3.907528071e-13	3.814894448e-14	2.680692192
201.277953	-815.7844654	-0.1755912563	8.492151848e-13	-9.264630065e-13	5.423511825
201.2789595	-322.1424295	2.640274149	2.093742974e-13	-6.72243027e-13	4.347194517
201.2795495	-1215.35416	-3.500347929	1.152207268e-14	-8.580826654e-15	6.610006959
201.2916251	721.9556468	-8.591176428	5.942344435e-14	-5.875187202e-15	2.631823529
201.2990565	-900.6427339	-0.8435447316	4.104459154e-13	-4.044676121e-13	5.656870895
201.3138153	427.4403563	2.558967681	-7.416866159e-13	5.998564359e-14	3.388820646
201.3169631	471.2855298	2.124232948	1.348967994e-13	-1.115418178e-14	3.297515341
201.3305784	-573.8037175	1.485856179	7.815015869e-14	-1.261436635e-13	4.830282876
201.3631225	533.0961253	1.145582839	4.948191187e-13	-4.244007602e-14	3.157088343
201.3652954	641.5619273	-2.554331374	-1.954248259e-13	1.811779948e-14	2.871086627
201.376202	-429.78724	2.230730602	1.08333781e-13	-2.466353166e-13	4.535385388
201.3961738	-708.1247839	0.6172797355	-2.808302823e-13	3.570600133e-13	5.147654405
201.4101635	244.8157627	3.23856611	-2.58581145e-13	1.951736799e-14	3.695228678
201.4242535	358.4612433	2.969729978	2.328497455e-13	-1.825746833e-14	3.5206054
201.4393347	-1194.709427	-3.317163297	-5.97257504e-13	4.516715922e-13	6.546343266
201.439452	675.9061745	-4.644146534	-1.716303432e-14	1.634948717e-15	2.772882931
201.4396603	-292.7104162	2.727246205	-8.983746786e-20	3.22138707e-19	4.305455076
201.4426278	-619.4858733	1.207658132	-2.809662578e-12	4.153447539e-12	4.935846837
201.4523536	-503.6302947	1.87528635	6.018788986e-19	-1.133580412e-18	4.682494273
201.4609272	-922.0425428	-1.013539793	2.626108293e-13	-2.529419602e-13	5.720270796
201.4640942	-664.2139648	0.9178397753	8.994824366e-14	-1.228628405e-13	5.041643204
201.4985888	626.6785314	-1.80375323	1.666146617e-13	-1.525818507e-14	2.916075065
201.5013263	554.7949019	0.6620930771	2.810412972e-13	-2.443314703e-14	3.106758138
201.5342206	-837.5558714	-0.3397151432	3.496575965e-19	-3.71536171e-19	5.486794303
201.5571594	216.5358654	3.259527049	-2.121415512e-17	1.58696414e-18	3.734809459
201.5679688	-773.4530955	0.1478895381	-1.297119168e-18	1.499415905e-18	5.317042209
201.5771131	-1174.026329	-3.134714143	-4.294887356e-21	3.295215507e-21	6.482694283
201.5801789	610.6755866	-1.106768841	-4.787464513e-13	4.329316377e-14	2.962135377
201.5804149	-261.7735103	2.808657761	-6.808297261e-23	2.012461974e-23	4.263826845
201.5828058	574.860825	0.1259204075	7.865786357e-13	-6.930330203e-14	3.057481592
201.5987805	-943.3679337	-1.184727803	-1.916106139e-17	1.80522854e-17	5.783694556
201.6074002	497.932265	1.76926147	3.890067284e-13	-3.262653947e-14	3.244614771
201.6086849	593.4432224	-0.4635754025	-1.620971233e-12	1.446718272e-13	3.009271508
201.6118741	694.7184166	-6.035211137	1.76237981e-13	-1.685527978e-14	2.720704223
201.6202808	-404.3601859	2.337483368	7.882242399e-23	-1.827569257e-22	4.493250333
201.6397135	411.8157241	2.674986701	-2.178159463e-19	1.745475411e-20	3.426500266
201.6712296	338.9334049	3.040538128	-1.247676779e-20	9.679009257e-22	3.559189237
201.6831385	185.8535632	3.271415704	-2.731043735e-24	1.114055906e-24	3.774571686
201.689065	663.3497982	-3.765272519	1.258149952e-13	-1.181197456e-14	2.81530545
201.6927462	-1153.303062	-2.953026488	3.284715862e-19	-2.559775099e-19	6.41906053
201.6984199	-551.1400611	1.617016337	4.674370164e-26	8.481637265e-26	4.787659673
201.7002688	457.8171091	2.277036852	4.656958501e-18	-3.810770955e-19	3.334459263
201.7011358	-229.1436081	2.884308787	1.036429081e-23	-6.567285666e-25	4.222313824
201.7042953	712.0989347	-7.525798587	2.998757505e-13	-2.925030889e-14	2.670515972
201.7127887	-964.6230176	-1.357062187	-1.916989163e-19	1.764807108e-19	5.847141244
201.722004	728.2546457	-9.109741296	-6.043959062e-14	5.975653436e-15	2.622194826
201.7588532	-479.8410347	1.994915935	-9.841051115e-22	1.96108791e-21	4.640101681
201.7657853	-859.2318889	-0.5052552815	-1.620185116e-18	1.675280472e-18	5.550105106
201.7715231	-730.5397351	0.462479129	-4.931663047e-19	6.057967466e-19	5.210750417
201.786093	-1132.537708	-2.772127571	-2.434538749e-18	1.92935039e-18	6.355442551
201.788161	152.7067015	3.274534805	-1.244521643e-21	9.113848746e-23	3.814509304
201.8017366	-194.6947196	2.953991899	-8.462927512e-23	4.748040963e-22	4.180920162
201.8031212	-985.8116029	-1.530498705	-1.946022795e-17	1.754802495e-17	5.910609974
201.8387871	522.4696407	1.364421582	-7.043961739e-14	5.959278957e-15	3.192711568
201.8448182	-378.1683289	2.439416259	1.384025672e-18	-3.675347071e-18	4.451211675
201.852145	-597.4019814	1.345632196	5.683293025e-18	-8.758763877e-18	4.893087356
201.85701	-1111.728226	-2.592045922	6.598618459e-13	-5.318749849e-13	6.291840918
201.869944	-1006.937223	-1.704995311	1.090351482e-13	-9.636648007e-14	5.974099906
201.870668	-795.4618128	-0.01261733948	2.907137028e-17	-3.259700731e-17	5.380252347
201.8722901	117.1873139	3.269179329	-1.93223994e-18	1.433251732e-19	3.854616413
201.882132	-158.4078623	3.017492191	-2.668295156e-19	1.871730941e-18	4.139650156
201.8875046	-686.9631059	0.7674854675	-5.55128668e-18	7.302058102e-18	5.104650291
201.8907149	649.9086823	-2.938108105	1.944145766e-13	-1.802414013e-14	2.858762162
201.8970173	318.0824708	3.100732491	-4.411923343e-15	3.38342936e-16	3.59798535
201.9051319	-1237.935363	-3.673478925	-3.782444023e-14	2.775020446e-14	6.693469578
201.9053512	-1090.872437	-2.412811431	-7.796127756e-14	6.394347819e-14	6.228256229
201.9134199	-1028.003162	-1.880512024	3.004008404e-13	-2.603735988e-13	6.03761024
201.9147705	-642.6245316	1.062148454	4.166290025e-14	-5.908066869e-14	4.998757031
201.9240444	683.2919448	-5.084078992	1.426564414e-14	-1.358936477e-15	2.76168158
201.9309679	-1069.968015	-2.234455435	9.371407137e-13	-7.825130423e-13	6.164689109
201.9337089	-1049.012477	-2.057010803	5.013052295e-14	-4.263614948e-14	6.101140216
201.9355928	79.56911655	3.255636314	5.203311553e-19	2.698991226e-18	3.894887274
201.9422378	-120.4116962	3.074587077	9.260490746e-19	-3.820186024e-19	4.098508258
201.9443952	395.3376417	2.779116081	2.198661025e-13	-1.738679042e-14	3.464417678
201.9728327	-880.8182429	-0.6721539644	-2.245491534e-13	2.265704347e-13	5.613443079
201.9781386	40.30645789	3.234184736	3.3987725e-17	-2.953337401e-18	3.935316305
201.9819714	-81.00730253	3.125046152	1.872196656e-17	-2.447905412e-18	4.057499077
202	3.249964323e-14	3.205095431	1.371313586e-15	4.041211792e-18	3.975898091
202.0012519	-40.66672074	3.168631067	1.603986355e-16	-4.42052089e-15	4.016627379
202.0120021	545.1095024	0.9085105458	-4.952682018e-13	4.247817527e-14	3.141829789
202.0266104	485.6765889	1.947548243	-1.369548395e-13	1.133172394e-14	3.281049035
202.042866	635.4939553	-2.163553699	-1.680431079e-13	1.538899977e-14	2.903271074
202.0461261	-455.5663273	2.110208444	-1.128779152e-14	2.398864981e-14	4.597795831
202.047345	-528.1243398	1.74426499	2.741987336e-13	-4.88557482e-13	4.7451147
202.0497252	-351.0624204	2.536358234	-8.370808447e-14	2.432075323e-13	4.409272835
202.0624207	443.65294	2.417024726	7.405926297e-13	-5.989517311e-14	3.371659505
202.0754467	701.6452351	-6.506011215	3.683984188e-13	-3.559741512e-14	2.710120224
202.0896532	-1217.312235	-3.489996297	-1.658641476e-14	1.235239123e-14	6.629799926
202.101654	295.7078749	3.150644973	5.737747281e-15	3.287963852e-15	3.636987101
202.1212734	-752.8194704	0.3058995509	1.059645346e-13	-1.261879884e-13	5.273882009
202.1280198	566.0332791	0.4005299298	-2.769150881e-13	2.408110775e-14	3.091989401
202.1440418	620.0091812	-1.44222779	4.765649354e-13	-4.308327604e-14	2.948844556
202.1483233	-817.361212	-0.1746762552	-8.528913222e-13	9.304735393e-13	5.443493525
202.1485433	718.6353935	-8.02543048	8.953012523e-14	-8.766804964e-15	2.66050861
202.1555448	-902.3201961	-0.8403564915	-4.099343396e-13	4.039634876e-13	5.67680713
202.1879099	585.3996074	-0.1602883778	-7.694419448e-13	8.417050116e-14	3.043205768
202.1906214	671.0992143	-4.182721514	-2.307920437e-14	2.137114935e-15	2.80365443
202.1928339	603.3493647	-0.7744595582	1.523630888e-12	-1.475193153e-13	2.995489191
202.2278741	377.9277058	2.871698527	-2.207443499e-13	4.171918595e-14	3.502566029
202.2349131	-322.8623128	2.62813176	-2.629767888e-13	6.812428227e-13	4.367437365
202.2429632	-575.0203645	1.479950957	-7.599177732e-14	1.225974533e-13	4.850400981
202.2523294	-1196.652061	-3.307231597	-2.440729373e-13	1.848546049e-13	6.566144632
202.2849448	-709.5545239	0.6151755806	-2.123991434e-13	2.705993266e-13	5.167696488
202.2851821	271.5773801	3.190601802	-9.242086908e-13	-3.957214887e-15	3.676187964
202.2935692	511.3043263	1.569052582	5.913677401e-13	1.244462101e-13	3.228618948
202.3140832	-430.735103	2.221012285	1.337388414e-13	-2.95151211e-13	4.555579754
202.3140999	-923.7425971	-1.009810982	-2.450379626e-13	2.364334955e-13	5.74019622
202.3469612	-620.7784549	1.203036793	1.632168979e-15	-2.416256119e-15	4.955939264
202.3605592	-665.5774017	0.9144865591	1.175743134e-14	-1.60932119e-14	5.061710269
202.3772653	-504.7207108	1.867467766	1.348942523e-13	-2.541676336e-13	4.702650645
202.3930248	-1175.953129	-3.125209857	4.567912861e-13	-3.514502789e-13	6.502504197
202.4002938	-293.3639592	2.714552621	-6.218518352e-14	2.239578647e-13	4.325708948
202.4011268	-839.1581556	-0.3382227371	-3.562464612e-13	3.792425015e-13	5.506764455
202.4034116	428.7491031	2.544535964	-1.310897037e-12	-1.952283135e-12	3.409109281
202.403425	690.5300569	-5.533600923	-9.40688165e-13	9.022894346e-14	2.750672018
202.4100086	658.0614364	-3.332412188	-6.07686061e-13	5.683779906e-14	2.846648244
202.4247644	472.7972453	2.112460433	-6.980411211e-14	3.461945914e-15	3.317750791
202.4456275	-774.9731508	0.1476172664	-5.923495369e-14	6.86060346e-14	5.337047655
202.4476489	245.4441175	3.220922984	1.064957298e-11	3.912150038e-11	3.71558154
202.448673	-945.0899214	-1.180468199	1.104839543e-12	-1.042722432e-12	5.803609364
202.4901704	359.4856569	2.953074213	1.92119849e-14	-8.720164874e-16	3.540938516
202.5019693	534.9317291	1.140259898	6.848846527e-13	-5.859310901e-14	3.177194802
202.5116013	-1155.213623	-2.943957266	2.520859888e-13	-1.971074424e-13	6.438879145
202.5343477	708.4471706	-6.985731062	1.674315523e-14	-1.627969026e-15	2.699714621
202.5457798	-262.356688	2.795429733	2.439195986e-17	-1.15018343e-17	4.284091405
202.5594355	-966.3663082	-1.352281391	4.537605275e-12	-4.191751281e-12	5.867045628
202.5626353	-405.255156	2.327170048	-1.305559758e-15	3.210666834e-15	4.513456599
202.5806538	644.0933214	-2.534167391	-7.939259885e-13	7.331450225e-14	2.890683348
202.5886485	725.0666742	-8.533265626	-5.36663049e-12	5.270372153e-13	2.650665313
202.5891057	217.0774959	3.241921849	1.01502919e-11	-7.573313426e-13	3.755161563
202.6079187	-1134.431609	-2.763501232	3.493830665e-13	-2.777444386e-13	6.375270025
202.614995	-552.3152884	1.610490634	-2.459932703e-16	4.179340767e-16	4.807790187
202.6292667	-860.8589234	-0.5031957289	-8.65142439e-14	8.97859595e-14	5.570063915
202.6465559	-987.5755921	-1.525206138	6.551176501e-12	-5.927554072e-12	5.930504123
202.6527305	556.7542238	0.6600681109	1.411373827e-13	-1.222452842e-14	3.126798638
202.6566248	-731.9995371	0.4609955965	-1.152078577e-15	1.42085107e-15	5.230780088
202.6712845	-229.652396	2.870564954	-8.624022584e-18	4.096354153e-17	4.242588701
202.681834	-1113.605028	-2.583870455	-1.984447716e-15	1.604582652e-15	6.311677409
202.6865947	678.6835012	-4.610161239	3.076181674e-13	-2.913979469e-14	2.792203225
202.6880922	-480.8851696	1.986485117	1.950657541e-16	-3.907575175e-16	4.660270298
202.7010596	629.1024274	-1.788729746	1.161117059e-11	-1.054760277e-12	2.935774595
202.7096082	186.3065977	3.253904669	-1.352166659e-15	1.000472551e-16	3.794921907
202.7101994	-1008.721332	-1.699200215	-5.422103026e-15	4.808212961e-15	5.993984004
202.7126513	-1239.905498	-3.662776416	-3.606805761e-17	2.653888314e-17	6.713255528
202.7232419	413.0538828	2.659910731	1.087931685e-12	-8.695098334e-14	3.446801785
202.727422	499.5741243	1.759783286	2.571179819e-13	-2.148786855e-14	3.264804334
202.7313103	339.8824708	3.023579875	2.941405525e-16	-2.279870072e-17	3.579528402
202.733202	-1092.731685	-2.405095	-6.497731894e-14	5.346409584e-14	6.2481019
202.7447842	-797.0090864	-0.01229561161	-2.073599821e-16	2.333997499e-16	5.400245912
202.7468677	576.9410269	0.1275900233	3.379222173e-13	-2.967443639e-14	3.0774482
202.7505281	-1029.806835	-1.874223457	7.142327811e-15	-6.211164189e-15	6.057484469
202.76058	-598.6558637	1.340390682	1.074600945e-17	-1.663301532e-17	4.913192186
202.7618745	-1071.809237	-2.227206381	3.074918218e-15	-2.575853278e-15	6.184544128
202.767701	-1050.83518	-2.050237644	1.539947402e-14	-1.314015821e-14	6.121004753
202.769792	612.9882955	-1.0965578	4.706402753e-14	-4.210452663e-15	2.981931156
202.7767225	-195.1253077	2.939752918	-3.612428217e-22	2.003136201e-22	4.201204942
202.7802115	-688.3587432	0.7647683667	-2.844167649e-18	3.7565894e-18	5.124704633
202.785489	595.6412902	-0.4578224256	-1.59926596e-13	1.425546807e-14	3.029156449
202.7916939	-379.0076243	2.428518317	-9.7264082e-24	-2.019640759e-23	4.471429634
202.8018402	459.2600828	2.264327872	-4.425311031e-15	3.617389968e-16	3.354713443
202.8092157	153.0697767	3.257170355	-6.450779648e-24	-1.499464215e-22	3.834856593
202.8152523	-643.9516884	1.058177719	-2.358261936e-20	3.352244812e-20	5.018836446
202.8329275	-882.4692759	-0.6695373739	1.105239718e-16	-1.117227343e-16	5.633390747
202.862009	-158.7568556	3.002780864	1.645601085e-22	-2.798585898e-22	4.159944383
202.8777649	697.6280876	-5.99249262	1.471509562e-12	-1.413183055e-13	2.739849852
202.8879912	117.459626	3.252010217	3.929633054e-19	-2.846891343e-20	3.874959796
202.9000374	-1219.267291	-3.479704842	8.7965068e-15	-6.560706363e-15	6.649594097
202.92335	666.0298997	-3.737064391	6.480072012e-13	-6.057035618e-14	2.834741288
202.927061	-120.6762549	3.059428492	-1.474701387e-19	1.37469331e-18	4.11881143
202.9460006	79.7503852	3.238707786	1.154500353e-16	-9.392090047e-18	3.915225844
202.9513255	318.9543211	3.083547999	1.133676677e-16	-8.667666032e-18	3.61832904
202.9681527	-529.2566818	1.737122692	5.59526454e-15	-9.992000914e-15	4.765257546
202.9711641	524.2389691	1.357625561	-4.46334454e-13	3.76260192e-14	3.212847489
202.9717967	-81.18519109	3.109467819	-1.77117635e-18	2.362601501e-17	4.077810644
202.9797373	-456.5622649	2.101172134	1.305149748e-14	-2.780227275e-14	4.617976557
202.983313	40.39683812	3.217538687	5.390663058e-16	-1.120858571e-16	3.955649226
202.9887435	715.1307406	-7.474137278	-2.717485615e-13	2.649869762e-14	2.689482746
202.9961358	-40.75626731	3.152663069	-1.213733464e-16	3.049553368e-16	4.036946739
203	1.624448048e-13	3.188770569	1.121103917e-15	-7.454350175e-16	3.996224589
203.0011706	-351.842888	2.524887476	-2.3881588e-15	6.955806622e-15	4.42950225
203.0027504	-754.3083344	0.3050262661	-4.912696144e-15	5.861821369e-15	5.293899475
203.0122901	-903.9945095	-0.8371928152	9.580204631e-12	-9.457595704e-12	5.696743856
203.0189384	-818.9348403	-0.1737708548	9.937979078e-11	-1.086249063e-10	5.463475417
203.0219188	396.5044682	2.763488762	-4.293658219e-15	3.356844625e-16	3.484730225
203.0247713	731.398363	-9.049064229	8.428425539e-14	-8.299842822e-15	2.640981285
203.0656036	-1198.591661	-3.297358434	2.492045958e-13	-1.887411922e-13	6.585947169
203.1121247	652.4873674	-2.915437143	7.990494242e-13	-7.378701457e-14	2.878308743
203.1403075	487.2507872	1.936928869	6.60702112e-14	-3.979367535e-15	3.301261423
203.1502532	296.5003384	3.133306111	9.038870536e-13	-6.862522697e-14	3.657333878
203.1555403	-576.2342624	1.474091643	-1.284630218e-13	2.078105678e-13	4.870518167
203.1568566	547.0036306	0.9047909625	-6.817448363e-13	5.787029199e-14	3.161904181
203.1578234	445.026745	2.403483726	8.424654198e-14	7.984452988e-15	3.391930325
203.1675319	-925.4395039	-1.006110009	2.421830781e-13	-2.336788597e-13	5.7601222
203.1739406	-710.9812538	0.6130844025	2.169562583e-13	-2.764061177e-13	5.187738312
203.1771572	686.1110267	-5.04738672	-1.731695275e-13	1.642993602e-14	2.780947734
203.1909776	-323.5804324	2.616101519	8.277567558e-15	-2.055943486e-14	4.38767797
203.2092149	-1177.876883	-3.115762386	-4.580612555e-13	3.524273796e-13	6.522315248
203.2514025	637.9672299	-2.14614177	-3.465002007e-13	3.117307659e-14	2.922922835
203.2514987	-622.0681827	1.198449653	-1.698919304e-15	2.516800226e-15	4.976031007
203.2521122	-431.6806951	2.211378366	-1.461557766e-13	2.906532398e-13	4.575772433
203.2572391	-666.9378986	0.9111565698	-1.177255756e-14	1.611391067e-14	5.081776869
203.2682808	-840.7573155	-0.3367438698	3.595645207e-13	-3.82774745e-13	5.526734877
203.2854598	568.049452	0.400282252	-1.308549188e-13	1.717404375e-14	3.111994355
203.2988268	-946.8087645	-1.176239553	-1.11179072e-12	1.049282794e-12	5.823524791
203.2994561	379.0222496	2.855608266	-1.875168051e-14	3.330284385e-16	3.522887835
203.3023485	-505.8085861	1.859713665	-1.349261009e-13	2.544971523e-13	4.722805727
203.3235233	-776.4901263	0.1473439193	5.862751766e-14	-6.790250035e-14	5.357053122
203.3281354	272.2880835	3.173176164	-2.857677353e-13	9.658303174e-14	3.696536477
203.3307338	-1157.121125	-2.934943046	-2.445035323e-13	1.911786774e-13	6.458698861
203.339726	622.37327	-1.429762978	1.669940442e-11	1.204350402e-11	2.96859526
203.3472334	704.5932477	-6.460530402	-4.813585795e-13	7.549351418e-14	2.729210608
203.3580279	587.5349207	-0.1566732361	-5.81832033e-13	-1.410951064e-13	3.063133465
203.3610276	-294.015903	2.701977868	1.085843647e-13	-2.318494852e-13	4.345960443
203.3757059	605.6007228	-0.7666013121	-5.066719982e-11	-3.95929283e-11	3.015332026
203.4063457	-968.1064583	-1.347534523	2.200363235e-13	-2.036138333e-13	5.88695069
203.4195322	513.0070252	1.560902732	-5.517599936e-11	-6.201789408e-11	3.248781945
203.4300205	-1136.322438	-2.75492799	-6.149016324e-15	4.895765626e-15	6.39509856
203.4309119	673.8233103	-4.151877645	1.292994714e-13	-1.217460805e-14	2.823037553
203.4387986	721.7021438	-7.970994824	-4.585318035e-15	4.484905465e-16	2.679419896
203.485019	246.07065	3.203474005	-2.000341358e-13	-1.631407434e-13	3.73593052
203.490256	-989.3364463	-1.519950329	6.697885789e-13	-6.070552017e-13	5.950399007
203.4927075	430.0532437	2.530263119	-1.882392595e-13	-1.195587523e-13	3.429394738
203.4929986	-862.4828296	-0.5011534683	-4.973842257e-13	5.171391333e-13	5.590023069
203.5051289	-406.1479683	2.316947628	9.819502119e-14	-2.420644978e-13	4.533661047
203.5069329	-1115.478747	-2.575746082	-1.160013739e-13	9.39432025e-14	6.331514922
203.5112341	-262.9384452	2.78232718	2.815050658e-14	-1.155377048e-13	4.304353456
203.5204508	-1241.87264	-3.652135122	-1.066357001e-12	7.857674746e-13	6.733042702
203.5317554	-553.4878368	1.604016671	-4.776261729e-14	8.132677912e-14	4.827919667
203.5321961	474.3034214	2.100810628	5.133915041e-13	-4.217716341e-14	3.337983787
203.5419552	-733.4563093	0.4595201562	2.007824221e-14	-2.481151909e-14	5.250809597
203.550722	-1010.502312	-1.693444568	-9.730831401e-13	8.643516227e-13	6.013868891
203.5558741	360.5067009	2.93660494	-1.946006278e-13	1.516340697e-14	3.561267901
203.5613263	-1094.58784	-2.39742756	3.357429006e-13	-2.766913593e-13	6.267948551
203.5879051	-1031.607386	-1.867976904	1.180052126e-12	-1.027897017e-12	6.077359538
203.5930532	-1073.647355	-2.220004106	-1.116102993e-13	9.36459282e-14	6.204400082
203.6019637	-1052.65477	-2.043508939	-2.09450227e-13	1.790117218e-13	6.140870179
203.6174948	-481.9268522	1.978124981	-1.383752354e-13	2.778340506e-13	4.6804375
203.6191409	-798.5532693	-0.01197924808	1.04434758e-13	-1.177733796e-13	5.420239585
203.620955	217.6176125	3.224508936	3.272780428e-13	-2.434314124e-14	3.775509821
203.6374508	660.6862993	-3.307196615	4.820186004e-13	-4.486628078e-14	2.866143932
203.6403265	536.7602782	1.134968336	1.672699151e-14	-1.424282605e-15	3.197300633
203.6415113	-230.1599547	2.85695318	6.074797578e-20	-2.893392036e-19	4.262860936
203.6624802	693.3897563	-5.494187399	3.546577558e-13	-3.388351386e-14	2.769883748
203.6692126	-599.906952	1.335188907	-9.278127884e-14	1.439190348e-13	4.933296222
203.6731376	-689.7514136	0.762069199	-3.914791826e-12	5.18112911e-12	5.144758616
203.6932753	-884.1171784	-0.6669416524	-1.326255604e-12	1.345482215e-12	5.653338833
203.7107008	-1221.219341	-3.469473049	2.986602002e-12	-2.234065454e-12	6.669389461
203.7159431	-645.275956	1.054235459	-6.067756869e-21	8.65919845e-21	5.038915291
203.7359984	186.7584157	3.236583338	2.920976031e-24	-1.863009167e-24	3.815268333
203.7386993	-379.8448856	2.417717818	-5.767368815e-24	1.041646574e-23	4.491645644
203.7517745	-195.5548675	2.925652489	-1.075736128e-24	1.180085363e-24	4.22148695
203.7911988	340.8284816	3.006811081	1.068743886e-20	-8.261323761e-22	3.599863778
203.795241	646.6148865	-2.514320617	3.938595634e-13	-3.622763198e-14	2.910286412
203.8035972	558.7059314	0.6580275766	-7.436158625e-13	6.417301917e-14	3.146839448
203.8064931	414.2877602	2.645001869	-6.410342769e-14	5.106763867e-15	3.467099963
203.811998	711.4323993	-6.937487357	4.206707813e-13	-4.073776045e-14	2.718749747
203.8302081	153.4319164	3.239992377	1.701932507e-25	8.22127592e-26	3.855200152
203.84194	-159.105027	2.988214461	-4.917636942e-24	3.823353904e-25	4.180235711
203.8470278	501.2098459	1.75039569	5.741461148e-13	-4.781806183e-14	3.284992086
203.8692909	-905.6656918	-0.8340534162	1.431832324e-26	2.287168472e-24	5.716681068
203.879156	-1200.528242	-3.287543301	-3.165589964e-23	2.48893419e-23	6.605750866
203.8844597	-755.7941518	0.3041564117	-2.875549842e-24	3.528729157e-25	5.313916872
203.884675	728.167274	-8.476067697	2.608131127e-13	-2.558003859e-14	2.669521354
203.8891383	-530.3864204	1.730038065	9.708343178e-26	8.351812032e-26	4.785399239
203.8897969	-820.5053693	-0.1728749086	1.651208955e-24	-8.274850849e-25	5.483457498
203.9028039	631.5168375	-1.773956764	2.915268965e-13	-2.648957768e-14	2.955479135
203.9030666	460.6978499	2.251754472	-1.567977518e-23	1.493590453e-24	3.374964911
203.9036463	117.7312637	3.235023768	-4.373948913e-23	4.142257526e-24	3.895299525
203.9103442	579.0130844	0.1291918019	-2.506971488e-13	2.192365016e-14	3.097416164
203.9119254	-120.9401991	3.044421043	5.298922064e-24	1.384590569e-25	4.139111579
203.9135039	-457.5558456	2.092212784	1.640272036e-23	-1.719456751e-24	4.638155744
203.9328663	681.4504606	-4.576657765	5.329561233e-13	-5.040947793e-14	2.811533155
203.952736	-352.6214572	2.513520731	-1.681351885e-24	3.000481848e-26	4.449729585
203.9563784	79.93122012	3.2219576	-3.408954606e-24	2.753928907e-25	3.935560848
203.9587247	615.2919175	-1.086532834	-3.133666673e-13	2.799508022e-14	3.001730657
203.9616498	-81.36267108	3.094046639	2.650648465e-22	-2.364501128e-23	4.098119067
203.9616598	597.8307202	-0.4521943529	1.631214687e-12	-1.445177138e-13	3.049043887
203.9884726	40.48700766	3.201066215	1.988070178e-25	4.606538414e-26	3.975978676
203.9910339	-40.8456092	3.136857999	7.189847481e-25	-5.484459186e-26	4.05726284
204	-1.790006359e-14	3.172614128	-3.24032073e-25	-1.402741042e-25	4.016547717
204.005462	319.8234297	3.066554802	1.955343842e-24	-1.647811343e-25	3.638668904
204.0212216	-927.1332809	-1.002436561	-6.802648849e-24	7.43515442e-24	5.780048731
204.0256821	-1179.797605	-3.106371227	-5.063979493e-24	2.835531499e-24	6.542127425
204.0631597	-712.4049933	0.6110061012	-1.215530792e-23	1.583252823e-23	5.207779878
204.0683083	-577.445431	1.468277717	2.97113926e-24	-4.782941847e-24	4.890634446
204.0991878	397.6673338	2.748035318	7.14663209e-15	-5.615761412e-16	3.505039294
204.1030781	526.001573	1.350882194	1.194727015e-13	-1.003595489e-14	3.232982356
204.1356811	-842.3533696	-0.3352783566	-3.037098687e-18	3.239151157e-18	5.546705567
204.1427335	700.527273	-5.95034789	-3.572140433e-13	3.412773804e-14	2.759006958
204.147152	-324.2968025	2.604181869	-4.195674673e-24	1.539304881e-24	4.407916363
204.1492407	-948.5244803	-1.172041525	-3.393501735e-14	3.208276807e-14	5.84344083
204.1501423	-1159.025583	-2.925983335	2.369835884e-12	-1.855820239e-12	6.478519667
204.1541325	-668.2954753	0.907849584	3.802364887e-20	-5.214661109e-20	5.101843008
204.1562389	-623.3550765	1.193896347	1.739661626e-21	-2.514933397e-21	4.996122073
204.1568039	668.6998241	-3.709270951	-4.88560869e-13	4.5475235e-14	2.854185419
204.1902882	-432.6240338	2.20182775	7.895160423e-22	-1.806972991e-21	4.595963445
204.1987005	297.2903736	3.116159341	1.80179649e-12	-1.362222094e-13	3.677676813
204.2016547	-778.0040413	0.1470695542	-7.223541936e-13	8.382498762e-13	5.377058609
204.2276021	-506.8939396	1.852023258	-3.332569805e-13	6.30527415e-13	4.742959535
204.2523972	-1138.210212	-2.746407359	4.930791801e-15	-3.925831395e-15	6.414928147
204.2529053	446.3956723	2.390089488	1.084481749e-13	-8.713161588e-15	3.41219821
204.253518	-969.843485	-1.342821221	-2.172825407e-13	2.0106558e-13	5.906856424
204.253614	488.8191811	1.92641617	-5.142834398e-13	4.225043958e-14	3.321471677
204.2722243	718.1520722	-7.423134067	-4.093005409e-13	3.964031953e-14	2.708462681
204.3012005	548.8904661	0.9010803777	-1.318849545e-14	1.122984053e-15	3.181978392
204.321861	-294.6662605	2.689520266	2.125071717e-16	-7.673132648e-16	4.366209595
204.3265323	734.5317342	-8.989119583	-2.558645559e-13	2.509590395e-14	2.659782392
204.3285294	-1243.836802	-3.641554527	1.064206954e-12	-7.841831679e-13	6.752831091
204.3323054	-1117.3494	-2.567672329	1.225775075e-13	-9.926885529e-14	6.351353447
204.3327456	655.0561286	-2.893113314	-3.953172297e-13	3.636170971e-14	2.897862266
204.3342201	-991.0941822	-1.514730892	-6.685175586e-13	6.05903227e-13	5.970294618
204.3569796	-864.1036255	-0.4991282799	4.948256519e-13	-5.144789391e-13	5.609982566
204.3708056	380.1131485	2.839697271	2.261503157e-13	4.45703377e-14	3.543206055
204.3709561	272.9966716	3.155942462	7.079213697e-13	1.79765803e-12	3.716881151
204.3897227	-1096.440917	-2.389808646	-3.428124178e-13	2.825174671e-13	6.287796173
204.3915105	-1012.28018	-1.687727969	9.616588785e-13	-8.542038988e-13	6.033754559
204.4245025	-1075.482386	-2.212848159	1.118651928e-13	-9.385979494e-14	6.224256963
204.4255498	-1033.404833	-1.861771945	-1.189800365e-12	1.036388324e-12	6.097235439
204.4275127	-734.910071	0.4580527642	-1.517411242e-14	1.875128189e-14	5.270838945
204.4293843	688.9197207	-5.011204179	-6.632379136e-13	6.267616258e-14	2.800224084
204.4364955	-1054.471264	-2.036824254	2.139182993e-13	-1.828304682e-13	6.160736485
204.4423414	570.0577893	0.3999944501	7.443874698e-13	-6.823184157e-14	3.132000111
204.4477604	-407.0386396	2.306814908	-9.679581481e-14	2.38615256e-13	4.553863702
204.4486996	-554.6577256	1.597593847	4.513978587e-14	-7.686080876e-14	4.848048123
204.459194	640.4308945	-2.129010113	-2.91778221e-13	2.651242303e-14	2.942580202
204.4767771	-263.5187932	2.769348305	-2.593355147e-14	1.111130106e-13	4.324613034
204.4937364	-800.0943803	-0.01166814667	-9.923165646e-14	1.119057267e-13	5.440233363
204.5216422	-1223.168398	-3.459300408	1.0836604e-12	-8.117982413e-13	6.689186008
204.5222751	246.695378	3.18621594	-3.076546741e-14	-8.502561896e-15	3.756275681
204.5275398	589.6618886	-0.1531523825	-4.374424121e-12	-3.729240846e-12	3.083063048
204.5347106	624.7281199	-1.417513358	-4.362337152e-13	4.136064122e-14	2.988350267
204.5450582	514.7033303	1.552824917	2.257425554e-12	1.557081392e-12	3.268943502
204.5470599	-482.9661009	1.969834647	-1.550840392e-13	3.120972621e-13	4.700603307
204.5538749	-885.7619683	-0.6643665474	4.725376623e-13	-4.802503788e-13	5.673287331
204.5579246	607.8432654	-0.7588959622	-3.058690115e-13	2.72742992e-14	3.035177919
204.5662815	-691.1411366	0.7593878054	8.97010776e-14	-1.189581125e-13	5.164812244
204.5780415	-601.1552659	1.330026434	-3.68876735e-13	5.7341502e-13	4.953399471
204.5817062	431.3528317	2.516146613	-7.901116253e-12	-1.260701118e-11	3.449677068
204.6118154	-230.6662939	2.843471548	1.123670308e-11	-6.144789548e-13	4.283130569
204.6168414	-646.5973541	1.050321385	-3.266166193e-13	4.67064736e-13	5.058993572
204.618085	707.5307957	-6.415648715	-3.514912399e-13	3.380104648e-14	2.748312974
204.6213667	361.5244126	2.920319039	-1.817925627e-11	-3.827682996e-11	3.581593619
204.6392622	475.8041243	2.089281798	2.683213029e-13	-2.197652589e-14	3.358214364
204.6527082	218.1562295	3.207285127	1.030933691e-13	-5.792415456e-13	3.795854297
204.6703554	676.5371786	-4.12147746	-5.117171591e-13	4.799175039e-14	2.842429549
204.6858334	-380.6801288	2.407013456	4.913686983e-14	-1.317640339e-13	4.511859731
204.6929855	-1202.461817	-3.277785693	2.000297588e-12	-1.52174696e-12	6.625555714
204.7265458	-907.3337607	-0.8309380122	4.275183066e-14	-4.243051429e-14	5.73661876
204.7268922	-195.9834071	2.911688573	-3.506625697e-12	1.998255218e-11	4.241766229
204.7280757	724.7584783	-7.917239307	-3.481645205e-14	3.391887552e-15	2.698344786
204.7608974	-822.0728175	-0.1719882732	-8.632802495e-14	9.489148532e-14	5.503439765
204.76231	187.209028	3.219448592	2.1692067e-12	-1.596062041e-13	3.835611028
204.7663999	-757.2769417	0.3032899958	4.35918899e-13	-5.23194592e-13	5.3339342
204.7781998	538.5818588	1.129708445	-4.427402503e-14	3.756385805e-15	3.217405831
204.8103006	-531.5135748	1.723010423	-4.323907905e-16	7.773651616e-16	4.805539792
204.8219244	-159.4523827	2.97379082	7.866148085e-22	-5.618987616e-21	4.200524184
204.8424253	-1181.715309	-3.097035884	-1.024808644e-16	7.920442323e-17	6.561940718
204.8474248	-458.5470875	2.083329416	3.08980604e-22	-6.18216393e-22	4.658333412
204.8508972	341.7714703	2.99022857	1.017933271e-11	-7.841876229e-13	3.620195429
204.8511387	153.7931283	3.22299783	3.626710022e-21	-2.735965806e-22	3.875540043
204.864087	663.3011576	-3.282357762	3.21338682e-13	-2.9792638e-14	2.885647155
204.8751679	-928.8239452	-0.9987903284	-1.099565132e-15	1.066553011e-15	5.799975807
204.8894701	415.5174054	2.630257402	-3.105095744e-13	2.465701834e-14	3.487394852
204.8968307	-121.2035335	3.029562447	-1.703430274e-25	-1.056210157e-24	4.159408751
204.9044205	-353.3981429	2.502256582	-1.180192319e-22	3.407347651e-22	4.469954868
204.9192559	118.0022324	3.218217031	-3.913808105e-23	8.078704649e-24	3.915635659
204.9206357	696.2390605	-5.455310664	5.982521669e-12	-5.67309378e-13	2.789106213
204.9515307	-81.53974545	3.078780207	2.045984046e-23	-1.315344182e-24	4.118424396
204.9526007	-713.8257618	0.6089405775	-5.49912854e-22	7.044267725e-22	5.227821188
204.9539323	560.6501172	0.65597279	1.155844609e-12	-9.938426175e-14	3.166880544
204.9662222	502.8395039	1.741097658	-1.905268647e-12	1.581319129e-13	3.305178047
204.9667263	80.11162459	3.205382906	1.276821943e-23	-1.356238235e-24	3.955892342
204.9698255	-1160.927011	-2.917077644	-8.329731344e-21	6.542452963e-21	6.498341553
204.9812658	-578.6538897	1.462508666	-2.996669247e-24	4.91429422e-24	4.910749827
204.9859461	-40.93474789	3.121213337	-1.117629541e-24	6.45479366e-25	4.077575733
204.9936176	40.57696802	3.184764571	-1.165282372e-23	4.026270118e-24	3.996304709
204.9999133	-950.2370857	-1.167873781	2.0405072e-21	-1.933101601e-21	5.863357476
205	1.4434244e-16	3.156623469	5.844143189e-24	1.073944584e-24	4.036867531
205.0033264	-843.9463363	-0.333826016	-8.900976595e-23	9.494264727e-23	5.56667652
205.0039518	462.1304719	2.239314625	-3.231906462e-18	2.623739575e-19	3.395213707
205.009065	649.1267313	-2.494783784	2.374314206e-12	-2.17277154e-13	2.929895676
205.051238	-669.6501513	0.9045653804	1.342315975e-24	9.941285406e-25	5.121908692
205.0594285	320.6898257	3.049749696	1.678752272e-23	-1.356764807e-24	3.659005006
205.0611805	-624.6391559	1.189376516	3.155606931e-24	-5.120495614e-25	5.01621247
205.0732416	581.0770957	0.1307281746	-2.758107685e-12	2.394294067e-13	3.117385437
205.0750474	-1140.094943	-2.737938862	3.082679573e-22	-9.977988013e-23	6.434758777
205.0800204	-779.5149148	0.1467942269	-4.81146685e-23	5.478694478e-24	5.397064115
205.0887013	714.4071965	-6.889867039	2.864560325e-13	-2.752800351e-14	2.737797341
205.100951	-971.5774049	-1.338141128	1.000880072e-23	1.469612864e-23	5.926762823
205.1034356	-325.011437	2.592371278	-8.661880725e-23	6.43928336e-24	4.428152574
205.1038296	633.9218702	-1.759428216	7.947011192e-12	-7.191482321e-13	2.975188564
205.1286099	-433.5651364	2.192359361	2.679482501e-24	-4.526023303e-25	4.616152813
205.1368857	-1245.797998	-3.631034123	3.194292865e-20	-2.357319653e-20	6.772620682
205.1372043	600.0116156	-0.4466875694	-7.307301557e-14	6.420019767e-15	3.068933751
205.1469845	617.5865589	-1.076689106	3.035093004e-13	-2.701080906e-14	3.021533782
205.1530249	-507.9767899	1.844395771	-1.094941026e-23	1.040906311e-23	4.763112085
205.1579501	-1119.216999	-2.559648728	-1.030471463e-20	8.364431229e-21	6.371192975
205.1762051	398.8262829	2.732752893	-8.701306462e-21	6.837096283e-22	3.525344942
205.1782757	684.2071556	-4.543626315	-3.33754417e-12	3.143256897e-13	2.830872526
205.1784469	-992.8488161	-1.509547451	7.128648631e-21	-5.761819e-21	5.990190949
205.1797132	731.2575265	-8.419570716	-6.921919483e-14	6.772067228e-15	2.688391414
205.2183901	-1098.290932	-2.382237802	-1.686799904e-16	1.392318197e-16	6.307644756
205.2212083	-865.7213294	-0.4971199472	-1.453252699e-24	5.491507846e-24	5.629942399
205.2325635	-1014.054952	-1.68205002	2.14280084e-16	-1.906533724e-16	6.053641
205.2345342	527.7575341	1.344191294	-8.223364627e-13	6.883550487e-14	3.253116174
205.2469974	298.0780057	3.099201452	-1.409398185e-22	6.66653651e-24	3.698015971
205.2562214	-1077.314345	-2.205738096	-1.258110183e-11	1.057299811e-11	6.244114762
205.2634607	-1035.199191	-1.855608166	3.033395505e-12	-2.646612131e-12	6.117112163
205.2712953	-1056.284677	-2.030183158	-3.00600129e-12	2.573318463e-12	6.180603663
205.282793	-295.3150443	2.677178172	2.066295103e-21	-7.530621293e-21	4.386456437
205.313296	-736.3608414	0.4565933765	-4.153527568e-13	5.142833274e-13	5.290868132
205.3328604	-1225.114475	-3.449186415	-1.087823822e-12	8.149171689e-13	6.708983728
205.3476699	447.7597792	2.376839737	-3.398658814e-15	2.721702952e-16	3.432463205
205.3658266	-555.824974	1.591221567	-1.022645675e-13	1.745126533e-13	4.868175569
205.3665343	490.3818402	1.916008758	-2.630785073e-13	2.153969878e-14	3.341679825
205.3685695	-801.6324382	-0.01136220742	4.35996165e-14	-4.926156656e-14	5.460227244
205.3894354	671.3596774	-3.681883381	-3.172902625e-13	2.941729228e-14	2.873637668
205.3905288	-407.9271867	2.29677071	-4.37348614e-13	1.080704994e-12	4.574064586
205.4067888	703.4160687	-5.908766081	1.145178989e-13	-1.089744792e-14	2.778175322
205.4136453	273.7031657	3.138897501	2.913073709e-14	-2.178143188e-15	3.73722205
205.4147247	-887.4036633	-0.6618118104	-4.773753927e-13	4.851670702e-13	5.693236236
205.4419251	381.2004427	2.823962575	4.928881508e-13	-3.828765501e-14	3.563520748
205.4424079	-264.0977433	2.756491346	2.22632054e-16	-9.160133613e-16	4.344870173
205.4450394	550.7700973	0.8973795584	4.436763355e-14	-3.764327878e-15	3.202052409
205.4596419	-692.5279315	0.7567240284	-8.820069201e-14	1.169683605e-13	5.184865519
205.4767863	-484.0029339	1.961613249	1.545756723e-13	-3.110742009e-13	4.720767735
205.4870654	-602.4008249	1.324902833	3.714555866e-13	-5.774238066e-13	4.973501943
205.5070907	-1204.392401	-3.268085113	-1.995045363e-12	1.517751276e-12	6.645361702
205.517946	-647.9159023	1.046435209	3.300903875e-13	-4.720322558e-13	5.079071296
205.5525859	657.6150734	-2.871128884	-1.67298923e-12	1.53283583e-13	2.917422578
205.5547467	721.1630164	-7.372777375	6.086543832e-14	-5.871358422e-15	2.727455548
205.5594183	247.3183191	3.169145626	-2.329999071e-13	2.718288411e-14	3.776617087
205.5821963	-231.1714233	2.830118177	2.935138437e-14	-1.455680897e-13	4.303397636
205.5840535	-908.9987337	-0.8278463253	-4.27757928e-14	4.245429864e-14	5.756556927
205.5986707	572.0583857	0.3996683471	-1.305801231e-12	-3.498978188e-14	3.152006633
205.6272956	737.6548362	-8.929895439	3.191363819e-19	1.505559236e-19	2.678597909
205.6322386	-823.6372034	-0.1711108081	-6.658274157e-13	7.332390586e-13	5.523422216
205.6330952	-381.5133697	2.396403947	4.06076249e-12	-4.437748473e-13	4.532071921
205.6485694	-758.7567232	0.3024270252	5.654381441e-15	-6.799612053e-15	5.353951459
205.6594433	-1183.630008	-3.087755867	-8.203424624e-13	6.34967134e-13	6.581755117
205.6662484	642.8850568	-2.112152157	3.500366826e-13	-3.181647143e-14	2.962243043
205.670152	516.3933188	1.544818514	1.720595422e-12	-2.545201242e-13	3.28910363
205.6704107	432.6479196	2.502183962	-4.240757982e-13	-6.811785698e-14	3.469956321
205.6807344	691.7181274	-4.975521263	1.998611018e-13	-1.887876031e-14	2.819510425
205.6843664	218.6933609	3.19024731	3.254076698e-13	1.515100433e-13	3.816195054
205.6866505	362.538828	2.90421346	3.968216335e-13	1.564687743e-13	3.601915731
205.6964523	591.7806107	-0.1497228569	8.351468744e-13	-7.309124378e-14	3.102994457
205.7020749	-196.4109343	2.897859171	3.584394693e-14	-1.851208841e-13	4.262042817
205.729003	627.0738372	-1.405473561	7.104296226e-14	-6.378486089e-15	3.008109471
205.7293692	-930.5115141	-0.9951710059	-1.400714742e-14	1.361030246e-14	5.81990342
205.7316383	-532.6381637	1.716039089	1.161542934e-13	-2.092892684e-13	4.825679218
205.7394971	610.0770963	-0.7513393569	9.616014136e-14	-8.525643927e-15	3.055026787
205.7459667	477.2994189	2.077872233	1.408966322e-13	-1.417290903e-14	3.378442555
205.7814988	-459.536008	2.074521072	-1.99179071e-13	4.28257554e-13	4.678509579
205.7885438	187.6584454	3.202497385	5.139868948e-13	1.358828837e-12	3.855950052
205.7897824	-1162.825422	-2.90822549	-6.96025259e-14	5.475462158e-14	6.51816451
205.8019619	-159.7989288	2.959507821	-2.53868556e-16	1.715329431e-15	4.220809844
205.8422622	-715.2435786	0.6068877324	-4.877584226e-13	6.264068588e-13	5.247862245
205.8508432	-951.9465977	-1.163735992	-2.758186896e-13	2.621165878e-13	5.88327472
205.8562231	-354.17296	2.491093637	5.003218818e-14	-1.471631953e-13	4.490178127
205.8712152	-845.5362337	-0.3323866699	-2.450667111e-13	2.62819028e-13	5.586647733
205.8720081	154.1534204	3.206183744	-9.517345903e-13	6.928302328e-14	3.895876325
205.8817764	-121.4662625	3.014850465	-5.663734285e-19	5.329830113e-18	4.179702991
205.8880107	710.4579721	-6.371355096	-3.561318365e-13	3.411185767e-14	2.767427102
205.8944118	-579.8596576	1.456783982	8.946166012e-14	-1.459816666e-13	4.93086432
205.89797	-1141.976648	-2.729522025	-3.04194312e-13	2.433146751e-13	6.454590441
205.9089605	679.2409233	-4.091511761	9.826508869e-14	-9.179635125e-15	2.861830235
205.9104073	342.7114692	2.97382924	-4.806165305e-13	3.69134268e-14	3.640523415
205.9155942	540.3965552	1.124480485	1.028854585e-12	-8.698191544e-14	3.23751039
205.9348204	118.2725373	3.201587119	4.161567081e-22	3.424063687e-21	3.935968258
205.9414391	-81.71641713	3.063666167	-6.683314047e-22	3.597191853e-21	4.138726677
205.9455186	-1247.756241	-3.620573403	-1.067190163e-12	7.897962168e-13	6.792411468
205.9485543	-671.001946	0.9013037406	1.276328184e-14	-1.761419708e-14	5.141973925
205.9486435	-973.3082347	-1.33349389	8.233476469e-12	-7.657962709e-12	5.946669878
205.958619	-781.0227654	0.1465179917	3.177773034e-13	-3.708885448e-13	5.41706964
205.9663222	-625.9204402	1.184889808	1.081520826e-18	-1.615784266e-18	5.036302204
205.9721758	416.7428664	2.615674674	-9.854011045e-15	7.799897712e-16	3.507686507
205.9770447	80.29160187	3.188980911	7.36173932e-22	-1.400875852e-22	3.976220382
205.9808723	-41.02368481	3.10572661	-1.577669098e-23	-4.313561081e-22	4.097885468
205.9838659	-1121.081561	-2.551674815	8.498564987e-12	-6.914721961e-12	6.391033496
205.9987481	40.66672074	3.168631067	1.551385973e-22	-7.037411763e-23	4.016627379
206	-5.005012074e-16	3.140796012	-4.206857738e-23	-6.07586811e-23	4.05718408
206.0163835	727.8044803	-7.864152277	2.202313975e-13	-2.128395756e-14	2.717283046
206.022935	-994.6003643	-1.504399632	-9.261617541e-18	8.436555388e-18	6.010087993
206.0473271	-1100.137899	-2.374714577	-5.623551193e-20	4.656128958e-20	6.327494292
206.0598274	-325.7243496	2.580668245	-5.118079738e-24	1.020163077e-23	4.448386635
206.0670764	-434.5040199	2.182972142	6.422404856e-24	-1.024671131e-23	4.636340557
206.0738797	-1015.826644	-1.67641033	-6.506673638e-21	5.819701561e-21	6.073528207
206.0786156	-509.0571555	1.836830442	-4.439794294e-24	-2.623365633e-24	4.783263391
206.0850097	504.4631709	1.73188817	-6.25370249e-13	5.172550301e-14	3.325362237
206.0856834	-867.3359591	-0.4951282576	-3.743165594e-21	3.902679998e-21	5.649902565
206.0882084	-1079.143246	-2.198673478	-1.271985888e-20	1.092624487e-20	6.26397347
206.0899257	665.9061175	-3.257887457	1.745173175e-12	-1.60311023e-13	2.905157749
206.1016366	-1036.990475	-1.849485157	-4.814840036e-22	4.164532762e-22	6.136989703
206.1037417	562.5868721	0.653905003	3.185051409e-13	-2.72872716e-14	3.1869219
206.1044996	463.5580091	2.227006343	-4.330666278e-16	3.504083804e-17	3.415459873
206.1063617	-1058.095025	-2.023585227	-1.568146149e-20	1.347091922e-20	6.200471705
206.1132268	321.5535374	3.033129549	5.5056254e-22	-4.174447984e-23	3.679337409
206.1443542	-1227.057586	-3.439130571	7.549387413e-22	-5.65761933e-22	6.728782611
206.1779	699.0780673	-5.41696034	3.48964568e-13	-3.314149754e-14	2.808339207
206.1993037	-737.8086397	0.4551419487	-1.037982145e-24	-3.37267406e-25	5.310897161
206.222134	651.6289629	-2.475549834	-3.604986567e-13	3.276920422e-14	2.949510997
206.2355664	583.1331572	0.1322014773	-5.449183458e-14	4.707891561e-15	3.13735597
206.2436388	-803.1674614	-0.0110613326	-9.185883895e-24	9.774632409e-24	5.480221227
206.243823	-295.9622667	2.664949971	7.94949024e-25	-2.957080222e-26	4.406701001
206.2529731	399.9813594	2.71763869	-1.407302309e-20	1.100105701e-21	3.545647226
206.2758235	-889.042281	-0.6592771971	9.62879868e-21	-9.808409656e-21	5.713185544
206.283135	-556.9896008	1.584899248	-8.14027001e-24	1.459899562e-23	4.888302015
206.2951455	298.8632591	3.082429308	8.532021098e-22	-6.594427995e-23	3.718351414
206.3041444	636.3176317	-1.745138221	-6.769181614e-14	6.077593117e-15	2.994902764
206.3121294	602.1840772	-0.4412985867	-8.355294536e-13	7.313448317e-14	3.088825972
206.3214705	-1206.320005	-3.258441069	1.586608746e-17	-1.208815113e-17	6.665168821
206.3334331	-408.8136258	2.286813877	-5.576508016e-23	2.482085811e-22	4.594263722
206.3345786	619.8723241	-1.067021933	-9.693757731e-14	8.594572308e-15	3.041340439
206.3532174	-693.9118177	0.7540777119	-9.708241082e-20	1.288295141e-19	5.204918446
206.3644664	717.3716517	-6.842858892	7.774610251e-13	-7.459431714e-14	2.756857178
206.3655374	529.5069323	1.337552653	-1.815274792e-12	1.514219837e-13	3.273248947
206.3962831	-603.643648	1.319817679	-9.470490622e-24	2.071217275e-24	4.993603646
206.4066729	-485.0373692	1.953459935	1.888477535e-22	-4.121346396e-22	4.740930801
206.4081261	-264.6753064	2.743754575	2.619599477e-20	-1.083645713e-19	4.365124908
206.4192555	-649.2316198	1.042576651	3.608981077e-16	-5.171591158e-16	5.099148467
206.4228314	686.9536882	-4.511057346	-9.72664993e-14	9.086349832e-15	2.850221147
206.4418126	-910.660628	-0.824778082	1.029383936e-11	-1.023453246e-11	5.776495562
206.4421205	449.1191212	2.363732244	3.651697881e-13	-2.914857044e-14	3.452725355
206.4562046	274.4075866	3.122038159	-9.745518677e-12	7.266103017e-13	3.757559237
206.473772	734.3375116	-8.363762993	8.371451966e-14	-8.12344877e-15	2.70727526
206.4767347	-1185.541717	-3.078530691	8.152550638e-13	-6.310293507e-13	6.601570614
206.4790725	491.9388325	1.905705261	-1.372884406e-13	1.12027307e-14	3.361885895
206.5038191	-825.1985453	-0.1702423752	6.597236469e-13	-7.265173143e-13	5.543404848
206.5128169	382.2841719	2.808401274	-3.160158093e-13	2.447282821e-14	3.583831975
206.5309671	-760.2335151	0.301567506	-1.228457708e-14	1.477267838e-14	5.37396865
206.5526532	-231.6753523	2.816891222	2.294214983e-12	-1.098230961e-11	4.323662176
206.5804837	-382.3446238	2.385888031	-6.919900787e-14	1.860093268e-13	4.552282239
206.5838243	-932.1960046	-0.9915782933	1.945637261e-14	-1.890514248e-14	5.839831566
206.5883788	552.6426111	0.8936892238	-1.027987583e-12	8.690861931e-14	3.222126216
206.5964496	247.9394904	3.152259973	-7.735404009e-11	-2.943074643e-10	3.796954801
206.6100115	-1164.720831	-2.899426398	6.951790492e-14	-5.468805225e-14	6.537988528
206.6212529	674.0095642	-3.654893097	6.387997675e-13	-5.899453164e-14	2.893097862
206.6531503	-533.7602057	1.709123398	-1.18557756e-13	2.136198783e-13	4.845817532
206.6699396	706.2945697	-5.867736582	-5.516896743e-13	5.229130798e-14	2.797354732
206.6773222	-196.8374569	2.884162321	-5.703848619e-12	5.644212182e-13	4.282316754
206.7020291	-953.653033	-1.159627832	2.777225426e-13	-2.639258614e-13	5.903192557
206.7157249	-460.5226248	2.065786806	1.993202266e-13	-4.285610547e-13	4.698684264
206.7159303	219.2290205	3.173392443	-2.923481134e-13	-1.513151151e-13	3.836532151
206.7211637	-1143.855339	-2.721156381	3.061036011e-13	-2.448418511e-13	6.474423128
206.7321429	-716.6584627	0.6048474679	4.909442603e-13	-6.304982912e-13	5.267903051
206.7393463	-847.1230799	-0.3309601433	2.441042191e-13	-2.617868143e-13	5.606619203
206.7517276	363.5499829	2.888285222	7.632695685e-13	-1.928388073e-15	3.622234296
206.7544269	-1249.711543	-3.610171871	-7.230572183e-13	5.358826249e-13	6.812203437
206.7544538	574.051334	0.3993056884	-3.96425038e-13	3.422021949e-14	3.172013886
206.7588244	433.9385586	2.488372733	-1.122906047e-12	-1.083386747e-12	3.490232545
206.7716538	660.1643078	-2.849476336	2.636766043e-13	-2.416191938e-14	2.936989527
206.7820519	-160.1446716	2.945363387	-1.081521679e-13	1.160913438e-13	4.241092732
206.7948183	518.0770662	1.53688289	5.798570279e-13	6.110292889e-13	3.309262342
206.796594	-975.0359907	-1.328879162	3.340147886e-13	-3.111929207e-13	5.966577583
206.8077448	-581.0627537	1.451103168	4.097784711e-13	-6.701047927e-13	4.950977937
206.8081431	-354.9459231	2.48003053	1.413479677e-13	-4.166206075e-13	4.510399389
206.8100514	-1122.943099	-2.543750134	1.474221094e-12	-1.201332588e-12	6.410875003
206.8147004	188.1066784	3.185726735	-3.523322846e-13	3.561346847e-14	3.876285465
206.8363193	724.1636594	-7.323055871	4.981625934e-14	-4.801027498e-15	2.746461117
206.8374492	-782.5276117	0.146240901	2.712903225e-13	-3.17234731e-13	5.437075182
206.8460801	-672.3508785	0.8980644485	2.070613231e-13	-2.86340316e-13	5.162038711
206.8523134	478.7893686	2.06658025	-2.854880397e-13	3.126099852e-14	3.398668395
206.864772	593.891185	-0.1463818079	2.072703278e-13	-1.807547494e-14	3.122927636
206.8667622	-121.7283905	3.000282905	-1.623149484e-12	3.605486215e-13	4.199994342
206.8676832	-996.3488431	-1.499287067	-2.246559176e-13	2.049843075e-13	6.029985741
206.8716627	-627.1989485	1.180435872	-3.822123102e-13	5.722194119e-13	5.056391283
206.8725735	645.3298227	-2.095561524	8.102561321e-13	-7.336501478e-14	2.98191123
206.8765325	-1101.981832	-2.367238524	2.050236133e-12	-1.700296245e-12	6.34734477
206.8928169	154.5128003	3.189547211	-1.116677202e-13	4.672392556e-14	3.916209056
206.9154579	-1017.595272	-1.670808511	-7.485628848e-13	6.693345553e-13	6.09341617
206.9204304	612.3023172	-0.7439274841	3.086834458e-13	-2.726555091e-14	3.07487855
206.9204623	-1080.969105	-2.191653873	4.723808309e-13	-3.988808564e-13	6.283833077
206.9226106	629.4105265	-1.393638389	-3.023092816e-13	2.703925836e-14	3.027872768
206.9270701	740.7677449	-8.871380106	4.631643681e-24	-6.384948329e-24	2.697427602
206.9312162	694.5063459	-4.94032812	1.253418249e-13	-1.179323646e-14	2.838806562
206.9313747	-81.89268901	3.048702213	1.477438944e-13	-2.072512918e-12	4.159025956
206.9400762	-1038.778702	-1.843402516	8.008407254e-13	-7.021535347e-13	6.15686805
206.9416935	-1059.902321	-2.017030041	-3.275195529e-13	2.817340567e-13	6.220340601
206.9503402	118.5421837	3.185131211	-2.168563996e-14	2.533331279e-15	3.956297376
206.9504034	-868.9475323	-0.493153002	-4.673985456e-13	4.894990022e-13	5.66986306
206.9561225	-1228.997744	-3.429132383	-2.036301182e-12	1.532128535e-12	6.748582648
206.9697311	343.6485101	2.957610056	-1.231643976e-13	9.431137783e-15	3.660847799
206.9758124	-41.11242139	3.0903954	1.740110703e-17	-4.876881929e-16	4.118192092
206.9873339	80.47115516	3.172748883	-2.647183618e-15	1.892198743e-16	3.996545022
207	2.655240451e-16	3.125129227	3.529194282e-24	-2.285609222e-22	4.077497415
207.0038642	40.75626731	3.152663069	-9.95554034e-23	8.937662406e-23	4.036946739
207.004373	-510.1350545	1.829326521	1.832588998e-12	-3.49862297e-12	4.80341347
207.0056864	-435.4407013	2.173665054	2.916317939e-13	-6.733833419e-13	4.656526699
207.0163265	-326.4355539	2.569071296	-3.396626816e-17	1.106956038e-16	4.468618574
207.0525151	542.2044499	1.119284683	7.567786402e-14	-6.375414218e-15	3.257614306
207.054613	417.9641903	2.601251082	-9.129007374e-14	7.203090093e-15	3.527974978
207.0855345	-739.2534846	0.4536984364	6.174300794e-16	-7.689981621e-16	5.330926031
207.118943	-804.6994683	-0.01076542661	-2.111807035e-22	2.390199996e-22	5.500215309
207.1361238	-1208.244644	-3.248853073	2.483664838e-14	-1.897847534e-14	6.684977061
207.1371699	-890.6778389	-0.6567624669	4.1770038e-22	-4.238340439e-22	5.733135249
207.1467358	681.934647	-4.061971589	5.01390081e-13	-4.665546678e-14	2.881239432
207.157019	713.3748684	-6.327638734	-8.217889709e-14	7.835694043e-15	2.786552775
207.1668585	322.4145929	3.016691299	-8.78383431e-25	2.092766233e-25	3.699666174
207.2006236	-558.1516248	1.578626314	-3.375393957e-24	2.446033667e-25	4.908427474
207.2033947	506.0809179	1.722766212	-2.483534876e-12	2.047162252e-13	3.345544676
207.2047133	464.9805207	2.214827671	1.856850531e-15	-1.49748739e-16	3.435703447
207.2049501	-296.6079403	2.652834078	2.091285076e-23	-1.443622996e-24	4.426943318
207.2470067	-695.2928141	0.7514487012	-3.212940603e-25	-3.915784595e-26	5.224971026
207.2530312	564.5162851	0.6518254064	9.06469466e-20	-7.738556808e-21	3.206963492
207.2764724	-409.6979731	2.27694327	-1.673396327e-24	1.156230615e-24	4.614461135
207.2942984	-1187.450448	-3.069359876	-2.003365225e-24	-2.660439717e-25	6.621387198
207.2998218	-912.3194609	-0.8217330129	-5.367709549e-25	2.724336111e-25	5.79643466
207.3037308	730.8402326	-7.81172232	-9.101950629e-14	8.783798693e-15	2.736234446
207.3056931	-604.8837543	1.314770552	4.345466733e-23	-2.60175739e-24	5.013704589
207.3149749	668.5012835	-3.233777749	-5.607259368e-13	5.148796702e-14	2.924675555
207.3207686	-650.5445256	1.03874543	-1.033455205e-24	5.917466913e-25	5.119225091
207.3294945	401.1326063	2.702689974	1.21495621e-25	-1.900505844e-25	3.565946201
207.3367185	-486.0694245	1.945373868	1.308505731e-24	-4.450325487e-26	4.761092523
207.3431462	299.646158	3.065839841	-3.086669262e-26	-6.896635251e-26	3.738683203
207.3739307	-265.2514935	2.731136296	-1.823217203e-24	1.089133351e-24	4.385377274
207.3756375	-826.7568612	-0.1693828392	-4.981858945e-25	7.88034545e-25	5.563387657
207.3973246	585.1813635	0.1336139547	3.976847011e-13	-3.423343396e-14	3.157327721
207.4135915	-761.707336	0.3007114434	-5.91195848e-24	8.115930137e-24	5.393985771
207.4305118	-1166.613252	-2.890679895	4.880661277e-24	-1.21522687e-24	6.557813598
207.434282	701.9068732	-5.379126299	-2.103097242e-12	1.985176902e-13	2.827582526
207.4344558	654.1216863	-2.456611916	-8.106604414e-13	7.340162332e-14	2.969132238
207.4385319	-933.8774335	-0.9880118949	1.577599372e-22	-1.799732867e-22	5.859760238
207.4864417	604.3482041	-0.4360240389	-2.067487591e-13	1.802999036e-14	3.108720481
207.4960925	531.249846	1.330966047	-4.097264347e-14	3.405921657e-15	3.293380679
207.498635	275.1099549	3.105361381	-3.67492074e-23	1.943291747e-23	3.777892772
207.5037556	638.7042265	-1.731081079	3.037140236e-13	-2.716490182e-14	3.014621622
207.5215142	622.1493155	-1.057526789	-3.103987381e-13	2.741706001e-14	3.061150536
207.5231856	-232.1780903	2.803788875	-2.998805936e-23	1.891508834e-23	4.343924223
207.5279981	-383.1739065	2.375464469	-1.444530301e-23	-2.004685173e-23	4.572490711
207.5362605	450.4737532	2.350764822	4.271761378e-13	-3.398818668e-14	3.472984704
207.5446273	-1145.73103	-2.712841468	2.123406439e-12	-1.701036959e-12	6.494256829
207.5534696	-955.356408	-1.155548982	-6.662594672e-12	6.342464694e-12	5.92311098
207.5636095	-1251.663917	-3.599829032	7.278807027e-13	-5.394574755e-13	6.831996581
207.5748353	-534.8797191	1.702262694	7.517331241e-16	-1.35748142e-15	4.865954746
207.5834834	383.364375	2.793010525	-7.404805237e-13	5.716906126e-14	3.604139789
207.5912327	493.4902246	1.895504324	2.919567624e-13	-2.374401251e-14	3.382089914
207.6077182	-848.7068925	-0.3295462644	3.276080635e-15	-3.519825053e-15	5.626590925
207.6222416	-718.0704329	0.6028196864	-3.004744192e-18	3.866509794e-18	5.287943606
207.6333702	248.558909	3.13555596	1.562639514e-21	-1.127471732e-22	3.817288881
207.6365055	-1124.801627	-2.535874233	-1.470453027e-12	1.198262017e-12	6.430717485
207.639302	720.3258533	-6.796451948	6.499307912e-14	-6.200846476e-15	2.775929039
207.6448012	-976.7606893	-1.324296601	-3.338141245e-13	3.110059672e-13	5.986485932
207.650102	-461.506955	2.057125691	-1.587314387e-23	3.603560199e-23	4.718857486
207.6526336	-197.2629827	2.870596102	-4.750879552e-14	2.721393052e-13	4.302588078
207.6665419	689.6901585	-4.478941557	-4.963193244e-13	4.618362156e-14	2.869578831
207.7060051	-1103.822746	-2.359809205	-2.061789403e-12	1.709877571e-12	6.367196184
207.7126902	-998.0942684	-1.494209394	2.225129059e-13	-2.030289449e-13	6.049884188
207.7165096	-784.0294722	0.145963006	-2.669585562e-13	3.121693579e-13	5.45708074
207.7212637	-582.2631967	1.445465733	-4.092139743e-13	6.691816792e-13	4.971090685
207.7312242	554.5080924	0.8900100478	-7.651839661e-14	6.44622415e-15	3.242199799
207.7438141	-673.6969678	0.8948472903	-2.092347071e-13	2.893458384e-13	5.182103054
207.747401	219.7632216	3.156717551	3.515351439e-13	-2.572285969e-14	3.856865649
207.7529819	-1082.791937	-2.184678854	-4.716346759e-13	3.982507992e-13	6.303693577
207.7572967	-1019.360851	-1.665244183	7.487333657e-13	-6.694869925e-13	6.113304884
207.7601793	-355.7170466	2.46906592	-1.395851154e-13	4.115675269e-13	4.530618682
207.762194	-160.4896169	2.931355484	1.344316754e-13	-1.170358854e-13	4.26137289
207.7668601	737.4073082	-8.308633071	4.11779425e-14	-3.98012699e-15	2.726172661
207.7681641	-1230.934961	-3.419191364	2.047417598e-12	-1.540492611e-12	6.768383827
207.7772007	-628.4746996	1.176014364	3.853824473e-13	-5.769655018e-13	5.076479713
207.7772893	-1061.706583	-2.010517188	3.288200323e-13	-2.82852736e-13	6.240210344
207.7787782	-1040.563886	-1.837359844	-7.963767608e-13	6.982396621e-13	6.176747197
207.8153671	-870.5560666	-0.4911939748	4.739298249e-13	-4.963391062e-13	5.689823879
207.8166001	364.5579123	2.872531406	9.769950947e-14	-6.514127601e-14	3.642549372
207.8407806	188.5537373	3.169133726	1.095740537e-13	-1.769759372e-14	3.896617325
207.8469501	435.2247993	2.47471054	7.987192984e-13	1.119188283e-12	3.510505789
207.8517879	-121.989922	2.985857619	1.215235739e-13	-2.610500218e-13	4.220282848
207.8522646	676.6495872	-3.62829175	2.964634511e-13	-2.727284516e-14	2.912565835
207.9096967	576.0367251	0.3989081451	1.194017416e-12	4.399049442e-13	3.192021837
207.9135656	154.8712756	3.173085386	-1.385338874e-16	5.056441512e-14	3.936538292
207.9190617	519.7546464	1.529017409	3.233637638e-13	1.285214742e-13	3.329419652
207.9213374	-82.06856395	3.033886085	3.572629368e-14	-2.733463033e-13	4.179322278
207.9302961	-511.2105049	1.821883268	-2.778639555e-13	5.316545891e-13	4.823562335
207.9321946	709.1628697	-5.827249027	5.501757703e-16	-5.212695322e-17	2.816544981
207.944439	-436.3751971	2.164437075	-6.433405245e-13	1.488926152e-12	4.676711259
207.9510492	-1210.16633	-3.239320645	2.26113539e-13	-1.730339831e-13	6.704786413
207.9583062	480.2740359	2.055404193	1.696868581e-12	1.130364849e-12	3.418891916
207.9658158	118.8111768	3.168846541	7.784727405e-13	-4.471903921e-14	3.976623069
207.9707662	-41.20095903	3.075217338	4.447323941e-13	-3.11080912e-13	4.138495653
207.971987	-740.6953947	0.4522627948	1.020135607e-12	-1.273031894e-12	5.350954744
207.9729322	-327.1450633	2.557578982	-9.572023713e-14	3.127129106e-13	4.48884842
207.989957	662.7039359	-2.828148368	-2.197407355e-13	2.005828012e-14	2.956562967
207.9944806	-806.2284771	-0.01047439597	6.207260165e-13	-7.066228718e-13	5.520209488
207.9975941	80.65028762	3.156684149	1.719904265e-13	1.093797195e-12	4.016866317
207.9987626	-892.3103542	-0.6542673833	3.155785285e-13	-3.230225151e-13	5.753085348
208	-1.945251772e-13	3.109620639	-5.955998278e-13	1.07826711e-13	4.097807587
208.0089661	40.8456092	3.136857999	-5.128457289e-13	-9.209077519e-14	4.05726284
208.0288704	344.5826239	2.941568051	6.566712558e-13	9.467388697e-13	3.681168639
208.0325051	595.9937075	-0.1431264886	4.990440472e-13	-4.336054647e-14	3.14286253
208.0781769	647.7652963	-2.079232026	1.430787012e-13	-1.290572309e-14	3.001584641
208.1007314	614.5190282	-0.7366564665	6.815579829e-13	-5.997687902e-14	3.094733129
208.1121332	-1189.356215	-3.060242949	-1.202812782e-13	9.351723579e-14	6.641204859
208.1155408	631.7382906	-1.382002809	1.377031967e-12	-1.227005423e-13	3.047640056
208.1169509	727.1540865	-7.273958461	-2.030728909e-13	1.949451949e-14	2.765479169
208.1182911	-559.3110644	1.572402199	-9.054260113e-14	1.558603706e-13	4.928551956
208.1367844	419.1814233	2.586984079	-8.452307154e-14	6.648123484e-15	3.548260318
208.1410084	-696.6709394	0.7488368432	-3.723527259e-14	4.977792969e-14	5.245023263
208.1580799	-913.9752493	-0.8187108529	-6.948927706e-14	6.945334258e-14	5.816374217
208.1661737	-297.2520769	2.640828939	1.19517952e-21	-4.377614523e-21	4.447183421
208.1808381	697.2844742	-4.905615139	-6.455147047e-13	6.049865789e-14	2.858112303
208.1889676	544.0056239	1.114121234	3.247877334e-13	-2.726555662e-14	3.277717575
208.2152944	-606.1211624	1.309761041	-2.071301647e-20	3.247086785e-20	5.033804779
208.2196454	-410.5802445	2.267157773	-2.04536967e-21	4.999410559e-21	4.634656845
208.2203253	323.2730193	3.000431953	-6.901694534e-13	5.226485252e-14	3.719991361
208.2224839	-651.8546385	1.034941272	-8.481271508e-20	1.222867013e-19	5.139301175
208.2258642	743.8705361	-8.813562116	3.231484814e-17	-3.132280267e-18	2.716271242
208.2476925	-828.3121689	-0.1685320676	1.233118124e-17	-1.365511367e-17	5.583370641
208.251282	-1168.502698	-2.881985517	-6.123490394e-13	4.838998428e-13	6.57763971
208.2669219	-487.0991173	1.937354224	4.230143934e-20	-8.590491306e-20	4.781252916
208.2934906	-935.5558176	-0.9844715192	1.503400143e-22	-1.488687115e-22	5.87968943
208.2964413	-763.1782043	0.2998588417	-5.709044201e-20	6.905431839e-20	5.414002823
208.3045967	466.3980644	2.20277669	9.763020789e-13	-7.847773419e-14	3.455944466
208.3213815	507.6928148	1.713730776	1.978448533e-13	-1.625292036e-14	3.365725384
208.3398211	-265.8263153	2.718634844	1.88320774e-24	-1.375610433e-25	4.405627303
208.3683595	-1147.603737	-2.704576829	8.863343616e-21	-7.12189275e-21	6.514091537
208.3730652	-1253.613375	-3.589544398	5.907711068e-21	-4.390933261e-21	6.851790888
208.3836894	684.6184506	-4.03284822	1.80295915e-13	-1.671097558e-14	2.900656964
208.391001	300.4267262	3.04943005	2.736260313e-24	-6.125132181e-27	3.759011399
208.4018063	566.4384433	0.6497351329	-4.870692141e-14	4.1430316e-15	3.227005297
208.4051635	-957.0567394	-1.151499125	-2.553903462e-22	2.5395949e-22	5.943029983
208.4057718	402.2800656	2.687904065	-1.227534347e-20	9.577556233e-22	3.586241919
208.4251185	716.2815756	-6.284489066	-2.869758281e-13	2.727301897e-14	2.805689781
208.463227	-1126.657161	-2.528046665	-1.77849609e-21	1.451204279e-21	6.450560933
208.4756373	-384.001233	2.365132044	-1.450676144e-25	2.404041997e-27	4.592697359
208.4763297	-850.2876894	-0.3281448643	-3.450767394e-24	3.423020826e-24	5.646562897
208.493264	-978.4823466	-1.319745868	2.723245623e-21	-2.542476391e-21	6.006394917
208.4937929	-232.6796465	2.790809362	1.406920831e-25	-1.165156145e-25	4.364183813
208.4966922	-535.9967221	1.695456333	-3.943399804e-25	4.231228348e-26	4.886090873
208.5125567	-719.4795077	0.600804291	1.49400696e-22	-1.947944904e-22	5.307983914
208.5357435	-1105.660657	-2.352426184	-9.454318747e-21	7.853061758e-21	6.387048524
208.5392428	671.0867585	-3.210020911	-8.993608898e-12	8.2424934e-13	2.944200418
208.540938	275.8102905	3.088864182	2.09458704e-22	-1.361112726e-23	3.798222716
208.5579546	-999.836656	-1.489166256	2.300901633e-20	-2.102340826e-20	6.069783325
208.5585225	587.2218072	0.1349677643	-6.495187521e-13	5.570983856e-14	3.177300645
208.5804778	-1232.869251	-3.409307031	1.264518235e-15	-9.528125722e-16	6.788186141
208.5846289	-462.4890156	2.048536814	-2.078942809e-23	4.503373532e-23	4.739029264
208.5857658	-1084.611756	-2.177747997	4.525200939e-20	-3.827108762e-20	6.32355496
208.5901262	733.865817	-7.759938258	1.770930867e-13	-1.699280992e-14	2.755198765
208.5957989	-785.528365	0.1456843563	2.026738192e-23	-2.407615706e-23	5.477086313
208.5993948	-1021.123398	-1.65971697	-1.607582848e-17	1.439796382e-17	6.133194339
208.6131479	-1063.507824	-2.004046258	-1.907894602e-14	1.643808791e-14	6.260080925
208.6177413	-1042.346043	-1.831356748	-2.741414521e-14	2.40748893e-14	6.196627135
208.6262045	532.9863519	1.324431231	-1.887744281e-13	1.563825595e-14	3.313511375
208.6280084	-197.6875192	2.85715863	1.255960446e-21	-7.215787455e-21	4.322856827
208.630093	451.8237287	2.337935323	-9.996019163e-16	7.927859208e-17	3.493241294
208.6349671	-583.461005	1.439871191	1.408805199e-21	-2.308219982e-21	4.991202576
208.6417549	-675.0402324	0.8916520548	1.613125222e-21	-2.229825692e-21	5.202166959
208.6460382	656.6050051	-2.437963375	-1.449534099e-13	1.307482213e-14	2.988759268
208.6539269	384.4410902	2.77778755	-7.159132001e-14	5.510474047e-15	3.624444249
208.6601478	606.5040934	-0.4308606768	-5.035221025e-13	4.374963802e-14	3.128617214
208.6701811	249.1765913	3.119030629	3.578295257e-20	-2.463988332e-21	3.837619387
208.6805731	-872.1615792	-0.4892509738	-6.378748298e-14	6.692370454e-14	5.709785019
208.682935	-629.7477123	1.171624945	-2.453376668e-14	3.680656295e-14	5.096567501
208.68979	704.7255738	-5.341798657	6.452218389e-13	-6.047121004e-14	2.846835973
208.7026709	641.0817571	-1.71725126	-1.379835528e-12	1.229503539e-13	3.034345025
208.703019	495.036082	1.885404608	-8.043218896e-13	6.519599906e-14	3.402291908
208.7077983	624.4176334	-1.048199291	-6.832066144e-13	6.012195806e-14	3.080963986
208.712331	-356.4863448	2.458198488	-1.655792945e-17	4.893895094e-17	4.55083603
208.7423879	-160.8337708	2.917482116	3.724361527e-17	-2.659262366e-16	4.281650358
208.7662458	-1212.085077	-3.229843309	-2.119219981e-13	1.621738689e-13	6.724596866
208.7787793	220.2959777	3.140219721	-1.267867101e-17	9.309978232e-19	3.877195606
208.836853	-122.2508613	2.971572502	-1.148435145e-15	1.014297879e-14	4.24056855
208.8563837	-512.2835244	1.814499959	2.793585138e-13	-5.345141339e-13	4.843710001
208.8586599	-742.1343885	0.4508349792	-1.021358222e-12	1.274557601e-12	5.3709833
208.8606003	-893.939844	-0.6517917133	-3.134017529e-13	3.207943929e-13	5.773035834
208.8667852	188.9996323	3.152715506	1.307042394e-14	-1.049856448e-15	3.91694569
208.8702504	-807.7545056	-0.01018814922	-6.302207677e-13	7.174315187e-13	5.540203763
208.873581	556.3666245	0.8863426614	-3.221929502e-13	2.704772756e-14	3.262273147
208.88127	365.5626503	2.856949161	-2.200095385e-13	9.532182457e-14	3.662861017
208.8833332	-437.3075238	2.1552872	6.445727529e-13	-1.491778005e-12	4.696894256
208.9094156	692.4166656	-4.447269882	-1.772341817e-13	1.642804073e-14	2.888945398
208.9113267	-82.24404475	3.019215569	-1.628211737e-14	2.75788195e-13	4.199615689
208.9132166	723.2698891	-6.750635477	2.874373627e-13	-2.731660005e-14	2.79501271
208.9296437	-327.8528908	2.546189883	9.496907023e-14	-3.099371288e-13	4.509076202
208.930238	-1191.259032	-3.051179441	1.187119172e-13	-9.229707667e-14	6.661023589
208.9342548	155.2288538	3.156795487	-7.88278285e-13	8.237641683e-15	3.95686409
208.9347909	436.5066909	2.461195047	7.706818796e-14	-7.243363108e-15	3.530776099
208.9657337	-41.28929913	3.060190103	-2.630801427e-14	2.806989723e-13	4.158796198
208.9812475	119.0795217	3.152730407	-9.272223879e-14	-2.678359566e-15	3.996945392
