200.106	0.0764589
200.611	0.50507
200.666	0.0548736
200.686	0.0200556
200.817	0.130733
200.839	0.0218262
200.88	0.0415531
201.439	0.558597
201.444	0.00516172
201.457	0.0132556
201.648	0.190432
201.655	0.00671358
201.664	0.00954478
202.202	0.538
202.249	0.0465094
202.267	0.0179633
202.429	0.16219
202.457	0.02806
202.511	0.054257
202.96	0.44904
203.04	0.079706
203.094	0.0542689
203.203	0.108923
203.266	0.062768
203.358	0.0921704
203.718	0.360257
203.831	0.112846
203.922	0.0904999
203.977	0.055761
204.075	0.0974107
204.205	0.129999
204.476	0.271651
204.622	0.145929
204.749	0.126657
204.752	0.00270344
204.884	0.131989
205.051	0.167743
205.235	0.183219
205.414	0.178956
205.526	0.112489
205.576	0.0502504
205.693	0.116252
205.898	0.205404
205.993	0.0949614
206.205	0.211926
206.301	0.0956485
206.404	0.103101
206.501	0.0978503
206.744	0.242982
206.751	0.00687669
206.996	0.244842
207.075	0.0788374
207.231	0.155849
207.31	0.0794877
207.51	0.199441
207.591	0.0810362
207.787	0.196665
207.85	0.0620558
208.058	0.208495
208.119	0.0611637
208.268	0.149112
208.437	0.168778
208.579	0.141728
208.624	0.0453036
208.885	0.26104
208.928	0.042878
209.027	0.098872
209.283	0.25635
209.37	0.0869052
209.399	0.0285807
209.712	0.313484
209.737	0.0246303
209.786	0.0487197
210.129	0.343753
210.162	0.032197
210.173	0.0118869
210.539	0.365828
210.544	0.00507535
210.546	0.00134511
210.948	0.402468
210.953	0.00477788
210.975	0.0223975
211.303	0.327822
211.354	0.0513229
211.366	0.0117518
211.723	0.356689
211.744	0.0214139
211.821	0.0768793
212.062	0.240824
212.163	0.101214
212.193	0.0298867
212.498	0.304588
212.536	0.0380213
212.667	0.131249
212.821	0.153991
212.972	0.151019
213.02	0.0479844
213.273	0.252586
213.327	0.0546001
213.513	0.185507
213.58	0.0673222
213.781	0.200738
213.847	0.0660453
214.047	0.200681
214.119	0.0711506
214.339	0.220472
214.358	0.0191824
214.589	0.23119
214.674	0.0840694
214.822	0.148874
214.91	0.0876728
215.098	0.188167
215.204	0.105524
215.398	0.194397
215.5	0.102057
215.597	0.0971631
215.702	0.104167
215.857	0.155915
216.049	0.191704
216.207	0.157682
216.327	0.120009
216.372	0.0455483
216.493	0.120633
216.617	0.123715
216.894	0.277723
217.016	0.121044
217.147	0.131953
217.153	0.005971
217.285	0.131101
217.376	0.0915668
217.74	0.363582
217.824	0.0844822
217.923	0.0984084
217.98	0.0573953
218.076	0.0960872
218.136	0.0594703
218.585	0.449282
218.633	0.0479965
218.698	0.0649226
218.806	0.108725
218.868	0.0611406
218.895	0.0274252
219.43	0.534824
219.441	0.0115864
219.473	0.0314954
219.633	0.159961
219.655	0.021692
219.659	0.00456865
220.248	0.589017
220.25	0.00187356
220.275	0.0247486
220.414	0.139417
220.451	0.0365116
220.459	0.00855316
221.023	0.564177
221.059	0.0351845
221.12	0.061009
221.174	0.0542544
221.242	0.0684039
221.286	0.0433011
221.799	0.51317
221.867	0.0684379
221.934	0.0664429
221.964	0.0307524
222.034	0.0694933
222.112	0.0779837
222.574	0.462254
222.676	0.101634
222.693	0.017703
222.809	0.115605
222.826	0.0164326
222.938	0.112601
223.35	0.41143
223.453	0.103816
223.484	0.0309565
223.617	0.132822
223.654	0.0365246
223.764	0.110629
224.125	0.360698
224.213	0.0883188
224.293	0.0795361
224.409	0.115935
224.498	0.0893787
224.59	0.0922636
224.9	0.310056
224.973	0.0728444
225.101	0.128036
225.2	0.0990771
225.343	0.14213
225.417	0.0739363
225.676	0.259504
225.733	0.057393
225.91	0.176457
225.992	0.0822493
226.187	0.19478
226.243	0.0556472
226.452	0.209043
226.494	0.0419644
226.718	0.224799
226.784	0.0654513
227.031	0.247329
227.069	0.0373961
227.227	0.15867
227.254	0.0265586
227.527	0.273063
227.575	0.0486827
227.875	0.299777
227.894	0.0191827
228.003	0.108386
228.014	0.0111755
228.335	0.321249
228.367	0.0319436
228.719	0.352125
228.72	0.00100674
228.774	0.0540057
228.779	0.00418511
229.144	0.365172
229.159	0.0152338
229.535	0.375801
229.546	0.0114401
229.554	0.00808318
229.563	0.00904875
229.951	0.387369
229.952	0.00144697
230.295	0.343066
230.33	0.034839
230.372	0.041937
230.407	0.0352336
230.742	0.335233
230.761	0.0180988
231.056	0.295174
231.106	0.0501325
231.198	0.0918703
231.251	0.0532984
231.534	0.283196
231.569	0.0347218
231.816	0.247358
231.882	0.0654038
232.023	0.141717
232.095	0.0713267
232.326	0.231257
232.377	0.0513162
232.577	0.199617
232.658	0.080653
232.849	0.191478
232.938	0.0893186
233.118	0.179415
233.186	0.0678821
233.338	0.151953
233.433	0.0958803
233.675	0.241153
233.782	0.107274
233.91	0.127669
233.994	0.0844196
234.098	0.104363
234.209	0.111086
234.5	0.290743
234.625	0.125194
234.701	0.0760197
234.802	0.100929
234.859	0.0568482
234.985	0.126269
235.326	0.340248
235.469	0.143078
235.493	0.0244659
235.611	0.11741
235.62	0.0094078
235.762	0.141431
236.151	0.389669
236.285	0.133934
236.312	0.0269929
236.381	0.0689121
236.419	0.0379585
236.538	0.118613
236.977	0.439006
237.077	0.100383
237.142	0.065038
237.155	0.0133191
237.227	0.071932
237.314	0.086439
237.802	0.48826
237.869	0.066891
237.903	0.0342167
237.998	0.0954106
238.036	0.0370597
238.09	0.0543171
238.627	0.537431
238.661	0.0334576
238.664	0.00344098
238.842	0.177363
238.844	0.00225337
238.866	0.0222469
239.425	0.559312
239.453	0.0272069
239.453	8.24504e-05
239.642	0.189629
239.652	0.00977182
239.685	0.0324873
240.187	0.502057
240.245	0.0579746
240.278	0.0332347
240.419	0.140742
240.46	0.0417393
240.527	0.0671628
240.948	0.420438
241.036	0.0886149
241.103	0.0664941
241.195	0.0918552
241.269	0.0736559
241.37	0.101773
241.709	0.338956
241.828	0.11921
241.928	0.0996961
241.971	0.0430491
242.077	0.105522
242.213	0.136319
242.471	0.257611
242.62	0.149761
242.748	0.127165
242.753	0.00567613
242.885	0.131661
243.056	0.170801
243.232	0.1764
243.412	0.180268
243.524	0.111608
243.578	0.054321
243.693	0.114781
243.898	0.205219
243.994	0.0953243
244.204	0.21073
244.3	0.0960747
244.403	0.102886
244.501	0.0979313
244.741	0.239574
244.755	0.0143824
244.996	0.241149
245.077	0.0805647
245.228	0.151371
245.309	0.0811112
245.517	0.207439
245.583	0.0664263
245.788	0.205097
245.853	0.065078
246.053	0.199778
246.118	0.0643208
246.279	0.160992
246.426	0.147102
246.58	0.154752
246.63	0.0496143
246.878	0.248105
246.926	0.0475599
247.04	0.114614
247.268	0.227647
247.372	0.104496
247.407	0.0341737
247.703	0.296354
247.734	0.0308283
247.802	0.0683054
248.11	0.308059
248.164	0.0543271
248.183	0.0187561
248.528	0.344525
248.542	0.0141258
248.564	0.0220657
248.952	0.388342
248.957	0.00424628
248.96	0.00336121
249.326	0.365965
249.35	0.0241054
249.353	0.00254755
249.737	0.384083
249.749	0.0120109
249.794	0.0457474
250.088	0.293476
250.158	0.0702082
250.177	0.0191921
250.513	0.336101
250.541	0.0273604
250.636	0.0956545
250.85	0.213508
250.966	0.116243
251.002	0.0358079
251.29	0.288197
251.333	0.0426874
251.478	0.145475
251.612	0.133668
251.774	0.16221
251.827	0.0523951
252.067	0.240369
252.125	0.0579919
252.32	0.19521
252.374	0.0539569
252.582	0.20811
252.651	0.0689539
252.844	0.192617
252.917	0.0732741
253.136	0.219233
253.162	0.0256274
253.39	0.228315
253.476	0.0854843
253.621	0.144941
253.709	0.0885341
253.898	0.18934
254.004	0.105085
254.198	0.194623
254.3	0.101987
254.398	0.0973401
254.501	0.103772
254.661	0.159488
254.845	0.184417
255.006	0.160991
255.125	0.118461
255.174	0.0498141
255.293	0.118988
255.423	0.129678
255.687	0.263623
255.814	0.127418
255.949	0.134908
255.951	0.00236261
256.086	0.134182
256.186	0.0999097
256.528	0.342704
256.622	0.0939036
256.728	0.106312
256.773	0.0450147
256.878	0.104339
256.948	0.070182
257.37	0.421661
257.43	0.060448
257.506	0.0753995
257.598	0.092318
257.67	0.0721858
257.711	0.0404953
258.211	0.500495
258.238	0.0270507
258.283	0.0445334
258.422	0.139548
258.462	0.0400845
258.473	0.0108492
259.046	0.572917
259.052	0.00628866
259.06	0.00742454
259.236	0.175983
259.246	0.0107214
259.254	0.00803487
259.837	0.582405
259.854	0.0170613
259.893	0.0395703
259.998	0.104872
260.047	0.0483214
260.071	0.0239634
260.614	0.543389
260.662	0.0477904
260.735	0.0727945
260.761	0.0264579
260.839	0.0778463
260.895	0.0559106
261.391	0.496411
261.47	0.0784742
261.524	0.0541267
261.576	0.051835
261.631	0.0554961
261.719	0.0878069
262.168	0.449505
262.278	0.109113
262.287	0.00906465
262.417	0.130007
262.423	0.0067687
262.543	0.119653
262.946	0.40267
263.05	0.103773
263.085	0.0359339
263.216	0.130247
263.258	0.0418785
263.367	0.109569
263.723	0.355907
263.812	0.0893867
263.893	0.0808692
264.008	0.114678
264.098	0.0904457
264.191	0.0927473
264.5	0.309214
264.575	0.075019
264.701	0.125742
264.8	0.0991317
264.939	0.138934
265.015	0.0759547
265.278	0.262593
265.338	0.0606697
265.509	0.170551
265.593	0.083609
265.78	0.187342
265.839	0.0591915
266.055	0.216042
266.102	0.0463388
266.317	0.215298
266.385	0.0681097
266.621	0.235672
266.663	0.0424576
266.833	0.169561
266.865	0.0320261
267.125	0.259983
267.177	0.0526336
267.461	0.283924
267.487	0.0257528
267.61	0.123149
267.628	0.0177316
267.932	0.304607
267.97	0.0371806
268.302	0.332098
268.311	0.00907696
268.388	0.0768075
268.391	0.00345529
268.74	0.349168
268.762	0.0217506
269.135	0.372624
269.142	0.00757009
269.154	0.0121617
269.165	0.010803
269.548	0.382865
269.554	0.00634354
269.918	0.363312
269.943	0.0250433
269.958	0.0156691
269.983	0.0241885
270.347	0.364165
270.356	0.0090407
270.681	0.325266
270.72	0.0392657
270.782	0.0618045
270.823	0.0407784
271.139	0.316234
271.163	0.0244022
271.444	0.280937
271.498	0.0534702
271.606	0.107872
271.663	0.0573399
271.931	0.26838
271.971	0.0397411
272.208	0.236668
272.276	0.067657
272.429	0.153871
272.503	0.0738732
272.724	0.220601
272.779	0.0550576
272.971	0.19246
273.053	0.081826
273.253	0.199803
273.343	0.0903784
273.516	0.172898
273.587	0.0703515
273.735	0.148311
273.831	0.0959774
274.077	0.245667
274.183	0.106856
274.309	0.12527
274.394	0.0856232
274.499	0.104223
274.609	0.110111
274.9	0.291464
275.023	0.123305
275.101	0.0777174
275.202	0.100873
275.262	0.0601936
275.386	0.124227
275.724	0.337195
275.863	0.139727
275.894	0.0302392
276.01	0.1161
276.026	0.0162236
276.164	0.138326
276.547	0.382859
276.686	0.138957
276.703	0.0171647
276.79	0.0864532
276.817	0.0276875
276.942	0.12472
277.371	0.428457
277.479	0.107994
277.543	0.0644947
277.554	0.0104543
277.625	0.0715397
277.72	0.0949319
