200.054	0.0316928
200.063	0.00955475
200.174	0.110701
200.219	0.0452361
200.221	0.00208518
200.245	0.023321
200.288	0.0433814
200.303	0.0155934
200.367	0.0630517
200.367	0.000487891
200.416	0.048625
200.447	0.031655
200.448	0.000247252
200.453	0.00589054
200.456	0.00305023
200.502	0.0454313
200.508	0.00585348
200.73	0.221738
200.799	0.069715
200.804	0.00432062
200.822	0.0182814
200.848	0.0265166
200.901	0.0530169
200.963	0.0615841
200.965	0.00193629
201.049	0.0839009
201.061	0.0125106
201.079	0.0176919
201.087	0.00761286
201.19	0.103274
201.204	0.0138937
201.219	0.0155291
201.224	0.00489857
201.23	0.00559705
201.263	0.0329434
201.265	0.00268227
201.276	0.0105832
201.396	0.120472
201.464	0.0679258
201.554	0.0891744
201.617	0.0637882
201.622	0.00438121
201.629	0.00723515
201.685	0.056407
201.726	0.0408505
201.819	0.092947
201.862	0.0432997
201.87	0.00762023
201.876	0.0062215
201.932	0.0559724
201.954	0.021645
201.985	0.0312746
202.012	0.0271005
202.041	0.0286045
202.05	0.00920869
202.074	0.0241989
202.081	0.00691076
202.11	0.0284812
202.199	0.089673
202.285	0.0855641
202.304	0.018728
202.357	0.0530244
202.406	0.049302
202.422	0.0156453
202.435	0.0138019
202.577	0.141686
202.604	0.026796
202.661	0.0572951
202.675	0.0135802
202.704	0.0289899
202.751	0.0473912
202.762	0.0105745
202.795	0.0331025
202.821	0.0262536
202.824	0.0031786
202.878	0.0536882
202.883	0.00522714
202.935	0.051273
202.938	0.00366007
202.957	0.0184471
203.054	0.0972818
203.085	0.0306741
203.127	0.0422055
203.173	0.0464651
203.222	0.0483437
203.254	0.0319475
203.335	0.0816619
203.417	0.0822511
203.452	0.0349545
203.481	0.0290764
203.517	0.0357765
203.531	0.0139907
203.577	0.0462345
203.599	0.0210659
203.661	0.0622861
203.67	0.00888532
203.688	0.0184574
203.692	0.00393764
203.715	0.0228913
203.795	0.0799538
203.803	0.00843795
203.804	0.000786874
203.813	0.00835379
203.848	0.0351174
204.021	0.173849
204.061	0.0397998
204.072	0.010256
204.093	0.0217483
204.16	0.0668533
204.244	0.0834105
204.283	0.0397882
204.359	0.0752544
204.359	0.000206232
204.36	0.00128479
204.373	0.0127141
204.405	0.0322129
204.501	0.0959399
204.541	0.0396435
204.552	0.0113046
204.555	0.0026322
204.555	0.000502264
204.56	0.00458184
204.569	0.00901673
204.65	0.0814199
204.652	0.0015464
204.821	0.1698
204.851	0.0300717
204.89	0.0380554
204.903	0.0134223
204.949	0.0461831
205.035	0.0856051
205.05	0.014767
205.14	0.0909268
205.143	0.00231088
205.147	0.0043767
205.186	0.0387862
205.236	0.0500561
205.269	0.0328273
205.29	0.0209662
205.305	0.0152314
205.31	0.00480736
205.389	0.0789438
205.422	0.0330239
205.458	0.0364182
205.497	0.0384489
205.508	0.0115062
205.61	0.101594
205.621	0.0115883
205.646	0.024536
205.707	0.0616257
205.816	0.108251
205.826	0.0102109
205.837	0.010832
205.876	0.0391826
205.921	0.0455303
205.925	0.00394626
205.997	0.0716633
206.011	0.0139031
206.013	0.00216135
206.056	0.0423645
206.113	0.0574187
206.119	0.00567494
206.226	0.106879
206.288	0.06284
206.343	0.0547663
206.357	0.0134009
206.365	0.0080406
206.368	0.00351398
206.389	0.020793
206.421	0.0323834
206.525	0.10416
206.582	0.0566211
206.612	0.0295685
206.617	0.00557735
206.696	0.078738
206.708	0.0122549
206.724	0.0160517
206.726	0.00130946
206.732	0.00684834
206.806	0.0737825
206.84	0.0342121
206.927	0.0870669
206.99	0.0623216
207.062	0.0724315
207.126	0.0642818
207.132	0.00548364
207.155	0.0228178
207.189	0.0347155
207.221	0.0313526
207.221	0.000323229
207.255	0.0334381
207.343	0.088683
207.347	0.00404213
207.348	0.00104454
207.408	0.0600379
207.454	0.0454514
207.454	0.000198168
207.47	0.0163112
207.491	0.0205493
207.557	0.0659429
207.611	0.0545816
207.668	0.056068
207.736	0.0687145
207.866	0.130158
207.875	0.00875595
207.885	0.00980379
207.899	0.0138494
208.021	0.122254
208.021	3.43713e-05
208.036	0.0146801
208.077	0.0412396
208.083	0.00616025
208.115	0.0316137
208.152	0.0376775
208.161	0.00867522
208.175	0.0143386
208.183	0.00723643
208.2	0.0169596
208.245	0.0452128
208.274	0.0288295
208.308	0.0339446
208.495	0.186949
208.498	0.00386733
208.545	0.0465333
208.618	0.0734204
208.643	0.0250694
208.735	0.0918327
208.743	0.00751427
208.819	0.0762642
208.821	0.001901
208.881	0.0602382
208.882	0.000698337
208.887	0.00523718
208.897	0.0100185
208.911	0.0142665
208.933	0.0215806
208.979	0.0458966
208.991	0.0119968
209.019	0.0284941
209.05	0.0306433
209.057	0.00645233
209.059	0.00199706
209.322	0.26311
209.354	0.032125
209.362	0.00803602
209.385	0.0234938
209.402	0.0168195
209.555	0.153036
209.572	0.0166331
209.619	0.0472654
209.619	7.40786e-05
209.621	0.00180758
209.64	0.0194066
209.648	0.00743445
209.728	0.0802531
209.753	0.0251399
209.782	0.0290664
209.789	0.00673586
209.794	0.00506864
209.797	0.0026846
209.809	0.012763
209.839	0.0299001
209.947	0.108084
210.105	0.157799
210.149	0.0433519
210.161	0.0121837
210.162	0.00170379
210.272	0.109408
210.291	0.0193796
210.341	0.0497208
210.369	0.028302
210.408	0.0388447
210.414	0.00619258
210.421	0.00649805
210.495	0.0743765
210.561	0.0652903
210.569	0.00816123
210.574	0.00485621
210.574	0.000469387
210.614	0.0404541
210.619	0.00453976
210.622	0.00326639
210.645	0.0224977
210.845	0.19986
210.849	0.00419972
210.92	0.0707363
210.971	0.05167
210.976	0.00431229
211.028	0.0519957
211.063	0.0355599
211.098	0.0353075
211.158	0.0599272
211.181	0.0226611
211.221	0.0397795
211.244	0.0236902
211.312	0.0671717
211.343	0.031734
211.365	0.0214882
211.371	0.00630414
211.405	0.0340178
211.42	0.0147096
211.432	0.0122752
211.485	0.0525244
211.5	0.0157508
211.592	0.092033
211.678	0.0859156
211.742	0.0631639
211.764	0.0223315
211.78	0.0160542
211.785	0.0053617
211.802	0.0171127
211.828	0.0251922
211.948	0.120088
212.021	0.0730036
212.045	0.0238572
212.063	0.01828
212.081	0.0178586
212.118	0.0374123
212.156	0.0380915
212.188	0.031929
212.247	0.0587999
212.25	0.0029099
212.266	0.0158419
212.336	0.070536
212.35	0.0140214
212.356	0.00576224
212.437	0.0812899
212.5	0.0630437
212.508	0.00728875
212.557	0.0492942
212.589	0.0317167
212.629	0.0405993
212.638	0.00902455
212.714	0.0761948
212.814	0.0996632
212.821	0.00650738
212.893	0.0722647
212.917	0.0239622
212.931	0.0137302
212.948	0.016974
212.971	0.0235509
213.067	0.0963696
213.08	0.0125726
213.111	0.031325
213.123	0.0111499
213.196	0.0737352
213.211	0.0151806
213.216	0.00420177
213.23	0.0144185
213.237	0.00682169
213.286	0.0494538
213.397	0.110975
213.456	0.0586869
213.481	0.0252698
213.535	0.0534674
213.565	0.0307408
213.621	0.0550724
213.668	0.0471652
213.739	0.0712129
213.753	0.0140056
213.754	0.0011817
213.816	0.0622949
213.824	0.00756094
213.885	0.0611085
213.953	0.0675336
213.955	0.00268357
213.957	0.001675
213.974	0.0165568
213.998	0.0244216
214.016	0.0179116
214.067	0.050899
214.081	0.0141414
214.206	0.125069
214.248	0.0421681
214.283	0.0345697
214.317	0.0342064
214.42	0.103558
214.431	0.0105144
214.443	0.0115952
214.53	0.0877313
214.537	0.00683834
214.568	0.0308286
214.589	0.0209591
214.675	0.0863399
214.702	0.0267617
214.703	0.000605165
214.71	0.00762567
214.714	0.00412842
214.745	0.0310929
214.802	0.0569791
214.873	0.0707344
214.922	0.0487552
214.946	0.0240569
215.015	0.0685941
215.015	0.000452252
215.068	0.0533665
215.109	0.0409331
215.217	0.10813
215.22	0.00290255
215.312	0.0916829
215.32	0.00813997
215.322	0.00149615
215.327	0.00530011
215.398	0.0710456
215.425	0.0268119
215.447	0.0222411
215.474	0.0264584
215.475	0.00165956
215.52	0.0449474
215.587	0.0672994
215.648	0.0604003
215.748	0.100418
215.777	0.0287494
215.782	0.00500116
215.811	0.0289471
215.82	0.0090323
215.823	0.00321166
215.936	0.11273
215.992	0.0564813
216.02	0.0278713
216.056	0.0359465
216.103	0.04705
216.113	0.00981621
216.121	0.00782417
216.184	0.063097
216.205	0.0210232
216.223	0.0177455
216.233	0.00998953
216.261	0.0279215
216.338	0.076945
216.473	0.135046
216.493	0.0204679
216.549	0.0558941
216.572	0.0226147
216.623	0.0515213
216.632	0.00862628
216.632	0.000166538
216.676	0.0438159
216.763	0.0866886
216.767	0.0049288
216.801	0.033095
216.82	0.0197021
216.844	0.0237225
216.886	0.0424772
216.905	0.0181219
216.921	0.0165253
216.935	0.013937
216.992	0.0570911
217.097	0.104403
217.118	0.021888
217.155	0.0367341
217.316	0.161036
217.323	0.00727231
217.338	0.0149593
217.358	0.0193664
217.44	0.0826638
217.487	0.046426
217.498	0.0111149
217.541	0.0425449
217.542	0.00196212
217.545	0.00241675
217.567	0.0221844
217.589	0.0219274
217.62	0.0311513
217.658	0.0380568
217.665	0.00685929
217.67	0.0045164
217.696	0.0264134
217.751	0.0554789
217.932	0.180746
217.973	0.0403374
218.014	0.0412033
218.075	0.0615022
218.083	0.00804788
218.184	0.100209
218.243	0.0591036
218.249	0.00637686
218.289	0.040338
218.29	0.000969709
218.318	0.0272473
218.342	0.0240319
218.373	0.0309741
218.395	0.0226669
218.395	0.000209945
218.405	0.0096292
218.415	0.0103791
218.42	0.00462886
218.453	0.0326947
218.487	0.0346907
218.511	0.0234557
218.768	0.256951
218.79	0.0220908
218.827	0.037213
218.851	0.023346
218.909	0.0583984
219.014	0.104743
219.029	0.0148986
219.034	0.00532094
219.058	0.0236859
219.093	0.0351206
219.126	0.0328117
219.127	0.00180515
219.133	0.00546557
219.196	0.0634466
219.22	0.0237887
219.236	0.0159861
219.242	0.00585579
219.247	0.00515463
219.269	0.0224921
219.27	0.000934704
219.279	0.0085166
219.579	0.300214
219.603	0.0242877
219.607	0.00388204
219.618	0.0104523
219.737	0.119343
219.779	0.0413835
219.804	0.0253506
219.856	0.0520133
219.866	0.0102434
219.868	0.00174458
219.87	0.00233505
219.874	0.00331161
220.012	0.138289
220.019	0.00744394
220.02	0.000693455
220.03	0.0100713
220.051	0.020726
220.068	0.0174638
220.07	0.00224828
220.121	0.0508362
220.134	0.0125027
220.331	0.19744
220.385	0.0538762
220.425	0.0395669
220.439	0.0142891
220.461	0.0217447
220.523	0.0625223
220.586	0.0631271
220.608	0.021367
220.643	0.0353594
220.675	0.0315735
220.699	0.0239373
220.718	0.0197769
220.79	0.0712837
220.803	0.0128711
220.82	0.0173441
220.862	0.0420939
