200.0298394	11.08393156	0.01944443707	-7.391385318e-15	2.816361117e-13	97.79222223
200.1062984	-33.48602579	-0.03052814005	-6.468622938e-14	1.136707391e-12	107.0122113
200.6113686	31.3348363	0.03671405196	2.914394758e-15	2.357423505e-13	93.78531438
200.6662423	-12.19165301	-0.003255709002	-4.589052063e-14	2.685373329e-12	102.6013023
200.6862978	-50.49866327	-0.06159780802	-1.516141988e-13	2.062890081e-12	112.2246391
200.8170308	45.97203931	0.04781136167	1.397039905e-13	1.671356368e-12	89.78087546
200.8388571	11.10733181	0.01938836599	-2.372565429e-14	-1.668405259e-12	98.19224465
200.8804101	-33.54847485	-0.03047479357	2.816695437e-14	-5.712703288e-13	107.4121899
201.4390074	31.40150858	0.03663170967	3.613540618e-14	8.37528987e-13	94.18534732
201.4441691	-50.58953173	-0.06147286386	4.203638858e-14	-5.512873241e-13	112.6245891
201.4574247	-12.2145055	-0.003264388856	5.06412933e-14	-3.080330244e-12	103.0013058
201.6478564	11.13068462	0.01933270228	1.508546436e-14	1.183137802e-12	98.59226692
201.65457	-33.61080781	-0.03042173113	4.328675904e-15	-5.719793904e-14	107.8121687
201.6641148	46.07362897	0.04773001691	6.185569221e-14	7.55633138e-13	90.18090799
202.2021149	-50.68023866	-0.06134863725	3.673001884e-14	-4.164512875e-13	113.0245395
202.2486243	-12.2373138	-0.003272960927	1.48737663e-14	-8.663864763e-13	103.4013092
202.2665876	31.46803964	0.03654990795	5.793690316e-14	1.112309895e-12	94.58538004
202.4287776	-33.67302532	-0.03036895022	4.893356234e-15	-8.059102471e-14	108.2121476
202.4568376	11.15399029	0.0192774413	-2.183416584e-14	-1.462656865e-12	98.99228902
202.5110946	46.17499304	0.04764910244	-1.162206507e-13	-1.411291573e-12	90.58094036
202.9601349	-50.77078492	-0.06122512148	1.327181913e-13	-1.76508795e-12	113.42449
203.0398408	-12.26007816	-0.003281426694	-8.181061831e-15	2.332802448e-13	103.8013126
203.0941098	31.5344304	0.03646864096	-2.313531639e-14	-4.257326667e-13	94.98541254
203.2030328	-33.735128	-0.03031644833	-2.678429249e-15	2.213535246e-14	108.6121266
203.2658008	11.1772491	0.01922257847	5.754062431e-14	2.872740993e-12	99.39231097
203.3579712	46.276133	0.04756861449	-2.12478349e-14	-3.011799489e-13	90.98097255
203.7182286	-50.86117136	-0.06110230993	-4.971092609e-14	6.501491248e-13	113.8244409
203.8310743	-12.28279884	-0.003289787605	-1.305477544e-14	7.401547541e-13	104.2013159
203.9215742	31.60068172	0.03638790295	-7.123269743e-14	-1.375554944e-12	95.38544484
203.9773353	-33.7971165	-0.03026422299	2.118896953e-14	-4.156677533e-13	109.0121057
204.074746	11.20046134	0.01916810929	-3.494938955e-16	-2.330987602e-13	99.79233276
204.204745	46.37705034	0.04748854932	8.170734171e-14	9.24906091e-13	91.38100458
204.4763958	-50.95139882	-0.06098019607	-2.538728106e-13	3.423012975e-12	114.2243921
204.6223246	-12.30547609	-0.003298045088	-2.582343313e-14	1.583387672e-12	104.6013192
204.7489813	31.66679449	0.03630768825	2.278931474e-14	1.994107576e-13	95.78547692
204.7516847	-33.85899144	-0.03021227176	-7.495328756e-14	1.6586864e-12	109.4120849
204.8836734	11.22362727	0.01911402932	-2.807816e-15	-2.237424181e-13	100.1923544
205.0514168	46.47774653	0.04740890325	-1.092550374e-13	-1.3593646e-12	91.78103644
205.2346359	-51.04146813	-0.06085877345	1.875483078e-13	-2.593519174e-12	114.6243435
205.4135916	-12.32811016	-0.003306200547	6.186442643e-15	-7.106052832e-13	105.0013225
205.526081	-33.92075345	-0.03016059224	4.559443641e-14	-1.043217229e-12	109.8120642
205.5763314	31.73276957	0.03622799126	6.624988442e-14	1.191310242e-12	96.1855088
205.692583	11.24674718	0.01906033421	-1.213169078e-14	-7.879012743e-13	100.5923759
205.8979873	46.578223	0.04732967261	9.914444667e-14	1.192657473e-12	92.18106813
205.9929487	-51.13138013	-0.0607380357	-9.956155106e-15	1.87388048e-13	115.0242952
206.2048752	-12.35070129	-0.00331425536	5.615737073e-14	-3.07094181e-12	105.4013257
206.3005237	-33.98240314	-0.03010918204	8.238545745e-15	-1.676831368e-13	110.2120437
206.4036248	31.79860782	0.03614880649	-2.883052156e-14	-5.839518352e-13	96.58554048
206.5014751	11.26982135	0.01900701964	1.262656812e-16	4.795599674e-13	100.9923972
206.744457	46.6784812	0.04725085382	-8.877492506e-14	-1.088548414e-12	92.58109966
206.7513337	-51.22113564	-0.06061797655	1.555820437e-13	-2.137827026e-12	115.4242472
206.9961753	-12.37324973	-0.003322210884	-3.986140535e-14	2.654175381e-12	105.8013289
207.0750127	-34.04394113	-0.03005803882	-4.91731493e-14	1.045942185e-12	110.6120232
207.2308619	31.86431009	0.03607012852	-9.629616113e-14	-1.893027111e-12	96.98557195
207.3103496	11.29285003	0.0189540814	-3.435764227e-14	-1.280958497e-12	101.3924184
207.5097906	-51.31073547	-0.06049858978	-3.864287123e-13	5.263152063e-12	115.8241994
207.5908268	46.77852253	0.04717244331	6.738122838e-14	8.184106257e-13	92.98113102
207.7874919	-12.39575572	-0.003330068454	-2.631788125e-14	1.110709725e-12	106.201332
207.8495477	-34.10536801	-0.03000716026	6.241413945e-14	-1.428393486e-12	111.0120029
208.058043	31.92987721	0.03599195201	1.245026934e-13	2.465843395e-12	97.38560322
208.1192067	11.31583351	0.0189015153	7.419920872e-15	3.433110668e-13	101.7924394
208.268319	-51.40018042	-0.06037986927	1.581022074e-13	-2.123223051e-12	116.2241519
208.4370971	46.8783484	0.04709443757	-1.426050801e-14	-1.338025964e-13	93.38116222
208.5788248	-12.4182195	-0.003337829383	3.632833121e-14	-1.639927883e-12	106.6013351
208.6241284	-34.16668438	-0.02995654406	-1.514891316e-13	3.428956971e-12	111.4119826
208.8851686	31.99531002	0.03591427168	1.198341125e-14	3.36535375e-13	97.78563429
208.9280465	11.33877204	0.01884931723	2.239793646e-15	4.351229559e-13	102.1924603
209.0269185	-51.48947131	-0.06026180896	3.085233376e-13	-4.16985874e-12	116.6241047
209.2832687	46.9779602	0.04701683312	-2.444594485e-13	-3.001720601e-12	93.78119327
209.3701739	-12.4406413	-0.00334549496	1.513595604e-14	-9.609489325e-13	107.0013382
209.3987546	-34.22789085	-0.02990618796	1.280747304e-13	-2.991800933e-12	111.8119625
209.7122388	32.06060933	0.03583708236	-9.134749254e-14	-1.988911536e-12	98.18566517
209.7368691	11.36166588	0.01879748316	3.340382493e-15	5.271095203e-13	102.592481
209.7855888	-51.57860892	-0.06014440288	-1.901443714e-13	2.609291356e-12	117.0240578
210.1293421	47.07735929	0.04693962652	2.539983393e-13	3.116497339e-12	94.18122415
210.1615392	-12.46302135	-0.003353066455	-1.010641839e-15	3.29465383e-13	107.4013412
210.1734261	-34.288988	-0.02985608972	-5.295249626e-14	1.220592079e-12	112.2119424
210.5392542	32.12577597	0.03576037894	-3.648127768e-14	-7.76132529e-13	98.58569585
210.5443295	-51.66759403	-0.06002764514	9.261624457e-14	-1.287878471e-12	117.4240111
210.5456746	11.38451531	0.01874600909	-9.016594612e-15	8.637691734e-14	102.9925016
210.9481427	-34.34997641	-0.02980624713	6.579643985e-14	-1.370204969e-12	112.6119225
210.9529205	-12.4853599	-0.003360545119	1.702640069e-14	-1.199087571e-12	107.8013442
210.9753181	47.17654704	0.04686281439	3.87956014e-14	4.928485519e-13	94.58125487
211.3031402	-51.75642743	-0.0599115299	-3.155825787e-13	4.344156931e-12	117.8239646
211.3544631	11.40732056	0.0186948911	1.631978774e-14	7.228478693e-13	103.392522
211.3662149	32.19081073	0.03568415637	1.222050726e-13	2.609162965e-12	98.98572634
211.722904	-34.41085667	-0.02975665802	-3.840341248e-14	8.882015276e-13	113.0119027
211.7443179	-12.50765717	-0.003367932179	-2.847974577e-14	1.877958782e-12	108.2013472
211.8211971	47.27552478	0.04678639336	-1.044133067e-13	-1.315704793e-12	94.98128544
212.0620207	-51.8451099	-0.05979605141	7.862694614e-14	-1.050613918e-12	118.2239184
212.1632347	11.43008191	0.01864412532	-2.156488715e-14	-1.570100999e-12	103.7925423
212.1931213	32.25571442	0.03560840969	-1.880342653e-14	-4.523765913e-13	99.38575664
212.4977098	-34.47162934	-0.02970732021	-9.003008191e-14	2.076758963e-12	113.4118829
212.5357311	-12.52991339	-0.003375228844	-1.954798035e-14	1.47145614e-12	108.6013501
212.6669799	47.37429384	0.04671036013	-1.532622696e-14	-2.231135054e-13	95.38131586
212.8209704	-51.93364219	-0.05968120398	2.108712406e-13	-2.891903866e-12	118.6238725
212.9719894	11.4527996	0.01859370794	-2.145100379e-15	1.304672989e-13	104.1925625
213.0199738	32.32048782	0.03553313401	2.889546583e-14	7.62755461e-13	99.78578675
213.27256	-34.532295	-0.02965823158	1.361980234e-13	-3.026903651e-12	113.8118633
213.3271601	-12.55212878	-0.003382436303	-7.505713284e-15	9.684368383e-13	109.001353
213.512667	47.47285554	0.04663471141	4.416393681e-14	5.757509631e-13	95.78134612
213.5799892	-52.02202507	-0.05956698201	1.094850128e-13	-1.496811546e-12	119.0238268
213.7807274	11.47547389	0.01854363519	8.322290195e-15	2.76052965e-13	104.5925825
213.8467727	32.38513172	0.0354583245	-8.927058837e-14	-1.914925958e-12	100.1858167
214.0474542	-34.5928542	-0.02960939003	-2.512342038e-14	3.850559398e-13	114.2118438
214.1186048	-12.57430357	-0.003389555728	2.344167114e-14	-1.598165656e-12	109.4013558
214.3390766	-52.11025929	-0.05945337994	-3.172931066e-13	4.328772529e-12	119.4237814
214.358259	47.57121119	0.04655944397	-5.191218443e-14	-6.230067943e-13	96.18137622
214.5894489	11.49810501	0.01849390339	-2.348384851e-14	-7.390592348e-13	104.9926024
214.6735183	32.44964688	0.03538397641	2.678360756e-14	5.479852721e-13	100.5858464
214.8223923	-34.65330751	-0.02956079346	-1.429557853e-14	1.906918047e-13	114.6118243
214.9100651	-12.59643798	-0.003396588268	3.734930271e-14	-1.671720762e-12	109.8013586
215.0982323	-52.1983456	-0.05934039231	2.117026781e-13	-2.884368653e-12	119.8237362
215.2037565	47.66936205	0.04648455461	1.07526449e-14	9.509589802e-14	96.58140618
215.3981537	11.52069322	0.01844450888	3.527630215e-14	2.224198397e-12	105.3926222
215.5002109	32.51403408	0.03531008505	3.564125697e-14	7.136165566e-13	100.985876
215.597374	-34.71365548	-0.02951243983	-1.30536216e-14	3.357361347e-13	115.011805
215.701541	-12.61853223	-0.003403535058	-6.455873205e-14	4.365433596e-12	110.2013614
215.8574559	-52.28628474	-0.0592280137	-8.175005597e-14	1.141867106e-12	120.2236912
216.0491601	47.76730942	0.04641004016	-1.750444439e-14	-2.364816748e-13	96.98143598
216.2068422	11.54323876	0.01839544806	6.473680315e-15	1.709218773e-13	105.7926418
216.3268508	32.57829408	0.03523664579	-2.162712512e-14	-5.14678199e-13	101.3859053
216.3723991	-34.77389867	-0.02946432711	1.802132872e-13	-4.062158512e-12	115.4117857
216.4930323	-12.64058654	-0.003410397212	4.23838745e-14	-2.783943474e-12	110.6013642
216.6167472	-52.37407745	-0.05911623876	8.282391213e-16	-6.106964038e-14	120.6236465
216.8944704	47.86505454	0.0463358975	5.430377311e-14	6.718069374e-13	97.38146564
217.0155143	11.56574188	0.01834671741	-4.816751939e-14	-3.335387685e-12	106.1926613
217.1474673	-34.8340376	-0.02941645327	-1.499500329e-13	3.652007527e-12	115.8117666
217.1534383	32.64242762	0.03516365409	2.390267929e-14	4.714682139e-13	101.7859345
217.284539	-12.66260112	-0.003417175828	-3.56381677e-14	2.617552803e-12	111.0013669
217.3761058	-52.46172445	-0.05900506222	-6.854863969e-14	9.682933763e-13	121.023602
217.7396879	47.96259867	0.04626212354	-7.857599225e-14	-9.851324949e-13	97.78149515
217.8241701	11.5882028	0.01829831341	1.268787797e-14	1.154642608e-12	106.5926807
217.9225785	-34.89407283	-0.02936881635	-5.70428705e-15	1.350653244e-13	116.2117475
217.9799738	32.70643545	0.03509110544	5.986986315e-14	1.353534316e-12	102.1859636
218.076061	-12.6845762	-0.003423871986	3.255584872e-14	-1.925826506e-12	111.4013695
218.1355313	-52.54922647	-0.05889447887	1.250715997e-13	-1.78710662e-12	121.4235578
218.5848133	48.05994305	0.04618871521	1.52137845e-13	1.950048913e-12	98.18152451
218.6328098	11.61062176	0.01825023264	-5.097752666e-15	2.799629553e-13	106.9926999
218.6977324	-34.95400489	-0.02932141437	4.949166368e-14	-1.114088192e-12	116.6117286
218.8064576	32.7703183	0.03501899541	-1.044604288e-13	-2.361101118e-12	102.5859924
218.8675982	-12.70651197	-0.003430486748	5.166887268e-14	-3.178313221e-12	111.8013722
218.8950234	-52.63658422	-0.05878448354	-9.932587859e-14	1.363620492e-12	121.8235138
219.429847	48.15708889	0.04611566951	7.977499287e-14	1.117006757e-12	98.58155373
219.4414335	11.63299901	0.01820247171	9.521745879e-15	5.429412724e-13	107.392719
219.4729288	-35.0138343	-0.02927424539	6.978742375e-14	-1.627694396e-12	117.0117097
219.6328899	32.83407691	0.03494731965	8.418342271e-14	1.783819668e-12	102.9860211
219.6545818	-52.72379842	-0.05867507115	3.298344561e-14	-6.371702211e-13	122.22347
219.6591505	-12.72840865	-0.003437021161	-4.853063129e-14	3.192795265e-12	112.2013748
220.2481676	-35.0735616	-0.0292273075	-4.417687743e-14	1.071991334e-12	117.4116909
220.2500411	11.65533477	0.01815502725	8.422241805e-15	3.797285723e-13	107.792738
220.2747897	48.2540374	0.04604298343	-1.424968347e-13	-1.773983702e-12	98.98158281
220.4142062	-52.81086977	-0.05856623667	-3.519018339e-14	4.888685338e-13	122.6234265
220.4507178	-12.75026645	-0.003443476254	-1.33876133e-14	3.952364327e-13	112.6013774
220.459271	32.89771199	0.03487607383	-5.315939993e-14	-1.022816255e-12	103.3860496
221.0234483	-35.1331873	-0.02918059881	-4.090534656e-14	1.026178543e-12	117.8116722
221.0586329	11.67762927	0.01810789599	-4.162790794e-16	5.11140901e-13	108.1927568
221.1196419	48.35078978	0.04597065404	8.975530758e-15	8.069441053e-14	99.38161174
221.1738963	-52.89779897	-0.05845797512	1.093042047e-13	-1.515297055e-12	123.0233832
221.2423002	-12.77208558	-0.003449853042	1.136776697e-14	-8.536030671e-13	113.0013799
221.2856013	32.96122426	0.03480525371	-2.11653009e-14	-5.252544967e-13	103.7860779
221.7987709	-35.19271192	-0.02913411744	-2.016172767e-14	5.397752579e-13	118.2116536
221.8672088	11.69988274	0.01806107467	-1.183115751e-14	-8.017998457e-13	108.5927756
221.9336517	-52.98458672	-0.0583502816	-6.466598872e-14	9.594720386e-13	123.4233401
221.964404	48.44734722	0.0458986784	2.679133779e-14	3.421096625e-13	99.78164053
222.0338973	-12.79386624	-0.003456152522	2.37514078e-14	-1.893248083e-12	113.4013825
222.111881	33.02461444	0.0347348551	-9.614014801e-16	1.977667031e-14	104.1861061
222.5741352	-35.25213598	-0.02908786154	1.103281595e-14	-3.279366857e-13	118.6116351
222.675769	11.72209541	0.01801456009	-1.330055305e-15	-3.747606163e-14	108.9927942
222.6934721	-53.07123369	-0.05824315125	-4.309910253e-16	4.679334477e-14	123.8232973
222.8090768	48.5437109	0.04582705364	-1.326932524e-13	-1.64553861e-12	100.1816692
222.8255093	-12.81560862	-0.003462375678	-1.14850348e-14	1.603775359e-12	113.801385
222.9381105	33.08788321	0.03466487387	-3.521547779e-14	-1.007290554e-12	104.5861341
223.3495409	-35.31145998	-0.02904182928	-5.318970483e-14	1.189692636e-12	119.0116167
223.4533572	-53.15774059	-0.05813657927	-6.662683019e-14	1.081713185e-12	124.2232546
223.4843136	11.74426749	0.01796834908	-7.011205481e-15	2.766591585e-13	109.3928127
223.6171361	-12.83731295	-0.003468523475	1.838447865e-14	-6.61486015e-13	114.2013874
223.6536606	48.63988196	0.0457557769	1.002883299e-13	1.282840152e-12	100.5816977
223.7642899	33.15103128	0.03459530593	1.08271333e-13	2.259640307e-12	104.9861619
224.1249878	-35.37068442	-0.02899601884	8.92074252e-14	-1.968768516e-12	119.4115984
224.2133066	-53.24410807	-0.05803056093	1.446948184e-13	-1.967932234e-12	124.6232122
224.2928427	11.76639922	0.01792243853	-1.717412031e-14	-4.774814355e-13	109.792831
224.4087774	-12.8589794	-0.003474596867	-2.118929484e-14	1.370717551e-12	114.6013898
224.4981561	48.73586157	0.04568484536	-5.908235403e-15	-7.707162614e-14	100.9817261
224.5904197	33.21405934	0.03452614726	-1.021691052e-14	-2.080241536e-13	105.3861895
224.9004758	-35.42980981	-0.02895042845	-6.165210149e-14	1.302175818e-12	119.8115802
224.9733202	-53.33033682	-0.05792509154	-6.576450529e-14	9.520027779e-13	125.02317
225.1013563	11.78849081	0.01787682538	8.462800282e-15	6.840196256e-13	110.1928493
225.2004334	-12.88060819	-0.003480596791	2.786819609e-15	4.399099677e-13	115.0013922
225.3425637	48.83165086	0.04561425624	1.312542387e-14	1.528990266e-13	101.3817543
225.4165001	33.27696806	0.0344573939	-6.321758129e-14	-1.399597909e-12	105.786217
225.6760045	-35.48883664	-0.02890505633	5.691564057e-14	-1.272035173e-12	120.211562
225.7333975	-53.4164275	-0.05782016648	-3.642536989e-14	5.449539851e-13	125.4231281
225.9098545	11.81054247	0.01783150658	-1.40959997e-14	-8.93154501e-13	110.5928674
225.9921038	-12.9021995	-0.003486524171	5.58987414e-14	-4.658430653e-12	115.4013946
226.1868841	48.92725096	0.04554400676	-6.217832582e-14	-8.237749995e-13	101.7817824
226.2425313	33.33975812	0.03438904194	6.466984344e-14	1.546711473e-12	106.1862444
226.4515739	-35.5477654	-0.02885990073	-4.148036772e-14	1.080576866e-12	120.611544
226.4935383	-53.50238078	-0.05771578115	-1.658033999e-14	1.793767918e-13	125.8230863
226.7183374	11.83255443	0.01778647916	3.507153938e-14	1.809101135e-12	110.9928854
226.7837887	-12.92375353	-0.003492379916	7.013716529e-15	-2.283221774e-13	115.801397
227.0311175	49.02266298	0.0454740942	-3.515038404e-14	-4.179833556e-13	102.1818104
227.0685136	33.40243019	0.0343210875	-1.157915164e-13	-2.590313071e-12	106.5862716
227.2271837	-35.60659659	-0.02881495992	-1.68052919e-14	4.355321274e-13	121.011526
227.2537423	-53.5881973	-0.05761193105	-8.210660362e-15	1.396157351e-13	126.2230448
227.5268052	11.8545269	0.01774174017	-3.702533083e-15	-1.431796946e-13	111.3929033
227.5754879	-12.94527048	-0.003498164922	-3.439449129e-14	2.5396564e-12	116.2013993
227.8752647	49.11788804	0.04540451587	1.703472219e-13	2.117443172e-12	102.5818382
227.8944474	33.46498494	0.03425352679	6.853092122e-14	1.445373592e-12	106.9862986
228.0028336	-35.66533067	-0.0287702322	6.553184808e-15	-7.067583476e-14	121.4115081
228.0140091	-53.67387771	-0.05750861171	-6.731561298e-14	9.418613481e-13	126.6230034
228.3352577	11.87646008	0.0176972867	-2.084275903e-14	-1.245649477e-12	111.7929211
228.3672014	-12.96675052	-0.003503880069	-2.269984226e-14	1.321957139e-12	116.6014016
228.7193261	49.21292722	0.04533526909	-2.550547821e-13	-3.3739361e-12	102.9818659
228.7203329	33.52742301	0.03418635604	-1.854187437e-14	-4.515019657e-13	107.3863255
228.7743385	-53.75942267	-0.05740581869	1.371369159e-13	-1.972490002e-12	127.0229623
228.7785236	-35.72396814	-0.02872571586	5.215055233e-14	-9.484245829e-13	121.8114903
229.1436953	11.8983542	0.01765311589	-1.170098712e-14	-5.218426426e-13	112.1929388
229.1589291	-12.98819386	-0.003509526227	2.070252252e-14	-1.675042963e-12	117.0014038
229.5347302	-53.84483282	-0.05730354765	-3.303964093e-16	4.114625728e-14	127.4229214
229.5461703	33.58974506	0.03411957154	2.040861631e-14	2.750049772e-13	107.7863522
229.5542534	-35.78250946	-0.02868140925	-5.548792988e-14	1.389836503e-12	122.2114726
229.5633022	49.30778161	0.04526635124	1.446986894e-13	1.856719134e-12	103.3818935
229.9506709	-13.00960069	-0.003515104252	-2.876360475e-14	1.858853029e-12	117.401406
229.9521178	11.92020945	0.0176092249	1.207637149e-16	-5.43141257e-13	112.5929563
230.2951839	-53.93010878	-0.05720179425	-9.173675019e-14	1.239650474e-12	127.8228807
230.3300229	-35.84095512	-0.0286373107	3.817561383e-15	-2.81498676e-13	122.6114549
230.3719599	33.65195174	0.03405316963	6.997323524e-14	1.566876975e-12	108.1863787
230.4071935	49.40245229	0.04519775969	-2.322998073e-14	-2.961747683e-13	103.7819209
230.7424267	-13.03097118	-0.003520614985	-2.296612403e-14	1.270514692e-12	117.8014082
230.7605255	11.94202604	0.01756561096	4.197409254e-14	2.149975449e-12	112.9929738
231.0556992	-54.01525119	-0.05710055423	4.669228685e-14	-6.829907881e-13	128.2228402
231.1058317	-35.89930557	-0.02859341858	-8.126058508e-14	1.798010045e-12	123.0114374
231.197702	33.71404368	0.0339871467	-4.353363521e-14	-9.129419553e-13	108.5864051
231.2510004	49.49694031	0.04512949187	3.141874501e-14	3.640783531e-13	104.1819482
231.5341965	-13.05230551	-0.003526059257	3.834906651e-14	-2.706213605e-12	118.2014104
231.5689184	11.96380419	0.0175222713	2.43116917e-15	-2.681040564e-13	113.3929911
231.816276	-54.10026068	-0.05699982337	-1.951429718e-15	-7.474709155e-14	128.6227999
231.8816798	-35.95756128	-0.02854973128	2.34931616e-13	-5.4323692e-12	123.4114199
232.0233969	33.77602152	0.03392149918	3.471300276e-14	8.399647954e-13	108.9864314
232.0947235	49.59124674	0.04506154523	1.779495203e-14	2.478060721e-13	104.5819754
232.3259803	-13.07360389	-0.003531437884	-1.410925767e-14	6.287797089e-13	118.6014126
232.3772965	11.98554408	0.01747920322	-2.64821039e-14	-1.419412115e-12	113.7930083
232.5769139	-54.18513786	-0.05689959749	1.605879677e-13	-2.249995325e-12	129.0227598
232.6575669	-36.01572271	-0.02850624719	-1.116501357e-13	2.431481803e-12	123.8114025
232.8490447	33.83788588	0.03385622356	-4.60779029e-14	-1.077578653e-12	109.3864575
232.9383633	49.68537261	0.04499391724	6.111292621e-14	7.971513905e-13	104.9820024
233.1177779	-13.09486648	-0.003536751673	2.948966884e-14	-1.855644043e-12	119.0014147
233.1856599	12.00724593	0.01743640404	7.188397239e-15	1.004511673e-12	114.1930254
233.3376126	-54.26988336	-0.05679987248	-2.061897116e-13	3.004261147e-12	129.4227199
233.4334929	-36.07379031	-0.02846296473	-1.467165638e-13	3.207716124e-12	124.2113852
233.6746458	33.89963738	0.03379131636	2.163085426e-14	4.404152663e-13	109.7864835
233.7819201	49.77931896	0.04492660541	-5.352085242e-14	-7.333338119e-13	105.3820294
233.9095892	-13.11609346	-0.003542001417	-1.433136866e-14	1.346031369e-12	119.4014168
233.9940088	12.02890993	0.01739387112	-3.20541791e-14	-1.507085311e-12	114.5930425
234.0983719	-54.35449777	-0.05670064425	3.244023892e-14	-4.483417745e-13	129.8226803
234.2094575	-36.13176455	-0.02841988234	9.134005419e-14	-2.322229657e-12	124.611368
234.5002005	33.96127664	0.03372677415	-1.500062384e-13	-3.340311495e-12	110.1865093
234.6253946	49.8730868	0.04485960726	6.401992413e-14	7.896070377e-13	105.7820562
234.7014143	-13.13728502	-0.003547187897	-1.537918536e-14	8.736532e-13	119.8014189
234.8023432	12.05053627	0.01735160184	1.52591513e-14	8.172670932e-13	114.9930594
234.8591914	-54.43898172	-0.05660190878	3.592048249e-14	-5.526383732e-13	130.2226408
234.9854607	-36.18964586	-0.02837699847	4.009763185e-14	-1.064940025e-12	125.0113508
235.3257089	34.02280426	0.03366259356	1.537831543e-13	3.49464062e-12	110.586535
235.4687871	49.96667716	0.04479292034	-1.637232356e-13	-2.082450074e-12	106.1820828
235.493253	-13.15844132	-0.003552311883	8.429466931e-15	-5.442717393e-13	120.2014209
235.6106632	12.07212516	0.01730959364	-8.448448006e-15	1.96946857e-13	115.3930762
235.620071	-54.52333579	-0.05650366206	-3.82264436e-14	5.696785516e-13	130.6226015
235.7615021	-36.2474347	-0.02833431159	-2.612765898e-14	6.159746793e-13	125.4113337
236.1511713	34.08422086	0.03359877124	-1.177073282e-15	-1.170185498e-13	110.9865605
236.2851052	-13.17956255	-0.003557374134	1.628339191e-14	-4.793084818e-13	120.6014229
236.3120981	50.06009104	0.04472654226	-1.691563611e-15	-3.961910633e-14	106.5821094
236.3810102	-54.60756059	-0.05640590017	1.753274294e-13	-2.470630948e-12	131.0225624
236.4189688	12.09367679	0.01726784399	-9.628105123e-15	-1.024949882e-12	115.7930929
236.5375816	-36.30513151	-0.02829182018	1.686274165e-15	2.3521716e-13	125.8113167
236.976588	34.14552703	0.03353530389	-1.194026111e-14	-3.754002615e-13	111.3865859
237.076971	-13.20064889	-0.003562375397	-1.424063398e-14	6.385205573e-13	121.001425
237.142009	-54.69165671	-0.0563086192	3.524765103e-15	-3.877761327e-14	131.4225234
237.1553281	50.15332943	0.0446604706	3.256051245e-14	4.271066358e-13	106.9821358
237.2272601	12.11519134	0.01722635037	-3.868439275e-14	-2.20657745e-12	116.1931095
237.3136991	-36.36273671	-0.02824952275	-5.685918844e-14	1.366224909e-12	126.2112998
237.8019592	34.20672337	0.03347218827	1.729408427e-14	2.798367975e-13	111.7866111
237.8688502	-13.22170049	-0.00356731641	3.061053583e-15	-2.553154815e-13	121.4014269
237.9030669	-54.77562474	-0.0562118153	-1.783917984e-13	2.544792003e-12	131.8224847
237.9984775	50.24639332	0.04459470302	2.464719646e-14	3.308052118e-13	107.3821621
238.0355372	12.13666902	0.01718511032	1.540060301e-14	1.604570934e-12	116.593126
238.0898543	-36.42025076	-0.02820741781	3.895477611e-14	-8.772117698e-13	126.611283
238.6272852	34.26781046	0.03340942115	-7.175473207e-15	-1.431131073e-13	112.1866362
238.6607427	-13.24271753	-0.003572197897	-3.781641292e-15	3.721724126e-13	121.8014289
238.6641837	-54.85946526	-0.05611548464	1.050320288e-14	-2.186084188e-13	132.2224462
238.8415468	50.33928368	0.04452923716	-1.418248703e-13	-1.838961697e-12	107.7821883
238.8438002	12.15811	0.01714412139	8.334970074e-15	9.187987876e-13	116.9931424
238.8660471	-36.47767408	-0.0281655039	-1.164846461e-14	1.12869296e-13	127.0112662
239.4253592	-54.94317884	-0.05601962348	-6.617216698e-14	9.762947105e-13	132.6224078
239.4525661	34.32878889	0.03334699936	3.941487686e-14	9.216408023e-13	112.5866612
239.4526486	-13.26370019	-0.003577020575	-1.844067779e-14	1.255925144e-12	122.2014308
239.6422773	-36.53500709	-0.02812377957	5.582974998e-14	-1.197754643e-12	127.4112495
239.6520491	12.17951449	0.01710338118	-6.457098339e-14	-4.316149926e-12	117.3931586
239.6845364	50.43200149	0.04446407071	-7.263397538e-14	-1.011134466e-12	108.1822144
240.186593	-55.02676608	-0.05592422806	-1.899628982e-14	2.027702344e-13	133.0223697
240.2445677	-13.28464863	-0.003581785148	2.567869771e-14	-1.778524289e-12	122.6014327
240.2778023	34.38965923	0.03328491978	-2.084670088e-13	-4.564313767e-12	112.986686
240.4185447	-36.59225023	-0.02808224338	-3.649560237e-14	8.508042067e-13	127.8112329
240.460284	12.20088265	0.01706288731	1.827793963e-14	7.017497699e-13	117.7931748
240.5274468	50.52454769	0.04439920139	1.219089262e-13	1.629387031e-12	108.5822403
240.947885	-55.11022752	-0.05582929471	2.658574012e-13	-3.985107238e-12	133.4223317
241.0364999	-13.30556302	-0.003586492311	-1.74447328e-14	1.827901234e-12	123.0014346
241.102994	34.45042205	0.03322317931	1.754747223e-13	4.100751917e-12	113.3867107
241.1948492	-36.64940391	-0.02804089391	6.988250768e-14	-1.607487015e-12	128.2112164
241.2685051	12.22221469	0.01702263745	4.683282012e-15	6.087736064e-13	118.1931909
241.3702784	50.61692324	0.04433462692	5.03131024e-15	1.078814323e-13	108.9822661
241.7092348	-55.19356375	-0.05573481978	-8.240647407e-15	1.337450164e-13	133.8222939
241.8284453	-13.32644352	-0.003591142749	-7.164584046e-15	2.998630501e-13	123.4014365
241.9281414	34.51107794	0.03316177489	1.801162081e-14	3.221227099e-13	113.7867353
241.9711905	-36.70646856	-0.02799972976	4.711933696e-14	-1.193526423e-12	128.6111999
242.0767122	12.24351077	0.01698262926	6.063800531e-14	3.427950327e-12	118.5932069
242.2130316	50.70912908	0.04427034507	-3.35459009e-14	-4.240826078e-13	109.3822919
242.4706423	-55.27677532	-0.05564079965	-1.946726099e-13	2.807798722e-12	134.2222563
242.6204036	-13.3472903	-0.003595737136	-4.131799796e-15	1.073932912e-13	123.8014383
242.7475685	-36.76344459	-0.02795874954	-1.035975082e-14	2.682750585e-13	129.0111835
242.7532447	34.57162743	0.03310070351	-1.067223301e-13	-2.517400827e-12	114.1867597
242.8849056	12.26477108	0.01694286048	-1.947794827e-14	-1.672572976e-12	118.9932229
243.0557068	50.80116614	0.04420635362	-9.170489992e-14	-1.187309569e-12	109.7823175
243.232107	-55.35986279	-0.05554723076	4.99047531e-14	-7.513345375e-13	134.6222189
243.412375	-13.36810352	-0.003600276137	7.543796562e-14	-5.150247392e-12	124.2014401
243.5239831	-36.8203324	-0.02791795187	7.264091105e-14	-1.762243478e-12	129.4111672
243.5783042	34.63207111	0.03303996219	5.998040976e-14	1.254655087e-12	114.586784
243.6930853	12.28599581	0.01690332884	1.759928674e-15	8.510222078e-13	119.3932387
243.8983046	50.89303534	0.04414265036	5.625002314e-14	7.190506125e-13	110.1823429
243.9936289	-55.44282672	-0.05545410959	-3.846609782e-14	5.912730646e-13	135.0221816
244.2043593	-13.38888334	-0.003604760409	-7.376933509e-14	5.104580541e-12	124.6014419
244.300434	-36.87713241	-0.02787733539	-2.301720956e-13	5.830186707e-12	129.8111509
244.40332	34.69240951	0.03297954799	-1.361877686e-14	-3.248713576e-13	114.9868082
244.5012513	12.30718512	0.01686403212	5.794547108e-15	-4.675171848e-13	119.7932544
244.7408252	50.9847376	0.04407923313	-6.916454696e-14	-9.248042171e-13	110.5823683
244.7552076	-55.52566765	-0.05536143262	2.854491722e-14	-4.243986122e-13	135.4221446
244.9963564	-13.40962992	-0.003609190597	1.48506639e-14	-8.993836505e-13	125.0014437
245.0769212	-36.93384503	-0.02783689875	1.068397386e-13	-2.473440124e-12	130.2111348
245.2282926	34.75264319	0.03291945801	-1.144131287e-14	-2.926753186e-13	115.3868322
245.3094038	12.3283392	0.01682496811	-8.829461931e-15	-5.66240324e-13	120.19327
245.5168429	-55.60838613	-0.05526919642	1.905621402e-15	-7.819520714e-14	135.8221077
245.5832692	51.07627383	0.04401609979	2.406409118e-13	3.171173593e-12	110.9823936
245.7883664	-13.43034342	-0.003613567339	1.381503639e-14	-8.077343599e-13	125.4014454
245.8534443	-36.99047065	-0.02779664063	6.272470387e-14	-1.774683073e-12	130.6111187
246.0532219	34.81277269	0.03285968937	2.27720018e-14	5.539718641e-13	115.7868561
246.1175427	12.34945822	0.01678613465	1.933298337e-15	-8.528129537e-14	120.5932855
246.2785345	-55.69098269	-0.05517739757	-1.259027709e-13	1.841721142e-12	136.222071
246.4256369	51.16764493	0.04395324819	-4.962707312e-13	-6.630979149e-12	111.3824187
246.580389	-13.45102401	-0.003617891263	3.948096619e-14	-2.989982683e-12	125.8014472
246.6300034	-37.04700967	-0.0277565597	-1.487602099e-13	3.374951607e-12	131.0111026
246.8781084	34.87279854	0.03280023924	1.350043446e-13	2.854349787e-12	116.1868799
246.9256682	12.37054235	0.0167475296	-7.245667104e-15	-1.368703107e-13	120.993301
247.0402822	-55.77345789	-0.05508603267	7.680182041e-14	-1.055798879e-12	136.6220344
247.2679287	51.25885177	0.04389067625	3.111905e-13	4.190777584e-12	111.7824437
247.3724243	-13.47167182	-0.003622162988	-7.061460305e-14	4.92790397e-12	126.2014489
247.4065981	-37.1034625	-0.02771665466	1.578025974e-13	-3.927168804e-12	131.4110867
247.7029521	34.93272129	0.03274110483	-1.038878688e-13	-2.465579841e-12	116.5869036
247.7337803	12.39159177	0.01670915083	5.379568848e-15	4.288336303e-13	121.3933163
247.8020857	-55.85581224	-0.0549950984	-2.428826338e-14	1.896072025e-13	137.021998
248.1101451	51.34989526	0.04382838186	1.128069312e-14	1.679232031e-13	112.1824686
248.1644723	-13.49228703	-0.003626383124	1.374351561e-14	-5.563463533e-13	126.6014506
248.1832283	-37.15982952	-0.02767692422	-9.562876207e-14	2.32914437e-12	131.8110708
248.5277533	34.99254146	0.03268228337	9.357727404e-16	-2.221463972e-14	116.9869271
248.5418792	12.41260665	0.01667099627	-6.096145686e-14	-4.1901509e-12	121.7933316
248.5639449	-55.93804629	-0.05490459143	-1.084024435e-13	1.572617475e-12	137.4219618
248.9522865	51.44077626	0.04376636299	1.673103291e-13	2.201408831e-12	112.5824935
248.9565328	-13.51286979	-0.003630552273	2.300071287e-14	-1.572670378e-12	127.0014522
248.959894	-37.21611112	-0.02763736709	9.281599294e-14	-2.417111605e-12	132.2110549
249.3258594	-56.02016055	-0.0548145085	1.627438449e-13	-2.461916572e-12	137.8219258
249.3499648	12.43358716	0.01663306384	5.708765987e-14	3.520052628e-12	122.1933468
249.3525123	35.05225958	0.03262377212	-7.038499062e-15	-1.296048477e-13	117.3869505
249.7365948	-37.2723077	-0.02759798202	-6.541727552e-14	1.613001418e-12	132.6110392
249.7486057	-13.53342024	-0.003634671029	-2.221689711e-14	1.328689634e-12	127.4014539
249.7943532	51.53149564	0.04370461757	-9.36393679e-14	-1.22505598e-12	112.9825182
250.087829	-56.10215555	-0.05472484637	-1.638484682e-13	2.466219979e-12	138.2218899
250.1580372	12.45453346	0.01659535152	1.117907453e-14	7.757930635e-13	122.5933619
250.1772292	35.11187617	0.03256556839	-9.933596238e-14	-2.222177463e-12	117.7869738
250.5133307	-37.32841963	-0.02755876774	-1.036772177e-13	2.852521017e-12	133.0110235
250.5406911	-13.55393854	-0.003638739977	1.777523436e-14	-1.712859187e-12	127.8014555
250.6363456	51.62205425	0.0436431436	-1.700151561e-13	-2.22656372e-12	113.3825427
250.8498535	-56.18403181	-0.05463560182	2.614721513e-13	-3.821596541e-12	138.6218542
250.9660965	12.47544572	0.01655785728	-6.798836981e-14	-3.728740242e-12	122.9933769
251.0019043	35.17139174	0.03250766952	1.944705146e-13	4.668398359e-12	118.1869969
251.2901015	-37.3844473	-0.02751972303	1.247202001e-13	-2.981252634e-12	133.4110079
251.3327889	-13.57442484	-0.003642759693	3.422429755e-15	-3.875452815e-13	128.2014571
251.4782642	51.71245296	0.04358193908	1.455614819e-13	1.961658465e-12	113.7825672
251.6119327	-56.26578984	-0.0545467717	-1.608991113e-13	2.348577084e-12	139.0218187
251.7741427	12.49632411	0.01652057914	4.164206697e-14	2.659523004e-12	123.3933918
251.8265378	35.2308068	0.03245007287	-6.580494165e-14	-1.492136959e-12	118.58702
252.0669071	-37.44039108	-0.02748084665	-8.937500583e-15	1.170915219e-13	133.8109923
252.124899	-13.59487929	-0.003646730747	1.724449736e-14	-5.716428912e-13	128.6014587
252.3201093	51.8026926	0.04352100202	-6.047448507e-14	-7.734510438e-13	114.1825916
252.3740662	-56.34743015	-0.05445835285	3.074456363e-14	-4.190556218e-13	139.4217833
252.582176	12.51716879	0.01648351514	2.838283097e-14	2.723415249e-12	123.7934066
252.6511298	35.29012187	0.03239277583	-5.46474696e-14	-1.49325617e-12	118.9870429
252.8437472	-37.49625136	-0.02744213739	4.995269571e-14	-1.218769055e-12	134.2109769
252.9170214	-13.61530204	-0.003650653701	-6.935108437e-15	2.013990254e-13	129.0014603
253.1362539	-56.42895324	-0.05437034218	-5.430553807e-14	8.030558615e-13	139.8217481
253.1618813	51.89277401	0.04346033047	1.582531106e-13	2.199029103e-12	114.5826159
253.3901963	12.53797992	0.01644666334	-5.711848925e-14	-3.746739231e-12	124.1934213
253.4756807	35.34933744	0.03233577585	-3.795495024e-15	-6.520373007e-14	119.3870657
253.6206218	-37.5520285	-0.02740359405	-1.789288559e-13	4.587350848e-12	134.6109614
253.7091559	-13.63569323	-0.003654529106	-3.276628484e-14	1.130106629e-12	129.4014618
253.8984956	-56.51035963	-0.05428273661	-2.407472742e-13	3.667017654e-12	140.2217131
254.0035807	51.98269802	0.0433999225	-2.451229363e-13	-3.310892599e-12	114.98264
254.1982038	12.55875767	0.01641002183	1.016000668e-14	7.734079493e-13	124.593436
254.3001905	35.40845402	0.03227907037	7.511992816e-14	1.815484825e-12	119.7870884
254.3975307	-37.60772287	-0.02736521543	1.775642999e-13	-4.251927016e-12	135.0109461
254.5013026	-13.65605301	-0.003658357509	-4.076338148e-14	3.141907565e-12	129.8014633
254.6607909	-56.59164981	-0.0541955331	3.597826261e-13	-5.438942896e-12	140.6216782
254.8452076	52.07246545	0.04333977618	3.139828708e-14	3.705015853e-13	115.3826641
255.0061985	12.5795022	0.01637358871	-2.25841035e-14	-1.363786221e-12	124.9934506
255.1246595	35.4674721	0.03222265689	-3.776701621e-14	-9.011257988e-13	120.1871109
255.1744736	-37.66333485	-0.02732700036	3.167137325e-14	-6.124435817e-13	135.4109308
255.2934614	-13.67638153	-0.003662139448	3.151638164e-14	-2.832521243e-12	130.2014649
255.4231398	-56.67282428	-0.05410872864	-1.649134816e-13	2.492614788e-12	141.0216435
255.6867627	52.16207713	0.04327988961	1.067888519e-13	1.497778398e-12	115.782688
255.8141804	12.60021366	0.01633736212	4.084154926e-14	2.342580562e-12	125.3934651
255.949088	35.52639217	0.03216653293	4.802085556e-14	1.262325175e-12	120.5871334
255.9514506	-37.71886479	-0.02728894768	-8.659683782e-14	2.010872452e-12	135.8109156
256.0856322	-13.69667892	-0.003665875453	1.972342408e-14	-1.225661531e-12	130.6014664
256.1855419	-56.75388352	-0.05402232026	-5.381451579e-14	8.890110686e-13	141.4216089
256.5282461	52.25153384	0.04322026092	1.279167023e-13	1.851399887e-12	116.1827119
256.6221497	12.62089222	0.01630134021	-1.387065787e-14	-1.135220378e-12	125.7934795
256.7284614	-37.77431306	-0.02725105622	-7.63401638e-14	1.840775003e-12	136.2109004
256.773476	35.58521472	0.03211069604	-7.537515839e-14	-1.821131223e-12	120.9871557
256.877815	-13.71694534	-0.003669566049	-5.854398583e-14	4.387786699e-12	131.0014678
256.947997	-56.83482804	-0.053936305	2.6159731e-13	-3.957087157e-12	141.8215745
257.3696584	52.34083641	0.04316088825	-1.312483453e-13	-1.75904564e-12	116.5827356
257.4301063	12.64153802	0.01626552116	1.818070494e-14	1.5927043e-12	126.1934938
257.5055058	-37.82968002	-0.02721332484	6.759142804e-14	-1.500560084e-12	136.6108853
257.5978239	35.64394022	0.03205514379	-1.612785552e-14	-3.219364294e-13	121.3871779
257.6700097	-13.73718092	-0.003673211752	4.625758022e-14	-3.634558233e-12	131.4014693
257.710505	-56.91565831	-0.05385067994	-1.37393418e-13	2.080166672e-12	142.2215403
258.2109998	52.42998561	0.04310176975	-1.705060613e-13	-2.345234504e-12	116.9827593
258.2380504	12.66215123	0.01622990317	-2.404422e-14	-1.307386707e-12	126.593508
258.2825838	-37.88496602	-0.02717575242	8.093349156e-14	-1.979226083e-12	137.0108703
258.4221317	35.70256917	0.0319998738	-1.092304475e-15	2.178719947e-13	121.7872001
258.4622163	-13.7573858	-0.003676813071	-8.555937236e-15	1.347339622e-12	131.8014707
258.4730655	-56.99637481	-0.05376544221	2.917203735e-13	-4.475011451e-12	142.6215062
259.045982	12.68273199	0.01619448446	4.778553161e-15	2.356945704e-13	126.9935222
259.0522707	52.51898224	0.04304290359	1.958061869e-14	2.975560031e-13	117.3827828
259.0596952	-37.94017142	-0.02713833783	-1.123526145e-13	3.06454942e-12	137.4108553
259.2356784	-57.07697804	-0.05368058894	-4.060046932e-13	6.199738177e-12	143.0214722
259.2463998	35.76110203	0.03194488369	1.740769701e-13	4.082400769e-12	122.187222
259.2544347	-13.77756012	-0.003680370508	5.821476428e-14	-4.768255449e-12	132.2014721
259.8368398	-37.99529657	-0.02710107997	-3.074206663e-14	6.354071229e-13	137.8108404
259.8539011	12.70328047	0.01615926327	-1.669386224e-14	-8.10657375e-13	127.3935363
259.8934714	52.60782708	0.04298428799	1.898846391e-13	2.603537208e-12	117.7828063
259.9983434	-57.15746845	-0.0535961173	4.453909181e-15	-1.136985253e-13	143.4214384
260.0466648	-13.79770402	-0.003683884559	-5.561284125e-14	4.542192039e-12	132.6014736
260.0706282	35.81953927	0.03189017113	-1.512356769e-13	-4.137297234e-12	122.5872439
260.6140175	-38.05034182	-0.02706397772	2.170259674e-13	-4.979734198e-12	138.2108256
260.6618079	12.7237968	0.01612423787	1.598608486e-14	6.344424054e-13	127.7935503
260.7346025	52.69652091	0.04292592114	-8.933552127e-14	-1.291503153e-12	118.1828296
260.7610603	-57.23784653	-0.0535120245	6.541865202e-14	-1.05610002e-12	143.8214048
260.8389067	-13.81781764	-0.003687355713	6.164604698e-14	-4.536286259e-12	133.0014749
260.8948173	35.87788137	0.03183573381	8.410458617e-15	3.747364989e-15	122.9872657
261.3912282	-38.10530752	-0.02702703002	-7.953458467e-14	2.05281811e-12	138.6108108
261.4697024	12.74428115	0.01608940654	4.291065204e-14	2.279642229e-12	128.1935642
261.523829	-57.31811274	-0.05342830775	-5.434681023e-15	3.348961278e-14	144.2213713
261.5756641	52.78506448	0.04286780127	1.833634818e-13	2.462820515e-12	118.5828529
261.6311602	-13.83790112	-0.003690784452	-8.701995334e-14	4.369189531e-12	133.4014763
261.7189671	35.93612878	0.03178156944	1.516655955e-14	4.410837883e-13	123.3872874
262.1684717	-38.160194	-0.02699023577	-5.356123087e-15	-3.252155723e-14	139.0107961
262.2775845	12.76473366	0.01605476759	3.368642136e-15	2.856438992e-13	128.5935781
262.2866492	-57.39826756	-0.05334496433	8.329147984e-14	-1.203983448e-12	144.621338
262.4166566	52.87345856	0.04280992664	-2.31309356e-13	-3.180002363e-12	118.982876
262.4234253	-13.85795458	-0.003694171253	-4.873651584e-14	3.420194565e-12	133.8014777
262.5430779	35.99428196	0.03172767577	-6.173134721e-14	-1.385077575e-12	123.7873089
262.9457478	-38.21500162	-0.02695359391	-6.6235702e-14	1.672287846e-12	139.4107814
263.0495206	-57.47831143	-0.0532619915	1.706839633e-13	-2.619930928e-12	145.0213048
263.0854545	12.78515449	0.01602031933	-7.162192188e-14	-2.938092679e-12	128.9935919
263.215702	-13.87797817	-0.003697516585	5.877394902e-14	-4.334882944e-12	134.201479
263.2575804	52.96170392	0.04275229552	1.094822657e-13	1.568529379e-12	119.3828991
263.3671498	36.05234138	0.03167405056	1.448807571e-13	2.951072748e-12	124.1873304
263.7230564	-38.26973071	-0.02691710339	3.725103965e-14	-7.532517994e-13	139.8107668
263.8124431	-57.55824482	-0.05317938659	-2.774684909e-13	4.176372632e-12	145.4212718
263.8933123	12.80554376	0.01598606012	1.308684273e-14	1.207500854e-12	129.3936056
264.0079901	-13.89797201	-0.00370082091	-2.415803252e-14	1.425725493e-12	134.6014803
264.0984358	53.04980128	0.04269490617	-1.872475462e-13	-2.520308665e-12	119.782922
264.1911831	36.11030747	0.03162069161	-4.414802948e-13	-1.041876288e-11	124.5873517
264.5003975	-38.3243816	-0.02688076316	-4.228042228e-14	1.210029413e-12	140.2107523
264.5754165	-57.63806819	-0.05309714693	1.730132353e-13	-2.650832527e-12	145.8212389
264.701158	12.82590164	0.01595198832	2.245614872e-14	-8.594289915e-13	129.7936192
264.8002897	-13.91793624	-0.003704084687	5.647734406e-14	-4.239973865e-12	135.0014816
264.9392233	53.1377514	0.04263775691	1.8396534e-13	2.421771175e-12	120.1829449
265.015178	36.1681807	0.03156759674	3.538408352e-13	8.538974933e-12	124.987373
265.2777708	-38.37895463	-0.02684457219	-6.353030995e-14	1.513549459e-12	140.6107378
265.3384405	-57.71778199	-0.05301526989	-3.856003993e-13	5.855572858e-12	146.2212061
265.5089917	12.84622827	0.01591810232	-3.769927885e-15	-4.141940166e-13	130.1936328
265.5926007	-13.93787099	-0.003707308366	-5.033770687e-14	3.747616479e-12	135.4014829
265.779943	53.22555502	0.04258084604	-1.028686802e-13	-1.300608872e-12	120.5829677
265.8391345	36.2259615	0.03151476379	1.30250247e-13	3.036114859e-12	125.3873941
266.0551762	-38.43345014	-0.02680852944	1.328972085e-13	-3.282045398e-12	141.0107234
266.101515	-57.79738667	-0.05293375285	2.426602911e-13	-3.743980785e-12	146.6211735
266.3168134	12.86652378	0.0158844005	6.157313886e-14	4.238182018e-12	130.5936462
266.3849231	-13.95777639	-0.003710492392	-2.561699606e-14	1.636430861e-12	135.8014842
266.6205953	53.31321285	0.04252417191	-4.702407608e-14	-6.575386583e-13	120.9829903
266.663053	36.28365032	0.03146219062	-4.21725454e-15	-1.482477202e-13	125.7874151
266.8326136	-38.48786845	-0.02677263391	-3.499961827e-14	8.779222768e-13	141.4107091
266.8646397	-57.87688268	-0.05285259324	1.036504836e-13	-1.603703315e-12	147.021141
267.1246231	12.88678833	0.0158508813	-1.120722037e-13	-7.595826595e-12	130.9936596
267.1772567	-13.97765257	-0.003713637205	6.956124975e-14	-3.578236647e-12	136.2014855
267.4611807	53.40072563	0.04246773285	2.936302422e-13	4.085537461e-12	121.3830129
267.4869335	36.3412476	0.03140987514	3.603080069e-14	8.221471606e-13	126.187436
267.6100828	-38.54220989	-0.02673688458	-8.63971019e-14	2.120569329e-12	141.8106948
267.6278145	-57.95627045	-0.05277178849	1.048829551e-14	-8.717138136e-14	147.4211087
267.932421	12.90702206	0.01581754316	1.468009923e-13	1.010486441e-11	131.393673
267.9696016	-13.99749966	-0.003716743237	3.835567125e-14	-3.273713942e-12	136.6014867
268.3016993	53.48809407	0.04241152723	-1.229573028e-13	-1.733313993e-12	121.7830354
268.3107763	36.39875376	0.03135781526	-7.424952879e-14	-1.844432548e-12	126.5874569
268.3875838	-38.59647479	-0.02670128046	5.524069915e-14	-1.307842005e-12	142.2106805
268.3910391	-58.03555044	-0.05269133608	-1.903406612e-13	3.009413701e-12	147.8210765
268.7402071	12.92722509	0.01578438453	-8.978809357e-14	-6.946537197e-12	131.7936862
268.7619577	-14.01731778	-0.003719810916	-1.033231312e-13	6.142788292e-12	137.0014879
269.1345815	36.45616925	0.03130600891	2.608272406e-14	7.065145984e-13	126.9874776
269.1421516	53.57531889	0.04235555344	-1.275872052e-14	-2.175888028e-13	122.1830578
269.1543133	-58.11472308	-0.0526112335	2.232465728e-13	-3.470342167e-12	148.2210445
269.1651163	-38.65066346	-0.02666582057	5.729401886e-14	-1.476249557e-12	142.6106663
269.5479814	12.94739758	0.01575140389	3.682761004e-14	3.413638772e-12	132.1936994
269.5543249	-14.03710706	-0.003722840665	1.09099597e-13	-6.665151335e-12	137.4014891
269.9176369	-58.1937888	-0.05253147826	3.670823205e-13	-5.816214628e-12	148.6210126
269.9426802	-38.70477623	-0.02663050392	2.999691358e-14	-5.030142676e-13	143.0106522
269.9583493	36.51349448	0.03125445407	-9.637146098e-14	-2.115185223e-12	127.3874982
269.9825378	53.66240079	0.04229980987	-1.20619591e-13	-1.555489584e-12	122.5830801
270.3467032	-14.05686763	-0.0037258329	-5.71217264e-14	4.015232911e-12	137.8014903
270.3557439	12.96753967	0.01571859973	-2.383987602e-14	-1.882362751e-12	132.5937126
270.6810098	-58.27274803	-0.05245206791	-6.896189338e-13	1.072265705e-11	149.0209808
270.7202755	-38.75881341	-0.02659532954	-1.906139705e-13	4.792025614e-12	143.4106381
270.78208	36.57072989	0.0312031487	-4.096423466e-15	-1.384488312e-13	127.7875187
270.8228583	53.74934047	0.04224429493	2.126516397e-13	3.030338535e-12	122.9831023
271.1390926	-14.07659962	-0.003728788032	-6.081871179e-14	3.741774056e-12	138.2014915
271.1634949	12.98765148	0.01568597056	-1.222882753e-14	-3.436870105e-13	132.9937256
271.4444317	-58.35160122	-0.05237300001	2.092189241e-13	-3.241161664e-12	149.4209492
271.4979019	-38.81277533	-0.02656029649	2.30035597e-13	-5.878228893e-12	143.8106241
271.6057736	36.62787589	0.03115209084	8.116560617e-14	2.004812933e-12	128.1875392
271.6631135	53.83613863	0.04218900705	1.693209615e-13	2.362014176e-12	123.3831244
271.931493	-14.09630313	-0.003731706466	2.897118622e-14	-2.75301291e-12	138.6014927
271.9712342	13.00773315	0.01565351491	-5.015661803e-14	-3.339416067e-12	133.3937386
272.2079024	-58.43034877	-0.05229427215	1.480533282e-13	-2.331244748e-12	149.8209177
272.2755594	-38.86666229	-0.0265254038	-9.139991579e-14	2.285088484e-12	144.2106102
272.4294303	36.6849329	0.03110127849	2.523610512e-14	5.752002451e-13	128.5875595
272.5033035	53.92279595	0.04213394467	-3.459646982e-13	-4.823871072e-12	123.7831464
272.7239044	-14.11597831	-0.003734588604	-8.87190341e-15	6.311310358e-13	139.0014938
272.7789619	13.02778483	0.01562123132	5.941012553e-14	3.213882847e-12	133.7937515
272.9714218	-58.50899111	-0.05221588195	-1.36770769e-13	2.104300508e-12	150.2208864
273.0532478	-38.92047461	-0.02649065054	-8.301715971e-14	2.222523469e-12	144.6105963
273.2530503	36.74190133	0.03105070972	-5.41312041e-14	-1.505338301e-12	128.9875797
273.3434288	54.00931312	0.04207910625	2.484796109e-13	3.488414311e-12	124.1831684
273.5163266	-14.13562526	-0.00373743484	-3.533305279e-14	1.725207852e-12	139.401495
273.5866781	13.04780664	0.01558911836	4.817585572e-15	5.978282499e-13	134.1937644
273.7349896	-58.58752868	-0.05213782705	-9.793901683e-15	1.446610089e-13	150.6208551
273.830967	-38.97421259	-0.02645603577	1.064437072e-13	-2.893616417e-12	145.0105824
274.0766338	36.7987816	0.0310003826	-1.866897474e-13	-4.497619675e-12	129.3875998
274.1834896	54.09569081	0.04202449025	-2.504873425e-13	-3.538230799e-12	124.5831902
274.3087597	-14.15524412	-0.003740245565	5.240033549e-14	-4.561974849e-12	139.8014961
274.3943829	13.06779872	0.01555717459	6.368520362e-14	4.732370405e-12	134.5937771
274.4986057	-58.66596187	-0.05206010509	3.898146096e-14	-6.083772928e-13	151.020824
274.6087168	-39.02787655	-0.02642155858	-4.641497098e-14	1.206592454e-12	145.4105686
274.900181	36.85557412	0.03095029522	1.099754867e-13	2.63660948e-12	129.7876199
275.0234863	54.18192971	0.04197009517	3.590600922e-14	5.07409422e-13	124.983212
275.1012036	-14.174835	-0.003743021164	-5.081212853e-14	2.91649751e-12	140.2014972
275.2020763	13.08776119	0.01552539862	-2.39488975e-14	-1.8708462e-12	134.9937898
275.2622698	-58.74429111	-0.05198271377	3.99900763e-14	-6.174339345e-13	151.4207931
275.3864972	-39.08146678	-0.02638721804	-6.799249605e-14	1.904555961e-12	145.8105549
275.723692	36.91227929	0.0309004457	1.379720557e-13	3.40105254e-12	130.1876398
275.8634191	54.26803046	0.0419159195	-1.119312232e-13	-1.589737684e-12	125.3832336
275.8936583	-14.19439801	-0.003745762016	-2.631053081e-14	1.855753771e-12	140.6014983
276.0097583	13.1076942	0.01549378906	-6.809852319e-14	-4.300688964e-12	135.3938025
276.0259819	-58.82251681	-0.05190565079	-2.751769654e-13	4.277562944e-12	151.8207623
276.164308	-39.1349836	-0.02635301324	1.25500424e-13	-2.90199227e-12	146.2105412
276.547167	36.96889751	0.03085083218	-2.876935715e-14	-1.088854317e-12	130.5876597
276.6861237	-14.21393329	-0.003748468498	2.601389012e-14	-2.418639827e-12	141.0014994
276.7032884	54.35399375	0.04186196177	-2.798447586e-14	-4.112280542e-13	125.7832552
276.7897416	-58.90063938	-0.05182891387	1.389212062e-13	-2.080924658e-12	152.2207316
276.817429	13.12759787	0.01546234452	-4.884507559e-14	-3.171750202e-12	135.7938151
276.9421491	-39.1884273	-0.0263189433	-4.970140442e-14	1.235240311e-12	146.6105276
277.3706061	37.02542917	0.0308014528	-2.907990788e-14	-3.269121772e-13	130.9876794
277.4785998	-14.23344095	-0.00375114098	-7.42205359e-14	5.261125424e-12	141.4015005
277.5430945	54.43982022	0.04180822049	-1.590484455e-13	-2.177913363e-12	126.1832767
277.5535488	-58.97865923	-0.05175250076	-4.148093044e-14	7.747050666e-13	152.620701
277.6250885	13.14747232	0.01543106365	1.086898675e-13	6.635868598e-12	136.1938276
277.7200204	-39.24179818	-0.02628500733	3.30411856e-13	-8.226073881e-12	147.010514
