200.0139942	-99.04963204	-0.1559025483	-1.670266817e-13	1.250069659e-12	64.59020057
200.0454365	75.10506711	0.09770988058	5.320676348e-14	4.684154729e-13	49.42273114
200.2369477	-15.50108836	0.008614348447	-6.309256628e-15	1.507382032e-12	56.55364126
200.2927164	87.60819391	0.1035689695	-8.202750589e-14	-5.650694413e-13	47.86587356
200.4065087	-82.80476518	-0.1094438243	-1.748939265e-13	1.622052506e-12	62.57987641
200.4291319	59.19048385	0.0844876394	1.229423888e-15	1.50436557e-13	51.20344719
200.5193926	12.4402784	0.03932136384	1.321937474e-14	9.892941737e-14	54.7690397
200.5234111	-41.77692705	-0.02679188863	-5.372468791e-14	8.836345139e-13	58.56150931
200.5780658	-64.14712338	-0.06628470559	6.524355257e-14	-1.117987161e-12	60.57028549
200.585228	38.2557791	0.06480470899	8.228087147e-14	1.443778971e-12	52.98559895
200.7584751	-99.22308738	-0.1555832198	5.514141962e-14	-4.194248997e-13	64.81235183
200.8947817	75.2725285	0.09752149018	9.169510214e-14	8.027209271e-13	49.64499522
201.0303363	-15.5286055	0.008551985798	-5.110422529e-15	-5.211546137e-13	56.77587734
201.1571893	87.80983978	0.1034258938	6.783021425e-14	4.885148611e-13	48.08812758
201.1626321	-82.95360751	-0.1092317293	6.924908051e-14	-5.412310465e-13	62.8020515
201.2637542	59.31853901	0.0842914365	-7.641335847e-14	-6.279244766e-13	51.42571301
201.3039593	-41.85450396	-0.02677308061	2.748926429e-14	-7.560113796e-13	58.78372735
201.3260717	12.46822859	0.03919340621	1.296725305e-16	-4.18854602e-14	54.99129035
201.3462024	-64.26497307	-0.06617350891	-1.494251834e-13	1.92578609e-12	60.792483
201.4056406	38.33724132	0.0646305703	-6.504332644e-14	-1.21990159e-12	53.20785987
201.5030507	-99.39624416	-0.1552657024	3.111306843e-13	-2.409157338e-12	65.03450349
201.7440168	75.43961409	0.09733422491	-1.216286349e-13	-1.03351519e-12	49.86725906
201.823738	-15.55606903	0.008490162653	-5.032516875e-16	-1.217830488e-13	56.9981133
201.9188329	-83.1021858	-0.1090208204	4.845615252e-14	-4.814494603e-13	63.02422685
202.0215137	88.01101678	0.1032833652	-1.291587534e-13	-8.397260565e-13	48.31038147
202.0845441	-41.93193448	-0.02675426117	3.111653711e-14	-9.338181216e-13	59.00594539
202.098302	59.44631788	0.08409655816	4.536638491e-14	3.61547769e-13	51.64797854
202.1143971	-64.38260719	-0.06606288456	4.08262743e-14	-6.09786e-13	61.01468064
202.1327375	12.49612262	0.03906641398	-2.622630154e-14	-9.399920405e-13	55.2135408
202.2260108	38.4185342	0.06445767785	-2.303308603e-14	-4.83190356e-13	53.43012052
202.2477207	-99.5691039	-0.1549499796	3.328533741e-14	-1.978768982e-13	65.25665555
202.5931427	75.60632641	0.09714807348	8.869775063e-14	8.683780047e-13	50.08952265
202.6171526	-15.58347925	0.008428872436	2.519448724e-14	-4.509413016e-13	57.22034914
202.6751106	-83.25050147	-0.1088110866	-1.208847505e-13	1.091900086e-12	63.24640246
202.8651655	-42.00921944	-0.02673543129	-2.251469763e-14	4.002458401e-13	59.22816343
202.8826496	-64.50002692	-0.06595282761	-1.603379623e-13	2.039048957e-12	61.23687841
202.8856908	88.21172815	0.1031413815	1.088998342e-13	6.978253064e-13	48.53263525
202.9327759	59.57382223	0.08390298969	5.833135136e-14	7.625251776e-13	51.87024378
202.9393901	12.52396081	0.03894037595	1.321575319e-14	1.570941977e-12	55.43579103
202.9924845	-99.74166814	-0.1546360348	-1.784185249e-13	1.390876882e-12	65.47880801
203.0463389	38.49965881	0.06428601742	4.428608095e-14	6.380948534e-13	53.65238089
203.4105801	-15.61083648	0.008368108676	-2.292987779e-14	1.204115835e-12	57.44258486
203.4314649	-83.3985559	-0.1086025173	1.947290301e-13	-1.861520298e-12	63.46857834
203.4421601	75.77266794	0.09696302475	-1.217076395e-13	-9.757852689e-13	50.31178599
203.6458232	-42.08635965	-0.02671659192	2.460243832e-14	-4.622624728e-13	59.45038146
203.6509596	-64.61723344	-0.06584333315	2.646121044e-13	-3.433728866e-12	61.4590763
203.7373416	-99.91393838	-0.1543238519	-2.051306343e-13	1.631677112e-12	65.70096086
203.7460294	12.55174352	0.03881528109	-1.781475719e-14	-1.235027829e-12	55.65804105
203.7497214	88.41197712	0.1029999404	-9.268449648e-14	-5.99524421e-13	48.7548889
203.7671762	59.70105383	0.08371071663	-1.63189562e-14	-2.265893293e-13	52.09250873
203.8666251	38.58061617	0.06411557501	-4.795356905e-14	-5.366062649e-13	53.87464098
204.1878954	-83.54635047	-0.1083951019	-7.345345842e-14	6.632772519e-13	63.69075447
204.2040203	-15.63814102	0.008307865005	1.336201852e-15	-1.20418822e-12	57.66482047
204.2910696	75.93864116	0.09677906772	3.071415986e-14	1.834468701e-13	50.5340491
204.4193267	-64.7342279	-0.06573439637	-5.624848441e-14	6.443831141e-13	61.68127431
204.4265171	-42.16335593	-0.02669774397	-3.520418514e-14	3.124567016e-13	59.6725995
204.4822916	-100.0859161	-0.1540134151	6.968179392e-13	-5.457704499e-12	65.92311409
204.5526557	12.57947106	0.03869111854	-1.132740388e-14	-2.876759355e-13	55.88029086
204.6015035	59.82801443	0.08351972475	1.494455335e-13	2.098084256e-12	52.31477339
204.6136066	88.61176686	0.1028590397	-4.259517615e-14	-2.841986625e-13	48.97714244
204.6868698	38.66140733	0.06394633685	-9.923821509e-15	-7.339895613e-14	54.09690081
204.9444015	-83.69388654	-0.1081888299	-9.337348727e-14	9.583915342e-13	63.91293085
204.9974733	-15.66539317	0.008248135153	-9.529414959e-15	5.684133093e-13	57.88705597
205.139872	76.10424849	0.09659619157	6.405259465e-14	5.468042188e-13	50.75631196
205.1877506	-64.85101145	-0.06562601249	4.529680401e-15	-6.802080807e-14	61.90347245
205.2072468	-42.24020908	-0.02667888837	-2.335933265e-14	2.549561526e-13	59.89481753
205.227334	-100.2576028	-0.1537047084	-4.985751053e-13	3.824799333e-12	66.14526771
205.3592689	12.60714376	0.03856787761	2.363231594e-15	-3.13834653e-13	56.10254047
205.4357581	59.95470574	0.08333000002	-6.219823709e-14	-1.105265948e-12	52.53703778
205.4773474	88.81110052	0.1027186769	-4.968051073e-15	-5.912243012e-14	49.19939585
205.5070731	38.7420333	0.06377828936	4.029321652e-15	-7.108754976e-14	54.31916038
205.7009831	-83.84116547	-0.1079836909	4.910178745e-15	-1.917184927e-13	64.13510749
205.7909388	-15.69259324	0.008188912951	2.923389058e-14	-2.154360237e-12	58.10929135
205.9562311	-64.96758522	-0.06551817679	-2.358500766e-13	3.144129556e-12	62.12567071
205.9724683	-100.429	-0.1533977164	-5.814733484e-14	4.297501296e-13	66.36742171
205.9880123	-42.31691989	-0.02666002599	-5.105825982e-14	5.250795477e-13	60.11703556
205.988568	76.26949234	0.09641438563	-3.576412904e-14	-3.979151955e-13	50.97857458
206.1658692	12.63476196	0.03844554777	4.720528126e-15	1.255150322e-12	56.32478988
206.2699407	60.08112948	0.08314152863	-5.629904275e-14	-7.620858197e-13	52.75930188
206.3272353	38.82249509	0.06361141918	1.403011968e-15	1.386511137e-13	54.54141968
206.3409448	89.00998121	0.1025788499	9.599527191e-14	5.921675962e-13	49.42164914
206.4576396	-83.98818858	-0.1077796749	-6.829217614e-14	5.575984834e-13	64.35728437
206.584417	-15.71974152	0.008130192326	-2.10049192e-14	1.475648021e-12	58.33152662
206.7176941	-100.6001091	-0.1530924237	-8.150588539e-15	6.522290785e-14	66.58957609
206.7247678	-65.08395035	-0.06541088463	1.894205726e-13	-2.438480377e-12	62.34786909
206.7688132	-42.39348916	-0.02664115771	3.583103126e-14	-5.937809625e-13	60.33925359
206.8371582	76.43437511	0.09623363936	3.805828881e-14	2.420894921e-13	51.20083697
206.9724566	12.66232596	0.03832411865	3.270450947e-15	-1.081464393e-12	56.54703908
207.1040516	60.20728733	0.08295429698	7.492701731e-14	9.375790094e-13	52.98156571
207.1473566	38.9027937	0.06344571316	8.390272054e-14	1.641278202e-12	54.76367873
207.2043997	89.208412	0.1024395562	2.812843446e-13	1.874950248e-12	49.64390232
207.2143707	-84.13495722	-0.1075767717	2.554893491e-13	-2.389560203e-12	64.5794615
207.3779076	-15.74683831	0.008071967297	-3.294986836e-16	7.432147878e-13	58.55376179
207.463011	-100.7709315	-0.1527888151	1.382773837e-13	-1.03156201e-12	66.81173085
207.4933605	-65.20010795	-0.0653041314	1.523753813e-13	-2.144600915e-12	62.57006758
207.5496495	-42.46991766	-0.02662228435	2.138368738e-14	-2.33175413e-13	60.56147162
207.6856433	76.59889914	0.09605394238	-1.474234532e-13	-1.250677428e-12	51.42309912
207.7790312	12.6898361	0.03820358006	1.606570028e-14	4.697477402e-13	56.76928809
207.9380912	60.33318096	0.08276829169	1.025318187e-13	1.204349042e-12	53.20382927
207.9674374	38.98293012	0.06328115834	-6.729423394e-14	-1.427076563e-12	54.98593752
207.9711759	-84.28147269	-0.1073749713	-1.332816074e-13	1.476909661e-12	64.80163888
208.067713	89.40639593	0.1023007935	-6.401531057e-14	-4.00264488e-13	49.86615538
208.1714106	-15.7738839	0.008014231979	2.252280448e-15	-1.645432729e-12	58.77599684
208.2084184	-100.9414688	-0.1524868755	1.8950304e-14	-1.690921163e-13	67.03388597
208.2620088	-65.31605912	-0.06519791255	-3.162687465e-13	4.186013973e-12	62.7922662
208.3305209	-42.54620617	-0.02660340676	-5.826334133e-14	1.619690527e-12	60.78368965
208.5340242	76.76306676	0.09587528444	2.330923338e-13	1.890342799e-12	51.64536105
208.5855931	12.71729267	0.03808392194	3.353615688e-14	2.051640711e-12	56.99153691
208.728055	-84.42773631	-0.107174264	2.165118377e-14	-2.884539111e-13	65.0238165
208.7720601	60.45881203	0.08258349954	-4.879508184e-14	-6.84943778e-13	53.42609256
208.7874778	39.06290533	0.06311774197	-1.49270437e-14	-5.323088091e-13	55.20819606
208.9308858	89.60393601	0.1021625595	-3.423004178e-13	-2.283768781e-12	50.08840832
208.9539159	-101.1117223	-0.1521865902	-1.114918346e-13	9.307330427e-13	67.25604146
208.964926	-15.80087858	0.007956980577	6.61182513e-15	3.447275645e-13	58.99823178
209.0307124	-65.43180497	-0.0650922236	2.288876538e-13	-3.112475915e-12	63.01446494
209.1114273	-42.62235546	-0.02658452574	9.519631886e-14	-1.477787635e-12	61.00590767
209.3823013	76.92688029	0.09569765545	-8.454096161e-14	-7.576077184e-13	51.86762274
209.3921424	12.744696	0.0379651344	-3.471370005e-14	-2.480582513e-12	57.21378553
209.4850076	-84.57374936	-0.10697464	-1.331893408e-13	1.27552411e-12	65.24599436
209.6059586	60.58418217	0.08239990755	-1.036096502e-13	-1.432580821e-12	53.64835558
209.6074781	39.1427203	0.06295545149	7.26694657e-14	1.365857119e-12	55.43045434
209.6995032	-101.2816933	-0.1518879445	1.532894157e-14	-1.464293323e-13	67.47819732
209.7584536	-15.82782263	0.007900207384	3.178201004e-14	-1.661817176e-13	59.22046662
209.793919	89.8010352	0.1020248518	7.445203127e-15	6.743822578e-14	50.31066114
209.799471	-65.54734658	-0.0649870601	-1.044014181e-13	1.465655996e-12	63.23666379
209.8923684	-42.69836629	-0.02656564208	-6.03823503e-14	1.308767992e-12	61.2281257
210.1986791	12.7720464	0.03784720767	2.277296113e-14	8.030673877e-13	57.43603395
210.2304753	77.09034201	0.09552104543	2.178551862e-14	2.192188866e-14	52.08988421
210.2420332	-84.71951314	-0.1067760897	1.371636234e-13	-1.41463793e-12	65.46817246
210.4274385	39.22237598	0.06279427452	-3.84177837e-14	-6.318534237e-13	55.65271238
210.4397872	60.709293	0.0822175029	1.128542425e-14	1.934782355e-13	53.87061833
210.4451796	-101.4513835	-0.151590924	1.703226839e-13	-1.292574759e-12	67.70035354
210.5519934	-15.85471635	0.007843906781	-5.328973659e-15	-3.025446631e-13	59.44270135
210.5682845	-65.66268503	-0.06488241766	-4.668303654e-14	6.04995344e-13	63.45886276
210.6568134	89.99769645	0.1018876679	3.340759196e-14	2.426623299e-13	50.53291385
210.673344	-42.7742394	-0.02654675655	1.331144537e-14	-7.660620543e-14	61.45034372
210.9991315	-84.86502891	-0.1065786038	9.755309677e-15	3.260866605e-14	65.6903508
211.0052032	12.79934416	0.03773013217	-6.370248527e-15	-6.357263972e-13	57.65828219
211.078547	77.25345416	0.09534544456	-1.845545132e-14	-1.696690211e-13	52.31214546
211.1909449	-101.620794	-0.1512955143	-3.175001213e-14	2.691601686e-13	67.92251011
211.2473593	39.30187333	0.06263419887	2.507759078e-14	4.042915997e-13	55.87497018
211.2735464	60.83414613	0.08203627299	-9.624883808e-14	-1.283721818e-12	54.09288083
211.3371524	-65.77782139	-0.06477829196	-2.059215711e-14	5.558089026e-13	63.68106184
211.3455454	-15.88156001	0.007788073236	-7.061019191e-15	5.23934745e-14	59.66493598
211.454354	-42.84997555	-0.0265278699	-1.056662611e-13	2.150809969e-12	61.67256175
211.51957	90.19392266	0.1017510056	7.385708137e-14	4.508267223e-13	50.75516644
211.7563021	-85.01029793	-0.1063821728	1.58095285e-13	-1.622076946e-12	65.91252937
211.811715	12.8265896	0.03761389844	2.116127345e-14	6.458757745e-13	57.88053024
211.926517	77.416219	0.09517084314	1.098316553e-13	7.295560551e-13	52.53440648
211.9367985	-101.7899263	-0.1510017014	-1.171103851e-13	9.487018355e-13	68.14466704
212.0672407	39.38121328	0.06247521254	4.260631744e-14	8.651291385e-13	56.09722773
212.1060745	-65.89275672	-0.0646746787	-8.275135054e-14	9.899234366e-13	63.90326104
212.1072365	60.95874315	0.08185620538	6.025409468e-14	9.517165772e-13	54.31514307
212.1391095	-15.90835389	0.007732701301	-3.70894977e-15	1.062436891e-12	59.88717051
212.2353982	-42.92557548	-0.02650898287	1.404000575e-13	-3.12445801e-12	61.89477977
212.3821897	90.3897167	0.1016148624	-8.898913816e-14	-5.620324288e-13	50.97741892
212.5135447	-85.15532146	-0.1061867875	-1.698517774e-13	1.782244583e-12	66.13470817
212.6182144	12.853783	0.03749849715	1.84077599e-14	3.765306966e-13	58.10277811
212.6827401	-101.9587818	-0.1507094714	2.485043918e-14	-2.159022219e-13	68.36682433
212.7743859	77.57863872	0.09499723161	-2.169590283e-14	-2.385341258e-13	52.75666728
212.8750505	-66.00749206	-0.06457157365	7.795279514e-14	-8.048809167e-13	64.12546035
212.887083	39.46039678	0.06231730369	-7.54909567e-14	-1.464637683e-12	56.31948504
212.9326855	-15.93509826	0.00767778561	2.251784704e-14	-1.658542444e-12	60.10940494
212.9408579	61.08308561	0.08167728782	3.447530826e-14	3.958180761e-13	54.53740505
213.0164764	-43.00103992	-0.02649009618	1.053136933e-14	-4.428129171e-13	62.1169978
213.2446734	90.58508142	0.101479236	1.538465006e-13	9.975419183e-13	51.19967128
213.2708588	-85.30010074	-0.1059924388	-4.156739328e-14	3.596815648e-13	66.35688721
213.4247015	12.88092468	0.03738391913	1.677973498e-14	1.289186659e-12	58.3250258
213.4287692	-102.1273618	-0.1504188103	-6.354253261e-15	5.253322005e-14	68.58898196
213.6221543	77.74071551	0.09482460053	-6.584625084e-14	-5.781922829e-13	52.97892787
213.6440801	-66.12202847	-0.06446897262	7.581383009e-14	-1.292755014e-12	64.34765977
213.7068863	39.53942474	0.06216046067	2.351853612e-14	5.258183595e-13	56.54174212
213.7262735	-15.9617934	0.007623320878	-2.519792071e-14	1.184650306e-12	60.33163926
213.7744112	61.20717507	0.08149950825	-4.888375329e-14	-4.621501523e-13	54.75966678
213.7975884	-43.07636959	-0.02647121053	-7.576295633e-14	1.468690401e-12	62.33921582
214.0282443	-85.44463699	-0.1057991176	-3.251312885e-14	3.160286752e-13	66.57906647
214.1070219	90.78001963	0.1013441238	-1.083782896e-13	-6.575079373e-13	51.42192353
214.1748853	-102.2956676	-0.1501297048	-6.255934579e-14	5.215693107e-13	68.81113993
214.2311763	12.90801492	0.03727015533	1.147110247e-14	-4.176623204e-13	58.5472733
214.413163	-66.23636696	-0.06436687148	5.439672807e-14	-7.090620529e-13	64.5698593
214.4698229	77.90245153	0.09465294059	-1.376889589e-13	-1.237387901e-12	53.20118824
214.5198733	-15.98843959	0.0075693019	-1.252541284e-14	3.891769338e-13	60.55387349
214.5266509	39.61829807	0.06200467201	3.815899821e-14	1.03632008e-12	56.76399896
214.578734	-43.15156522	-0.02645232661	7.513212003e-14	-1.517494046e-12	62.56143385
214.6078967	61.33101309	0.08132285477	2.614168097e-15	-1.160100366e-13	54.98192825
214.7857006	-85.58893144	-0.1056068151	3.01241221e-15	-3.223431655e-14	66.80124596
214.9210882	-102.4637007	-0.1498421412	2.9078681e-13	-2.313393815e-12	69.03329825
214.9692362	90.97453411	0.1012095236	2.054024247e-13	1.395824205e-12	51.64417566
215.0376391	12.93505401	0.03715719686	-6.535467594e-15	-1.021340906e-12	58.76952062
215.1822991	-66.35050857	-0.06426526614	-8.786269105e-14	1.039113793e-12	64.79205895
215.3134849	-16.01503709	0.00751572355	-3.058991281e-14	1.624938714e-12	60.77610762
215.3173923	78.06384893	0.0944822426	1.443754332e-13	1.518573405e-12	53.42344839
215.346377	39.69701768	0.06184992639	-4.413949619e-14	-8.368464931e-13	56.98625557
215.3599131	-43.22662751	-0.02643344509	-4.528421531e-14	1.282274105e-12	62.78365188
215.4413147	61.45460116	0.08114731566	-7.178653352e-14	-7.512986892e-13	55.20418949
215.5432274	-85.73298529	-0.1054155225	6.018800631e-15	-1.928889291e-13	67.02342567
215.6673773	-102.6314622	-0.1495561063	-1.632816407e-13	1.233490672e-12	69.25545691
215.8313171	91.1686276	0.1010754329	-1.495827011e-13	-1.00385445e-12	51.86642768
215.8440897	12.96204225	0.03704503492	9.588994319e-15	1.026276763e-12	58.99176777
215.9514879	-66.4644543	-0.06416415255	1.051538809e-13	-1.536817779e-12	65.0142587
216.1071083	-16.04158616	0.007462580777	-3.966726762e-16	-4.512860394e-13	60.99834165
216.1411255	-43.30155719	-0.02641456662	-6.889484291e-15	2.321370224e-13	63.0058699
216.1648632	78.22490983	0.0943124975	2.40146226e-13	2.298365677e-12	53.64570833
216.1660649	39.77558447	0.06169621266	2.265520929e-14	7.211047093e-13	57.20851195
216.2746658	61.57794081	0.08097287937	1.064333544e-13	1.380611045e-12	55.42645047
216.3008244	-85.87679975	-0.1052252311	-2.452652417e-14	2.318490898e-13	67.24560561
216.4137522	-102.7989536	-0.149271587	-1.058283241e-13	8.636148953e-13	69.47761591
216.6505283	12.98897991	0.03693366088	-1.380396973e-14	-1.336485559e-12	59.21401474
216.6932655	91.36230284	0.1009418492	7.502878843e-14	5.624383639e-13	52.08867959
216.7207293	-66.57820517	-0.06406352672	-1.224253289e-13	1.860775807e-12	65.23645856
216.9007433	-16.06808707	0.007409868607	6.888970291e-15	-1.736506177e-12	61.22057558
216.9223709	-43.37635494	-0.02639569185	-5.606641727e-14	1.334242704e-12	63.22808793
216.9857147	39.85399931	0.06154351985	-9.444027617e-14	-1.817172705e-12	57.43076811
217.0122361	78.38563631	0.09414369634	-3.232366761e-13	-2.996692717e-12	53.86796807
217.0584913	-86.020376	-0.1050359322	1.034557733e-13	-1.233211109e-12	67.46778576
217.1079503	61.70103353	0.08079953452	1.160849655e-13	1.42678973e-12	55.64871121
217.1602125	-102.9661761	-0.1489885703	7.686456751e-14	-5.374937377e-13	69.69977524
217.456955	13.01586729	0.0368230662	-7.958998273e-15	2.282314315e-13	59.43626154
217.4900229	-66.69176217	-0.06396338469	-1.175491667e-14	1.39037945e-13	65.45865853
217.5550821	91.5555625	0.1008087702	-2.669396096e-13	-1.714800582e-12	52.31093138
217.6943899	-16.09454008	0.007357582139	1.878630446e-14	-5.709500722e-13	61.44280943
217.7036493	-43.45102147	-0.0263768214	1.33348245e-13	-3.010460946e-12	63.45030596
217.8053268	39.9322631	0.06139183713	1.073731455e-13	2.537433724e-12	57.65302404
217.8162277	-86.16371523	-0.1048476174	-1.799945886e-13	1.789720829e-12	67.68996614
217.8595116	78.54603046	0.0939758303	1.466771499e-13	1.215415697e-12	54.09022759
217.9067579	-103.133131	-0.1487070433	-6.119595537e-14	5.115335419e-13	69.9219349
217.9411687	61.82388079	0.08062726988	-1.477775534e-13	-1.857098366e-12	55.87097172
218.2593685	-66.80512629	-0.06386372257	1.060119153e-13	-1.127513147e-12	65.68085861
218.2633698	13.04270466	0.0367132425	-7.741629052e-15	-5.098878429e-13	59.65850817
218.4167679	91.74840927	0.1006761934	2.447229002e-13	1.664022164e-12	52.53318307
218.4849604	-43.52555746	-0.02635795589	-1.193686491e-14	2.231417908e-14	63.67252399
218.4880481	-16.12094545	0.007305716544	8.008852387e-15	4.693238561e-13	61.66504317
218.5740332	-86.3068186	-0.1046602784	6.894500659e-14	-8.608570382e-13	67.91214673
218.6249012	40.01037669	0.06124115383	-4.222361741e-15	1.528927136e-13	57.87527974
218.6533879	-103.2998196	-0.1484269935	-1.951881049e-15	5.609970145e-14	70.14409489
218.7066903	78.70609433	0.09380889066	-1.346502267e-13	-1.098823e-12	54.31248691
218.7743212	61.94648406	0.08045607439	1.249084835e-13	1.413073313e-12	56.09323198
219.0287659	-66.9182985	-0.06376453649	-1.341214761e-13	1.896439694e-12	65.90305879
219.0697727	13.0694923	0.03660418149	1.464558057e-14	8.886336176e-13	59.88075463
219.2663041	-43.59996359	-0.0263390959	6.678656597e-14	-1.638692249e-12	63.89474202
219.2783237	91.94084576	0.1005441165	-1.482247781e-13	-1.04288673e-12	52.75543464
219.2817178	-16.14730344	0.007254267066	6.45964158e-15	5.025654822e-13	61.88727683
219.3319075	-86.44968727	-0.1044739067	-3.129009196e-13	3.268059492e-12	68.13432753
219.4001021	-103.4662431	-0.1481484083	1.576386572e-13	-1.293280977e-12	70.3662552
219.4444383	40.08834095	0.06109145944	-1.69267039e-13	-3.534468341e-12	58.09753523
219.5537729	78.86582994	0.09364286884	7.582554193e-15	-1.038470266e-13	54.53474603
219.6074083	62.06884478	0.08028593714	-9.486821872e-14	-1.275815465e-12	56.31549201
219.7982147	-67.03127979	-0.06366582263	1.311723454e-13	-1.783234919e-12	66.12525907
219.8761639	13.0962305	0.03649587501	-2.018292557e-14	-4.802644789e-13	60.10300092
220.0476802	-43.67424055	-0.02632024203	-5.846009605e-14	2.214480907e-12	64.11696005
220.0753989	-16.1736143	0.007203229017	3.727061748e-14	-2.882817764e-12	62.10951039
220.0898503	-86.59232241	-0.1042884943	2.586432354e-13	-2.497067562e-12	68.35650855
220.1397502	92.13287459	0.1004125369	2.858236838e-14	1.706044718e-13	52.9776861
220.1469001	-103.6324029	-0.1478712752	-3.57469554e-13	2.825809098e-12	70.58841584
220.2639381	40.16615674	0.0609427436	7.352153585e-14	1.657658619e-12	58.3197905
220.4007599	79.02523932	0.09347775633	-5.19863095e-14	-5.699710095e-13	54.75700494
220.4404305	62.19096439	0.08011684739	-7.981648028e-14	-1.135809559e-12	56.53775181
220.5677148	-67.14407111	-0.06356757721	1.292381169e-14	-1.668825222e-13	66.34745946
220.6825434	13.12291951	0.03638831502	3.725180806e-14	7.419112654e-13	60.32524704
220.8290886	-43.74838899	-0.02630139484	-9.266049226e-15	-2.622220846e-13	64.33917809
220.8478612	-86.73472514	-0.104104033	1.763500713e-13	-1.758039402e-12	68.57868979
220.8690913	-16.19987829	0.007152597778	-8.241898933e-14	5.228138601e-12	62.33174387
220.8937816	-103.7983001	-0.1475955821	2.133415366e-13	-1.63960569e-12	70.8105768
221.0010483	92.32449834	0.1002814524	-9.509464529e-14	-6.606251005e-13	53.19993746
221.0834011	40.2438249	0.0607949961	4.25790963e-14	9.774631608e-13	58.54204556
221.2476519	79.18432445	0.09331354477	2.891309434e-13	2.575585481e-12	54.97926366
221.273388	62.3128443	0.07994879452	2.062475341e-13	2.57133009e-12	56.76001138
221.3372658	-67.25667341	-0.06346979651	-5.617773066e-15	8.714886712e-14	66.56965995
221.4889113	13.14955961	0.03628149361	-7.936645371e-15	-1.966591055e-12	60.547493
221.60594	-86.87689659	-0.1039205148	-1.803749429e-13	1.683962716e-12	68.80087123
221.6105291	-43.8224096	-0.0262825549	2.970954405e-14	-4.279188747e-13	64.56139612
221.6407461	-103.9639361	-0.1473213169	3.071580149e-13	-2.491571755e-12	71.03273807
221.662795	-16.22609564	0.007102368799	-3.619159648e-14	2.109752805e-12	62.55397725
221.8622189	92.51571955	0.1001508603	-6.558740122e-14	-4.48710031e-13	53.4221887
221.9028273	40.32134626	0.06064820686	-7.297212284e-15	4.401072193e-14	58.7643004
222.0944494	79.34308731	0.09315022589	2.38175428e-14	2.768437601e-13	55.20152217
222.1062812	62.43448594	0.0797817681	7.927764073e-14	1.149467716e-12	56.98227072
222.1068675	-67.36908766	-0.06337247684	-1.731632192e-13	2.401803779e-12	66.79186055
222.2952677	13.17615107	0.03617540295	-1.75136771e-14	-1.121138231e-12	60.7697388
222.3640862	-87.01883791	-0.1037379319	1.522338413e-14	-1.764682068e-13	69.02305287
222.3877932	-104.129312	-0.1470484676	-2.795162912e-13	2.226612525e-12	71.25489966
222.3920014	-43.89630302	-0.02626372274	3.663072691e-14	-1.525045026e-13	64.78361416
222.4565099	-16.25226662	0.007052537595	4.816557088e-14	-2.73470908e-12	62.77621055
222.7222169	40.39872166	0.06050236597	-6.666153709e-14	-9.59012631e-13	58.98655503
222.7232626	92.70654077	0.1000207585	1.002178912e-13	7.35407784e-13	53.64443983
222.8765197	-67.48131478	-0.06327561454	1.029011784e-13	-1.494974794e-12	67.01406125
222.9391105	62.55589067	0.07961575782	2.76991212e-14	3.03159528e-13	57.20452983
222.9411531	79.50152984	0.09298779153	-1.302044914e-13	-1.130051861e-12	55.42378049
223.1016125	13.20269415	0.03607003535	1.032954359e-14	-7.38425815e-13	60.99198444
223.1222996	-87.16055018	-0.1035562764	-2.001461144e-13	1.885052081e-12	69.24523473
223.1349226	-104.294429	-0.1467770224	3.264010429e-14	-2.294939124e-13	71.47706156
223.1735055	-43.97006992	-0.02624489889	4.154073445e-14	-9.130998343e-13	65.0058322
223.2502361	-16.27839147	0.007003099745	2.754345059e-14	-1.123334573e-12	62.99844376
223.5415702	40.47595192	0.06035746363	4.040394595e-15	-2.921938813e-13	59.20880945
223.5841803	92.89696447	0.09989114429	-3.646522641e-14	-2.458690181e-13	53.86669086
223.646222	-67.59335571	-0.063179206	-7.459475358e-14	1.04222686e-12	67.23626205
223.7718764	62.6770599	0.07945075351	-1.015903255e-13	-1.128434272e-12	57.42678872
223.7877635	79.65965397	0.09282623363	3.468282135e-13	3.068542693e-12	55.64603861
223.8805799	-87.30203453	-0.1033755406	-2.05777091e-13	2.028306407e-12	69.46741679
223.8821339	-104.4592884	-0.1465069696	1.768895488e-13	-1.408082507e-12	71.69922377
223.9079459	13.22918912	0.03596538321	2.879083324e-14	2.195913337e-12	61.21422991
223.9550412	-44.04371093	-0.02622608388	4.367952377e-14	-1.248084467e-12	65.22805024
224.0439733	-16.30447042	0.006954050895	-3.15518353e-14	1.649008584e-12	63.22067688
224.3608874	40.55303785	0.06021349021	7.316419954e-14	1.476761651e-12	59.43106367
224.4159743	-67.70521137	-0.06308324766	1.398462001e-13	-2.027417556e-12	67.45846294
224.4449728	93.08699314	0.09976201542	1.409769031e-13	9.547964615e-13	54.08894177
224.6045791	62.79799497	0.07928674516	1.80599047e-14	2.04180736e-13	57.64904739
224.6294266	-104.6238914	-0.1462382977	5.418503643e-14	-4.432346982e-13	71.92138629
224.6342812	79.81746162	0.09266554425	-1.613095581e-13	-1.380257424e-12	55.86829655
224.6389267	-87.44329205	-0.1031957168	1.813090792e-13	-1.811691636e-12	69.68959905
224.7142679	13.25563624	0.03586143905	-1.83299677e-14	-1.743975808e-12	61.43647524
224.7366083	-44.11722671	-0.02620727822	-6.786089925e-14	1.429446381e-12	65.45026828
224.8377216	-16.33050372	0.00690538675	3.370430839e-14	-1.884864919e-12	63.44290991
225.1801686	40.62998026	0.06007043619	-4.261351484e-16	-2.976816013e-13	59.65331768
225.1857764	-67.81688268	-0.06298773599	3.403818011e-14	-3.364479733e-13	67.68066394
225.3056408	93.27662923	0.09963336944	1.874780065e-15	-6.438118207e-14	54.31119258
225.3768005	-104.7882392	-0.1459709953	-1.574105977e-13	1.236481465e-12	72.14354911
225.3973396	-87.58432383	-0.1030167975	7.905583402e-15	-3.814285674e-15	69.91178151
225.437219	62.91869725	0.07912372288	6.077524462e-14	7.965235774e-13	57.87130584
225.4807066	79.97495469	0.09250571552	-5.281697688e-14	-2.539657961e-13	56.09055429
225.5182066	-44.19061789	-0.0261884824	-1.041493338e-13	2.012700955e-12	65.67248633
225.5205786	13.28203577	0.03575819549	1.92770467e-14	8.921972086e-13	61.6587204
225.6314809	-16.35649162	0.006857103079	1.146319031e-15	2.760709512e-13	63.66514287
225.9556278	-67.92837055	-0.06289266749	-1.809570867e-13	2.34752599e-12	67.90286504
225.9994142	40.70677994	0.05992829219	-6.03720967e-14	-1.327735309e-12	59.87557149
226.1242552	-104.9523328	-0.1457050511	-1.419103166e-13	1.057736356e-12	72.36571223
226.1558185	-87.72513094	-0.1028387753	9.865902925e-14	-1.066457231e-12	70.13396417
226.1661851	93.46587516	0.09950520394	-1.54512581e-13	-9.265699797e-13	54.53344329
226.2697965	63.03916808	0.07896167693	-1.551551988e-14	-3.098609655e-13	58.09356407
226.2998361	-44.26388509	-0.02616969689	1.294508097e-13	-2.542429262e-12	65.89470438
226.3268781	13.30838795	0.03565564525	-1.890560278e-14	-1.336324727e-12	61.88096541
226.3270404	80.13213503	0.0923467397	-1.36577745e-13	-1.322386987e-12	56.31281184
226.4252511	-16.38243434	0.006809195711	-1.543786774e-14	1.227190841e-12	63.88737573
226.7255285	-68.03967588	-0.06279803872	-1.73464711e-13	2.637110788e-12	68.12506623
226.8186241	40.78343769	0.05978704897	-1.563550766e-14	-1.163821687e-13	60.0978251
226.8717902	-105.1161737	-0.1454404538	6.846369525e-14	-5.454997959e-13	72.58787566
226.9143629	-87.86571445	-0.1026616427	-3.018158034e-14	2.025297359e-13	70.35614703
227.0266064	93.65473332	0.09937751652	-2.02906346e-15	-9.732769639e-15	54.75569389
227.0814965	-44.33702896	-0.02615092219	6.352522789e-14	-1.33523573e-12	66.11692243
227.1023119	63.15940877	0.07880059769	1.051566132e-13	1.2430622e-12	58.31582209
227.1331663	13.33469306	0.03555378117	2.689269127e-14	1.84583665e-12	62.10321027
227.1732831	80.28900452	0.09218860914	1.414477968e-13	1.183364289e-12	56.5350692
227.2190322	-16.40833212	0.006761660534	-2.03237151e-14	3.767609425e-13	64.10960852
227.4954782	-68.15079956	-0.06270384626	2.242799459e-13	-3.167057051e-12	68.34726752
227.6194053	-105.2797628	-0.1451771926	-2.881320557e-13	2.390253805e-12	72.81003938
227.6377988	40.85995429	0.05964669741	8.430167614e-14	2.192529654e-12	60.32007851
227.6729726	-88.00607543	-0.1024853926	-1.42871023e-14	2.334919872e-13	70.57833009
227.8631877	-44.41005011	-0.02613215873	-2.306493694e-14	9.413347854e-13	66.33914048
227.8869055	93.84320609	0.09925030477	-4.925807923e-14	-3.722091643e-13	54.97794438
227.9347657	63.27942065	0.07864047568	-2.190060005e-13	-2.893201116e-12	58.53807989
227.9394434	13.36095133	0.03545259616	-1.933311521e-14	-2.553648974e-12	62.32545498
228.0128241	-16.4341852	0.006714493494	-1.131151866e-14	-1.754454071e-13	64.33184122
228.0194352	80.44556498	0.09203131627	1.000517467e-13	9.413845146e-13	56.75732637
228.2654766	-68.26174249	-0.06261008673	1.568252651e-13	-2.165578251e-12	68.56946891
228.3671	-105.4431013	-0.1449152564	3.300277493e-13	-2.622132555e-12	73.03220339
228.4316473	-88.14621493	-0.1023100176	8.265319246e-14	-8.12038492e-13	70.80051334
228.4569383	40.93633052	0.05950722851	-4.254628887e-14	-9.509733376e-13	60.54233173
228.6449095	-44.48294915	-0.02611340699	1.493930289e-14	-3.504938384e-13	66.56135853
228.7457095	13.38716302	0.03535208325	3.045189882e-14	1.33698444e-12	62.54769954
228.7470831	94.03129582	0.09912356629	1.739665464e-13	1.212408007e-12	55.20019476
228.7671581	63.39920501	0.07848130156	1.338340132e-13	1.564372561e-12	58.76033749
228.8066268	-16.4599938	0.006667690597	-1.542868779e-14	-6.64048899e-13	64.55407385
228.8654973	80.60181825	0.09187485363	-2.203741023e-13	-2.141360637e-12	56.97958337
229.0355235	-68.37250553	-0.06251675679	-1.039784218e-13	1.692525266e-12	68.79167039
229.1148739	-105.6061905	-0.1446546345	-3.045183951e-13	2.433176563e-12	73.2543677
229.1903866	-88.286134	-0.1021355106	-2.589361595e-13	2.699201617e-12	71.02269678
229.2760429	41.01256715	0.05936863341	2.406640217e-14	8.348098878e-13	60.76458475
229.4266618	-44.5557267	-0.02609466739	-6.186043126e-14	1.36971754e-12	66.78357659
229.5519645	13.41332838	0.03525223555	8.904604128e-15	1.655192853e-13	62.76994395
229.5994894	63.51876314	0.07832306609	7.86889129e-15	2.315606201e-13	58.98259487
229.6004402	-16.48575816	0.006621247902	-7.68774651e-15	1.510545051e-13	64.77630639
229.60714	94.21900484	0.09899729871	-1.961569163e-13	-1.378119237e-12	55.42244504
229.7114699	80.7577661	0.09171921386	4.249515662e-14	3.498753121e-13	57.20184017
229.8056187	-68.48308956	-0.06242385314	-1.106045506e-13	1.688349181e-12	69.01387197
229.8627268	-105.7690313	-0.1443953163	2.983164908e-13	-2.40661642e-12	73.47653229
229.9491903	-88.42583366	-0.1019618646	1.67058372e-13	-1.777425726e-12	71.24488041
230.0951127	41.08866494	0.05923090337	-1.06672822e-13	-2.088622882e-12	60.98683758
230.2084445	-44.62838336	-0.02607594038	4.611917819e-14	-1.00436402e-12	67.00579465
230.3582085	13.43944764	0.03515304629	6.181040357e-15	6.094902007e-13	62.99218821
230.3942643	-16.51147849	0.006575161526	1.585918595e-15	5.367545113e-14	64.99853885
230.4317601	63.63809633	0.07816576018	1.853663018e-13	2.766182469e-12	59.20485205
230.4670769	94.40633544	0.09887149962	1.635261089e-13	1.086632094e-12	55.64469522
230.5573535	80.91341035	0.09156438967	2.343783072e-13	2.170391734e-12	57.4240968
230.5757619	-68.59349546	-0.0623313725	1.531993356e-13	-1.911906523e-12	69.23607364
230.6106583	-105.931625	-0.1441372912	-1.12201947e-13	9.952499588e-13	73.69869718
230.708058	-88.56531496	-0.1017890727	-7.131227397e-14	7.153008184e-13	71.46706424
230.9141479	41.16462465	0.05909402974	1.046880938e-14	3.727970373e-13	61.20909022
230.9902573	-44.70091974	-0.02605722635	-6.55753472e-14	1.601457514e-12	67.22801272
231.1644417	13.46552106	0.03505450877	-6.393941064e-15	-1.311068244e-13	63.21443233
231.1880989	-16.53715504	0.006529427638	1.794004906e-14	-3.220950104e-13	65.22077124
231.2639705	63.75720583	0.07800937484	-2.12573682e-13	-2.689772295e-12	59.42710903
231.3268944	94.59328991	0.09874616666	-2.502379069e-13	-1.773041034e-12	55.8669453
231.3459529	-68.70372407	-0.06223931165	-7.812327458e-14	8.716589506e-13	69.4582754
231.358668	-106.0939727	-0.1438805487	4.754210182e-14	-3.044455483e-13	73.92086234
231.4031486	81.06875274	0.09141037389	-2.226378586e-13	-2.062394256e-12	57.64635325
231.4669895	-88.70457891	-0.1016171279	6.001851794e-14	-7.098104563e-13	71.68924825
231.7331488	41.24044702	0.05895800403	5.686264878e-14	1.347655922e-12	61.43134267
231.7721001	-44.77333642	-0.02603852574	-8.007372832e-15	-7.049708059e-14	67.45023078
231.970664	13.49154887	0.03495661639	3.312116406e-14	7.818726314e-13	63.43667631
231.9819441	-16.56278801	0.006484042463	-6.99981422e-15	1.870961134e-13	65.44300355
232.0961209	63.8760929	0.07785390122	1.51743388e-14	2.707848964e-13	59.6493658
232.1067556	-106.2560755	-0.1436250785	-4.548887716e-13	3.695220058e-12	74.1430278
232.1161915	-68.81377625	-0.06214766739	-1.260379732e-13	1.804614183e-12	69.68047726
232.1865934	94.7798705	0.09862129744	1.50119177e-13	1.094343577e-12	56.08919527
232.2259845	-88.84362653	-0.1014460234	1.406122415e-13	-1.446118668e-12	71.91143245
232.2488557	81.22379502	0.0912571594	3.541613629e-14	3.332745891e-13	57.86860952
232.5521154	41.3161328	0.05882281784	-1.556571823e-14	-6.315878712e-13	61.65359493
232.5539728	-44.84563401	-0.02601983893	-6.143430462e-14	1.258384923e-12	67.67244885
232.7757998	-16.58837764	0.006439002276	-1.575588077e-14	6.210687841e-13	65.66523578
232.7768755	13.51753131	0.03485936264	8.194051173e-15	-6.558498907e-13	63.65892014
232.8549206	-106.4179345	-0.1433708706	3.124590342e-13	-2.504950455e-12	74.36519353
232.8864775	-68.92365284	-0.06205643655	1.600802895e-13	-2.177147056e-12	69.90267921
232.9282116	63.99475879	0.07769933058	5.82980715e-14	4.870912249e-13	59.87162237
232.9850426	-88.98245881	-0.1012757525	-1.732070671e-13	1.933474868e-12	72.13361683
233.0461745	94.96607945	0.0984968896	-4.018906515e-14	-1.9502134e-13	56.31144514
233.0944754	81.37853894	0.0911047392	8.733147074e-14	7.273917752e-13	58.09086561
233.3358753	-44.91781308	-0.02600116632	1.821886839e-13	-4.063871952e-12	67.89466693
233.3710481	41.39168273	0.05868846288	-6.433681605e-14	-1.126232472e-12	61.87584701
233.569666	-16.61392413	0.006394303407	4.148230549e-14	-2.405794448e-12	65.88746793
233.5830763	13.54346862	0.0347627411	-9.795816208e-15	-3.147725163e-13	63.88116384
233.6031629	-106.5795508	-0.1431179146	7.627704588e-14	-6.341786414e-13	74.58735954
233.6568106	-69.03335468	-0.061965616	-5.776236357e-14	7.364917481e-13	70.12488125
233.7441635	-89.12107677	-0.1011063085	9.650257851e-14	-1.045812021e-12	72.3558014
233.760243	64.11320472	0.07754565429	-2.326132324e-13	-3.091320099e-12	60.09387874
233.9056384	95.15191896	0.09837294078	-6.960074158e-15	-5.852577185e-14	56.5336949
233.9400081	81.53298621	0.09095310637	-5.628759121e-14	-5.837683956e-13	58.31312153
234.1178073	-44.98987422	-0.02598250828	-9.997632604e-14	2.33937544e-12	68.116885
234.1899469	41.46709753	0.058554931	9.812516643e-14	2.45156266e-12	62.0980989
234.3514819	-106.7409254	-0.1428662008	-7.108440243e-14	5.505954485e-13	74.80952582
234.3635425	-16.63942772	0.006349942233	-1.511623096e-14	6.925629226e-13	66.10970001
234.3892664	13.56936103	0.03466674543	4.341118412e-14	1.355646558e-12	64.10340739
234.4271905	-69.14288261	-0.06187520265	7.93416356e-14	-1.189559037e-12	70.34708338
234.5033471	-89.25948137	-0.1009376849	-4.351866228e-14	4.386481719e-13	72.57798615
234.5922154	64.2314319	0.07739286385	1.119045292e-13	1.46917534e-12	60.31613492
234.7649858	95.33739123	0.09824944862	2.414074335e-13	1.707911045e-12	56.75594457
234.7854543	81.68713852	0.09080225406	-5.813506027e-15	-9.217302022e-14	58.53537728
234.8997688	-45.06181801	-0.0259638652	-8.941702285e-15	-4.797023678e-14	68.33910308
235.0088121	41.54237793	0.05842221413	-9.27454417e-14	-1.920360533e-12	62.32035062
235.0998775	-106.9020596	-0.1426157192	3.444613119e-13	-2.770154065e-12	75.03169238
235.1574293	-16.6648886	0.006305915184	-1.100868374e-14	1.202631534e-12	66.33193202
235.1954459	13.59520878	0.03457136938	2.147395873e-14	-1.683923085e-12	64.32565081
235.1976172	-69.25223745	-0.06178519342	5.493888532e-14	-6.886711318e-13	70.5692856
235.262593	-89.39767362	-0.1007698751	-7.493072103e-14	7.307042337e-13	72.80017108
235.4241291	64.34944156	0.07724095085	-4.721340749e-15	-1.790999372e-13	60.5383909
235.6242174	95.52249843	0.09812641077	-1.325304275e-13	-9.698444616e-13	56.97819413
235.6308145	81.84099757	0.09065217552	-1.164330017e-13	-1.169295063e-12	58.75763285
235.6817596	-45.13364501	-0.02594523743	4.780231001e-14	-1.334572191e-12	68.56132116
235.8276437	41.61752464	0.05829030433	-2.336657699e-16	1.623508267e-13	62.54260215
235.8483492	-107.0629542	-0.1423664601	-3.759671013e-13	3.060217354e-12	75.25385921
235.9513265	-16.690307	0.006262218738	4.315576053e-15	-6.267017978e-13	66.55416395
235.9680903	-69.36142001	-0.06169558529	-2.075323116e-13	3.110115189e-12	70.79148791
236.0016148	13.6210121	0.03447660679	-4.351837003e-15	-4.201173593e-13	64.54789409
236.0219009	-89.53565448	-0.1006028727	1.111949759e-14	-6.74350207e-14	73.02235619
236.2559845	64.46723488	0.07708990702	1.530874581e-13	1.79602754e-12	60.76064669
236.4637796	-45.2053558	-0.02592662533	-5.524134696e-14	1.164361156e-12	68.78353925
236.4760893	81.99456501	0.09050286408	5.22657471e-15	-1.453062096e-13	58.97988825
236.4833338	95.7072427	0.09800382491	-1.248217681e-13	-8.451819283e-13	57.20044359
236.5968967	-107.2236104	-0.1421184138	2.242767237e-14	-2.045814606e-13	75.47602631
236.6464421	41.69253837	0.05815919373	1.524012637e-13	3.139313692e-12	62.76485351
236.7386096	-69.47043111	-0.06160637526	1.786120922e-13	-2.629242161e-12	71.01369031
236.7452338	-16.71568313	0.006218849421	1.917590291e-16	-9.522400055e-13	66.77639581
236.7812705	-89.67342492	-0.1004366713	-5.557130797e-14	5.694698561e-13	73.24454148
236.8077732	13.6467712	0.03438245156	-9.428126475e-15	3.98256734e-13	64.77013723
237.0877818	64.58481305	0.07693972417	-8.757902464e-14	-1.021265303e-12	60.98290228
237.2458285	-45.27695093	-0.02590802924	-4.8864585e-14	8.867142456e-13	69.00575734
237.3212791	82.1478425	0.09035431313	9.361949282e-14	8.619914707e-13	59.20214349
237.3423357	95.89162617	0.09788168869	1.935469219e-13	1.406782063e-12	57.42269296
237.3455197	-107.3840293	-0.1418715707	3.089837072e-13	-2.508332272e-12	75.69819368
237.4652074	41.76741983	0.05802887462	-8.421714802e-14	-1.807332483e-12	62.98710469
237.509175	-69.57927156	-0.06151756035	-7.100616482e-14	9.443955153e-13	71.23589279
237.5391513	-16.74101721	0.006175803805	-5.51296683e-14	3.638136851e-12	66.9986276
237.5407016	-89.8109859	-0.1002712646	1.061599532e-13	-1.166595425e-12	73.46672695
237.6139211	13.67248633	0.03428889771	-6.145579833e-15	2.34002846e-14	64.99238024
237.9195214	64.70217724	0.07679039423	-4.188084415e-14	-6.376930854e-13	61.20515769
238.0279063	-45.34843097	-0.02588944951	3.757788075e-14	-1.202666255e-12	69.22797543
238.0942178	-107.5442119	-0.1416259215	-1.588149879e-13	1.291165907e-12	75.92036132
238.1663843	82.30083168	0.09020651618	4.938592723e-14	3.541152849e-13	59.42439855
238.2012238	96.07565095	0.09775999979	-1.452988536e-13	-1.084172047e-12	57.64494222
238.2797862	-69.68794214	-0.06142913764	-1.916348851e-13	2.928554487e-12	71.45809536
238.2839398	41.84216971	0.05789933934	-1.559299373e-14	-5.338091474e-14	63.2093557
238.3001938	-89.94833838	-0.1001066464	6.778678795e-15	-1.804834176e-13	73.68891259
238.333079	-16.76630943	0.006133078513	1.290805154e-16	-6.374187703e-13	67.22085932
238.4200586	13.6981577	0.0341959393	7.408138035e-15	2.677910939e-13	65.21462312
238.7512036	64.81932862	0.07664190923	1.787275141e-13	2.103780838e-12	61.42741291
238.8100129	-45.41979646	-0.02587088645	-2.390899241e-14	5.576540243e-13	69.45019353
238.8429908	-107.7041593	-0.1413814568	1.495186392e-13	-1.216861031e-12	76.14252921
239.0114054	82.45353417	0.09005946677	-1.870474996e-13	-1.691268667e-12	59.64665345
239.0504429	-69.79644367	-0.06134110421	3.87357893e-13	-5.508026773e-12	71.68029802
239.0597469	-90.08548329	-0.09994281048	-1.199051407e-14	8.541497049e-14	73.9110984
239.0599988	96.25931911	0.0976387559	1.3714357e-13	9.87981192e-13	57.86719139
239.1026394	41.91678871	0.05777058036	1.009066131e-14	2.018684694e-13	63.43160654
239.1270167	-16.79156	0.006090670208	2.954303187e-14	-1.582663666e-12	67.44309096
239.2261858	13.72378554	0.03410357049	4.673882995e-14	3.148319832e-12	65.43686587
239.5828288	64.93626835	0.07649426132	-9.107398732e-14	-1.416784017e-12	61.64966794
239.5918382	-107.8638724	-0.1411381673	-2.44133799e-13	2.011699455e-12	76.36469737
239.5921481	-45.49104797	-0.0258523404	1.175949952e-14	-5.479698941e-14	69.67241163
239.8193607	-90.22242158	-0.09977975077	-1.418878624e-13	1.54964609e-12	74.13328439
239.8211451	-69.90477692	-0.06125345718	-1.537081947e-13	2.190635542e-12	71.90250077
239.856343	82.60595157	0.08991315855	1.401115761e-13	1.320242035e-12	59.86890819
239.9186613	96.44263272	0.09751795471	-1.348740112e-13	-9.581169632e-13	58.08944045
239.9209645	-16.81676913	0.006048575604	2.24152498e-14	-6.271302347e-13	67.66532254
239.9213063	41.9912775	0.05764259024	-6.555627859e-14	-1.478532871e-12	63.6538572
240.0323026	13.74937007	0.03401178552	-4.017912093e-14	-3.348014789e-12	65.65910849
240.3407598	-108.0233523	-0.1408960439	-2.580882692e-14	2.030383034e-13	76.58686579
240.3743117	-45.56218603	-0.02583381167	-1.055440569e-13	2.165126279e-12	69.89462974
240.4143971	65.05299756	0.07634744273	-1.514548029e-14	-2.053331444e-13	61.87192279
240.5790348	-90.35915417	-0.09961746123	6.177398144e-14	-5.966509274e-13	74.35547055
240.5918924	-70.01294267	-0.06116619372	-6.30681185e-14	1.047847993e-12	72.1247036
240.7011974	82.75808547	0.08976758525	4.886684566e-14	5.707243711e-13	60.09116276
240.7149222	-16.84193703	0.006006791454	-2.269981012e-16	4.856945186e-13	67.88755405
240.7399409	42.06563678	0.05751536164	4.60647861e-15	6.649816897e-13	63.8761077
240.7772119	96.62559384	0.09739759392	6.68812951e-14	4.714823277e-13	58.31168942
240.8384092	13.77491151	0.03392057869	1.01309722e-14	1.067275622e-12	65.88135098
241.0897553	-108.1826	-0.1406550776	7.046138722e-14	-6.04497066e-13	76.80903446
241.1565036	-45.63321118	-0.02581530056	-8.385168599e-15	1.508865385e-13	70.11684784
241.245909	65.16951739	0.0762014458	-6.555181857e-14	-8.54859385e-13	62.09417746
241.338769	-90.495682	-0.09945593589	1.782442247e-13	-1.834898222e-12	74.57765687
241.3626847	-70.1209417	-0.061079311	1.496084403e-13	-2.014307781e-12	72.34690651
241.5088899	-16.8670639	0.005965314559	-4.652117437e-15	5.46026788e-13	68.10978549
241.5459692	82.90993746	0.08962274064	1.244315363e-14	1.462619271e-13	60.31341717
241.5585432	42.1398672	0.05738888732	2.591863755e-14	7.291818374e-13	64.09835803
241.6356512	96.80820448	0.09727767124	-1.686167876e-13	-1.196104363e-12	58.5339383
241.6445056	13.80041007	0.03382994439	-1.962280376e-14	-1.644592073e-12	66.10359335
241.8388243	-108.3416166	-0.1404152593	3.889838605e-14	-3.234199696e-13	77.03120339
241.9387238	-45.70412396	-0.02579680737	1.033494564e-13	-2.449565862e-12	70.33906596
242.0773646	65.28582896	0.07605626296	7.865821831e-14	7.336785783e-13	62.31643194
242.0985631	-90.63200597	-0.09929516885	-2.931301287e-14	3.224176731e-13	74.79984337
242.1335218	-70.22877478	-0.06099280623	-2.514781533e-14	3.040822383e-13	72.56910951
242.3028674	-16.89214993	0.00592414176	4.813897593e-14	-2.401027613e-12	68.33201686
242.3771134	42.21396945	0.05726316012	-6.710466364e-14	-1.40719736e-12	64.32060819
242.3906588	83.06150908	0.0894786186	-7.100530092e-14	-7.672218771e-13	60.53567142
242.4505919	13.82586597	0.03373987708	2.616593047e-14	1.713634185e-12	66.32583558
242.49398	96.99046665	0.09715818439	2.367605762e-13	1.787883033e-12	58.75618707
242.5879665	-108.500403	-0.1401765804	5.598674994e-14	-4.488342202e-13	77.25337257
242.720972	-45.7749249	-0.02577833239	2.78009381e-14	5.827188298e-13	70.56128407
242.8584166	-90.76812701	-0.09913515428	-9.666682979e-14	1.109541172e-12	75.02203003
242.9044034	-70.33644267	-0.06090667665	-5.200587224e-14	6.978780385e-13	72.79131259
242.9087645	65.40193339	0.07591188675	1.173835614e-14	2.351306117e-13	62.53868625
243.0968548	-16.91719532	0.005883269941	-5.151905813e-14	4.289544735e-12	68.55424816
243.1956516	42.28794418	0.05713817299	-1.007000636e-14	-6.902212448e-15	64.54285818
243.2352666	83.2128019	0.08933521307	1.163786751e-13	1.001283727e-12	60.75792551
