200.0023939	-0.6897490921	0.01195508833	3.887638029e-15	-1.48361538e-12	83.3293483
200.012437	23.23893558	0.03431132492	-1.185377725e-14	-4.038850769e-14	79.98856289
200.305776	-62.60253673	-0.08218760189	1.956956911e-13	-2.13091166e-12	94.3607292
200.4489049	-25.08230083	-0.01535986332	1.047860872e-13	-3.899593784e-12	87.00511995
200.5189283	42.61265661	0.05089903589	9.651653248e-14	1.624185982e-12	76.98303365
200.5465737	-45.93557261	-0.04691628911	-9.186361329e-14	1.559963387e-12	90.68230543
200.7131503	56.58454362	0.06103637173	1.424186998e-13	1.464949045e-12	73.97965454
200.8023844	-0.689748538	0.01190763403	-3.215482335e-16	-9.049504008e-13	83.66269746
200.8290578	23.28800126	0.03422094596	-2.252823989e-14	-8.991693156e-13	80.32192635
201.0598346	-62.71444966	-0.08202003193	-2.184409443e-13	2.476765987e-12	94.69400668
201.23295	-25.12937581	-0.01534684877	1.180110291e-15	1.832936055e-13	87.33844895
201.3153273	-46.02021155	-0.04683044621	1.389653606e-13	-2.372869369e-12	91.01561015
201.3528223	42.7044685	0.05078948077	-1.117148355e-13	-1.701424481e-12	77.31640351
201.5650168	56.71095228	0.06093732018	-2.192573765e-16	2.174729624e-14	74.31302089
201.6023749	-0.6897479877	0.01186055497	-2.407990702e-15	1.543245506e-12	83.99604648
201.6456442	23.3369656	0.03413120576	4.55210171e-14	1.451873622e-12	80.6552896
201.8139737	-62.82616526	-0.08185342279	9.157366719e-14	-1.043777157e-12	95.02728447
202.0170255	-25.17636122	-0.01533384727	-1.423784443e-14	6.385200821e-13	87.67177795
202.084138	-46.10469555	-0.04674507295	1.302417237e-13	-2.146159015e-12	91.34891502
202.1866435	42.79608274	0.05068063021	1.493867318e-13	2.295856999e-12	77.64977312
202.4023656	-0.6897474412	0.01181384674	-2.365197406e-16	-1.961559806e-12	84.32939538
202.4167675	56.8370767	0.06083876399	1.866681873e-14	1.964803621e-13	74.64638708
202.4621965	23.38582921	0.0340420971	5.235888915e-15	2.966817453e-13	80.98865263
202.5681931	-62.93768455	-0.08168776554	-2.058319576e-13	2.381061376e-12	95.36056259
202.8011313	-25.22325759	-0.01532085916	-1.271928032e-13	3.983433154e-12	88.00510695
202.8530053	-46.18902545	-0.04666016508	-1.953774943e-13	3.30952216e-12	91.68222006
203.0203924	42.88750063	0.05057247668	-3.742339486e-14	-5.857665676e-13	77.98314251
203.2023563	-0.6897468984	0.01176750497	8.767594166e-15	1.099870957e-12	84.66274417
203.2684029	56.96291879	0.06074069916	2.022549761e-15	-2.45092216e-15	74.9797531
203.278715	23.43459272	0.03395361289	-7.279175325e-14	-2.136114124e-12	81.32201546
203.3224921	-63.04900857	-0.08152305135	2.340592915e-13	-2.64939968e-12	95.69384102
203.585267	-25.27006542	-0.01530788476	6.761457556e-14	-2.229999958e-12	88.33843596
203.6219291	-46.27320211	-0.04657571836	-1.330251556e-13	2.271244523e-12	92.01552524
203.8540695	42.97872341	0.05046501279	-7.823188192e-14	-1.126401785e-12	78.31651166
204.0023471	-0.6897463595	0.01172152536	6.877489074e-15	3.893333463e-14	84.99609282
204.0768705	-63.16013835	-0.0813592715	-1.754392532e-13	1.921753917e-12	96.02711976
204.0951997	23.48325673	0.03386574613	9.813235517e-14	2.887522343e-12	81.65537808
204.1199241	57.08848043	0.06064312169	-8.455407781e-14	-8.957125324e-13	75.31311896
204.3694327	-25.31678521	-0.01529492438	-3.14748681e-14	1.197095044e-12	88.67176497
204.390909	-46.35722635	-0.04649172864	1.434701431e-13	-2.346555517e-12	92.34883058
204.6876752	43.06975233	0.05035823123	6.439349896e-14	1.091805089e-12	78.64988059
204.8023379	-0.6897458242	0.01167590368	-1.986449449e-15	9.263317425e-13	85.32944137
204.8313278	-63.27107488	-0.08119641739	-6.619362313e-14	8.178746534e-13	96.36039881
204.911651	23.53182187	0.03377848993	-3.457949134e-14	-9.385646003e-13	81.9887405
204.9713316	57.2137635	0.06054602766	2.110601124e-13	2.093901699e-12	75.64648466
205.1536281	-25.36341745	-0.01528197832	4.590085885e-14	-1.461698015e-12	89.00509399
205.1599448	-46.44109901	-0.04640819182	1.175907697e-13	-1.980483661e-12	92.68213606
205.5212099	43.16058862	0.05025212481	6.814700876e-15	2.438666048e-13	78.98324929
205.5858636	-63.38181918	-0.08103448053	1.782699483e-13	-1.986309417e-12	96.69367816
205.6023288	-0.6897452925	0.01163063576	2.383721249e-15	1.115708679e-13	85.66278979
205.7280689	23.58028872	0.03369183752	-5.726128547e-14	-1.995674107e-12	82.32210272
205.8226262	57.33876983	0.06044941317	-1.229558017e-13	-1.241264765e-12	75.9798502
205.929036	-46.52482088	-0.04632510383	-1.533930752e-13	2.612618268e-12	93.0154417
205.937853	-25.40996263	-0.01526904689	-1.062492915e-14	4.665789473e-13	89.33842302
206.3404774	-63.49237225	-0.08087345253	1.203737141e-13	-1.405583469e-12	97.02695782
206.3546741	43.2512335	0.05014668644	-2.723559901e-14	-4.018420627e-13	79.31661777
206.4023198	-0.6897447645	0.01158571752	-5.552421629e-15	-9.681071109e-13	85.99613809
206.5444538	23.62865788	0.03360578221	7.999213652e-14	2.746579813e-12	82.65546474
206.6738088	57.46350125	0.06035327438	-3.53019156e-14	-3.519886919e-13	76.31321558
206.6981825	-46.6083928	-0.04624246068	1.798945742e-13	-2.974803124e-12	93.34874749
206.7221073	-25.45642125	-0.01525613037	3.326493321e-17	-1.841775995e-13	89.67175204
207.095169	-63.60273507	-0.08071332511	-1.210031385e-13	1.3429974e-12	97.36023778
207.1880683	43.34168816	0.05004190915	1.152828597e-13	1.622093716e-12	79.64998603
207.2023109	-0.6897442401	0.01154114491	-6.000101051e-15	-8.859748397e-13	86.32948629
207.3608058	23.67692994	0.03352031743	-6.256316738e-14	-1.894648254e-12	82.98882656
207.4673839	-46.69181555	-0.04616025839	-2.047659132e-14	3.177347004e-13	93.68205342
207.5063908	-25.50279377	-0.01524322905	9.416510367e-14	-2.886775397e-12	90.00508108
207.5248799	57.58795957	0.06025760746	1.186942177e-13	1.151913412e-12	76.6465808
207.8499378	-63.71290862	-0.0805540901	-8.150450538e-14	9.259729556e-13	97.69351803
208.002302	-0.6897437192	0.01149691396	1.672071009e-15	6.326856161e-13	86.66283436
208.0213928	43.43195382	0.04993778604	-2.06208464e-13	-3.073057654e-12	79.98335407
208.1771251	23.72510548	0.03343543671	8.696906408e-14	2.57892767e-12	83.32218819
208.23664	-46.77508994	-0.04607849307	-7.352536339e-14	1.245906539e-12	94.0153595
208.2907033	-25.54908069	-0.01523034318	-4.005469711e-14	1.034986757e-12	90.33841011
208.3758404	57.71214658	0.06016240866	-6.593653044e-14	-7.513161422e-13	76.97994586
208.6047836	-63.82289386	-0.08039573942	-2.63801875e-13	3.043231701e-12	98.02679858
208.8022932	-0.6897432018	0.01145302075	-3.282082815e-15	7.371919077e-13	86.99618233
208.8546482	43.52203164	0.04983431035	1.497693402e-13	2.402420939e-12	80.3167219
208.9934119	23.77318508	0.03335113365	-1.541012281e-14	-3.013056534e-13	83.65554962
209.0059503	-46.85821676	-0.04599716086	-8.832093009e-14	1.352602862e-12	94.34866572
209.0750447	-25.59528246	-0.01521747305	-5.138843081e-14	2.006948848e-12	90.67173916
209.2266909	57.83606403	0.06006767423	-1.600858974e-14	-1.599642669e-13	77.31331078
209.3597059	-63.93269177	-0.08023826509	3.798781778e-13	-4.379706448e-12	98.36007942
209.6022845	-0.6897426879	0.01140946144	4.585967925e-15	2.208602507e-13	87.32953018
209.6878349	43.61192279	0.04973147538	-8.600935318e-16	6.923640233e-15	80.65008951
209.7753148	-46.94119678	-0.04591625794	9.247092443e-14	-1.588977319e-12	94.68197209
209.8096665	23.82116932	0.03326740198	2.257101891e-14	4.556633215e-13	83.98891087
209.8594149	-25.64139957	-0.0152046189	-1.115543734e-14	4.16818238e-13	91.00506821
210.0774322	57.95971369	0.05997340049	1.201916454e-13	1.23120789e-12	77.64667553
210.1147042	-64.0423033	-0.08008165925	-2.138713392e-13	2.446005321e-12	98.69336055
210.4022758	-0.6897421775	0.01136623222	-1.054939429e-15	-7.958773724e-13	87.66287792
210.5209532	43.70162843	0.04962927456	3.829483269e-16	4.71033851e-14	80.98345691
210.544733	-47.02403079	-0.04583578055	-2.19883882e-13	3.681168272e-12	95.01527859
210.6258889	23.86905874	0.03318423551	-5.122481748e-14	-1.662654315e-12	84.32227192
210.6438137	-25.68743247	-0.01519178097	6.879721902e-14	-2.014919299e-12	91.33839726
210.8697784	-64.15172938	-0.07992591411	8.969262836e-15	-1.195032735e-13	99.02664197
210.9280649	58.08309727	0.05987958379	7.806590172e-14	7.721264384e-13	77.98004014
211.2022672	-0.6897416704	0.01132332936	2.850796597e-15	1.572898481e-12	87.99622556
211.3142047	-47.10671954	-0.04575572498	1.459963992e-13	-2.349979751e-12	95.34858524
211.3540036	43.7911497	0.04952770138	8.188093283e-14	1.186890125e-12	81.3168241
211.4282408	-25.73338162	-0.01517895952	-3.190914918e-14	1.485654553e-12	91.67172632
211.4420794	23.91685392	0.03310162812	-4.742464645e-15	-1.906431794e-13	84.65563279
211.6249278	-64.26097096	-0.079771022	7.166028301e-16	1.077796608e-14	99.35992367
211.7785898	58.20621649	0.0597862205	-1.754714724e-13	-1.733562487e-12	78.31340459
212.0022587	-0.6897411668	0.01128074918	3.626997579e-15	-1.848129504e-12	88.32957308
212.0837296	-47.18926381	-0.04567608754	9.725841412e-14	-1.590293199e-12	95.68189203
212.1869865	43.88048773	0.04942674945	-1.356273201e-13	-2.100464852e-12	81.65019108
212.2126963	-25.77924748	-0.01516615478	-4.641947314e-15	8.652730077e-14	92.00505538
212.2582382	23.96455541	0.03301957382	8.892883081e-15	2.374639927e-13	84.98899348
212.3801523	-64.37002898	-0.07961697532	1.966320847e-13	-2.25402717e-12	99.69320566
212.6290075	58.32907304	0.05969330706	-1.580463874e-13	-1.62761663e-12	78.6467689
212.8022502	-0.6897406665	0.01123848804	-1.962789622e-15	2.932890188e-12	88.6629205
212.8533075	-47.27166434	-0.04559686461	-3.04396988e-14	3.33313496e-13	96.01519895
212.9971798	-25.8250305	-0.01515336697	-8.411404857e-14	2.854383879e-12	92.33838446
213.0199023	43.96964366	0.04932641247	-3.691650332e-14	-4.865719847e-13	81.98355786
213.0743654	24.01216376	0.03293806669	-1.305071081e-14	-1.932659934e-13	85.32235398
213.1354513	-64.47890434	-0.07946376659	-1.137324548e-13	1.302025766e-12	100.0264879
213.4793187	58.45166859	0.05960083992	1.755347797e-13	1.798666432e-12	78.98013305
213.6022418	-0.6897401695	0.01119654238	-8.71582195e-15	-1.001148057e-12	88.99626782
213.622938	-47.35392189	-0.04551805261	-3.328341075e-14	5.946674209e-13	96.34850602
213.7816913	-25.87073112	-0.0151405963	1.394506377e-13	-4.944448457e-12	92.67171353
213.8527515	44.05861857	0.0492266842	6.027014157e-15	1.033070626e-13	82.31692444
213.8904613	24.05967951	0.03285710087	-7.765341066e-15	-6.192152236e-13	85.6557143
213.8908246	-64.58759797	-0.07931138839	-1.076728161e-13	1.252977498e-12	100.3597705
214.3295242	58.5740048	0.05950881557	6.812579227e-14	6.830789085e-13	79.31349706
214.3926209	-47.4360372	-0.045439648	-3.904269902e-14	7.474165723e-13	96.68181322
214.4022335	-0.6897396758	0.01115490868	-3.557989122e-15	-2.943797137e-12	89.32961503
214.5662306	-25.9163498	-0.01512784301	-8.645472875e-14	2.912397914e-12	93.00504261
214.6462718	-64.69611077	-0.07915983343	4.624779711e-13	-5.286573505e-12	100.6930533
214.6855344	44.14741358	0.04912755853	1.272125488e-14	2.290212397e-13	82.65029081
214.706526	24.1071032	0.03277667064	6.20357934e-14	1.670609336e-12	85.98907444
215.1623559	-47.518011	-0.04536164727	6.274000472e-14	-1.134104213e-12	97.01512055
215.1796244	58.69608331	0.05941723057	-1.530164944e-13	-1.559524377e-12	79.64686092
215.2022252	-0.6897391853	0.01111358347	-2.217435514e-15	2.849028857e-12	89.66296214
215.3507975	-25.96188697	-0.01511510728	1.065041067e-14	-5.755762247e-13	93.3383717
215.4017924	-64.80444364	-0.07900909447	-3.154218607e-13	3.617759055e-12	101.0263364
215.5182514	44.23602977	0.04902902939	2.857746839e-14	5.165507291e-13	82.98365699
215.5225597	24.15443536	0.03269677031	-8.43998395e-14	-2.590840118e-12	86.32243441
215.9321428	-47.59984402	-0.04528404697	2.695338104e-14	-3.088215883e-13	97.34842802
216.002217	-0.689738698	0.01107256333	5.852709826e-15	-2.900043421e-13	89.99630915
216.0296202	58.81790574	0.05932608146	5.454988148e-14	5.997013824e-13	79.98022464
216.135392	-26.00734307	-0.01510238933	4.34470056e-14	-1.445065653e-12	93.6717008
216.1573862	-64.91259747	-0.07885916439	3.196406597e-13	-3.689167293e-12	101.3596197
216.3385626	24.20167652	0.03261739431	5.567681485e-15	6.684576262e-13	86.6557942
216.3509029	44.32446821	0.04893109085	-2.46485029e-14	-4.665597313e-13	83.31702297
216.7019812	-47.68153699	-0.04520684368	-2.271990094e-13	3.879243941e-12	97.68173561
216.8022088	-0.689738214	0.0110318449	-6.157668552e-15	-1.73636526e-12	90.32965605
216.8795122	58.93947369	0.05923536487	-1.826524611e-13	-1.935730368e-12	80.31358821
216.9130527	-65.02057315	-0.07871003612	-2.638740419e-13	3.114274716e-12	101.6929033
216.9200138	-26.05271852	-0.01508968934	-4.481605715e-14	1.779869691e-12	94.0050299
217.1545348	24.24882721	0.03253853713	1.554087601e-14	4.498952558e-13	86.98915382
217.1834894	44.41272997	0.04883373701	1.376487513e-13	2.183497434e-12	83.65038875
217.471871	-47.76309061	-0.04513003403	1.744057842e-13	-3.073175553e-12	98.01504334
217.6022007	-0.689737733	0.01099142485	2.568792668e-15	1.350993712e-14	90.66300286
217.6687917	-65.12837156	-0.07856170271	-3.606178202e-14	3.886282371e-13	102.0261872
217.7046629	-26.09801376	-0.0150770075	-8.870173148e-15	4.313807943e-13	94.338359
217.729301	59.06078876	0.05914507742	2.424240017e-13	2.535153062e-12	80.64695164
217.9704766	24.29588793	0.03246019334	2.007210742e-14	4.216406542e-13	87.32251327
218.0160112	44.50081611	0.04873696208	-4.835253511e-14	-8.025967712e-13	83.98375435
218.2418118	-47.84450561	-0.04505361469	-1.509576699e-13	2.617106255e-12	98.3483512
218.4021927	-0.6897372552	0.01095129994	-1.049074109e-14	-9.146651753e-13	90.99634957
218.4246027	-65.23599356	-0.07841415726	1.174106039e-13	-1.363782905e-12	102.3594714
218.489339	-26.1432292	-0.015064344	-3.609907988e-14	1.606776896e-12	94.67168811
218.5789872	59.18185251	0.0590552158	-3.828953332e-14	-3.576962103e-13	80.98031493
218.7863881	24.34285922	0.0323823576	2.218486443e-14	8.089862427e-13	87.65587255
218.8484687	44.58872767	0.04864076035	-1.91026244e-14	-8.524450713e-14	84.31711975
219.0118034	-47.92578269	-0.04497758235	1.633946174e-13	-2.784105601e-12	98.68165919
219.1804855	-65.34344002	-0.078267393	1.197354507e-13	-1.437302317e-12	102.6927558
219.2021847	-0.6897367805	0.01091146692	-8.452708495e-15	1.579898802e-12	91.32969618
219.274042	-26.18836528	-0.015051699	7.52229706e-14	-2.374230908e-12	95.00501723
219.4285715	59.3026665	0.05896577672	1.494442448e-13	1.518331806e-12	81.31367807
219.6022694	24.38974156	0.03230502464	-9.645420793e-15	-4.915210656e-13	87.98923166
219.6808622	44.67646569	0.04854512617	-2.330912067e-14	-2.649817263e-13	84.65048496
219.7818456	-48.00692254	-0.04490193377	-8.3911618e-14	1.513729452e-12	99.01496731
219.9364396	-65.45071179	-0.07812140318	-1.815727476e-13	2.100299337e-12	103.0260405
220.0021768	-0.6897363089	0.01087192263	8.111242077e-15	-1.343790528e-12	91.66304269
220.0587719	-26.2334224	-0.01503907269	4.394968473e-14	-1.539170143e-12	95.33834636
220.2780544	59.42323227	0.05887675691	-4.226291693e-14	-4.539848493e-13	81.64704108
220.4181208	24.43653547	0.03222818926	-1.456599455e-14	-3.982014794e-13	88.3225906
220.5131922	44.76403118	0.04845005399	1.357082587e-13	2.327106744e-12	84.98384998
220.551938	-48.08792586	-0.04482666572	-5.255204236e-14	8.284295921e-13	99.34827556
220.6924648	-65.55780973	-0.07797618118	-2.580404159e-13	2.994434154e-12	103.3593254
220.8021689	-0.6897358403	0.01083266394	-2.549650841e-15	8.530546964e-13	91.99638911
220.8435283	-26.27840099	-0.01502646523	-2.540779184e-14	6.836808929e-13	95.67167549
221.1274368	59.54355134	0.05878815316	-5.72704006e-14	-6.725081857e-13	81.98040395
221.2339425	24.48324145	0.03215184634	2.567631789e-14	1.268651781e-12	88.65594938
221.3220805	-48.16879334	-0.04475177502	5.396917394e-14	-8.144553304e-13	99.68158393
221.345459	44.85142516	0.04835553833	-1.728270242e-13	-2.640627961e-12	85.31721482
221.4485606	-65.66473467	-0.07783172044	1.926440647e-13	-2.24513974e-12	103.6926106
221.6021611	-0.6897353747	0.01079368777	-3.353144871e-15	-7.107790341e-13	92.32973544
221.6283113	-26.32330144	-0.01501387677	-1.182979338e-14	4.138295275e-13	96.00500463
221.976719	59.66362523	0.05869996228	-1.440456073e-13	-1.546154892e-12	82.31376668
222.0497345	24.52985998	0.03207599082	7.833270464e-15	-2.095748006e-14	88.989308
222.0922728	-48.24952565	-0.04467725853	-5.257751331e-14	8.588005483e-13	100.0148924
222.177663	44.93864864	0.04826157377	-4.027110558e-14	-5.372341036e-13	85.65057948
222.2047267	-65.77148746	-0.07768801446	7.884149768e-14	-9.38781981e-13	104.025896
222.4021533	-0.6897349121	0.01075499108	9.012160012e-15	2.339710982e-12	92.66308167
222.4131207	-26.36812417	-0.01500130747	1.980118439e-14	-5.786311097e-13	96.33833377
222.8259018	59.78345541	0.0586121811	-1.077554666e-13	-1.134367312e-12	82.64712927
222.8625146	-48.33012348	-0.04460311315	1.438061343e-13	-2.611162951e-12	100.348201
222.8654971	24.57639157	0.03200061773	-1.179548486e-13	-3.816805395e-12	89.32266646
222.9609629	-65.87806891	-0.07754505685	2.399117346e-14	-2.927702256e-13	104.3591817
223.0098045	45.02570261	0.04816815497	1.075466038e-14	3.80729152e-13	85.98394395
223.1979563	-26.41286957	-0.01498875748	2.570774631e-15	1.718167069e-13	96.67166292
223.2021456	-0.6897344525	0.01071657087	9.790396984e-15	-1.767380579e-12	92.99642781
223.6328057	-48.41058749	-0.0445293358	5.685585307e-14	-7.87831064e-13	100.6815098
223.6749857	59.90304338	0.05852480651	2.372950884e-13	2.515242566e-12	82.98049173
223.6812304	24.62283668	0.03192572215	8.213680551e-14	2.953877051e-12	89.65602476
223.7172687	-65.98447985	-0.07740284127	-4.88370762e-14	6.672194988e-13	104.6924676
223.841884	45.11258805	0.04807527669	7.709881325e-15	8.784597274e-14	86.31730824
223.982818	-26.45753806	-0.01497622694	-1.44614765e-14	3.08562567e-13	97.00499208
224.002138	-0.6897339957	0.01067842419	-1.087291545e-14	4.404433502e-13	93.32977386
224.4031459	-48.49091834	-0.04445592344	-6.199306127e-14	9.649713207e-13	101.0148186
224.4736439	-66.0907211	-0.07726136145	-1.58375333e-14	1.417376639e-13	105.0257538
224.4969345	24.66919581	0.03185129925	1.14979499e-14	-1.467172784e-13	89.9893829
224.5239714	60.02239059	0.05843783542	-6.435820605e-14	-6.984375064e-13	83.31385405
224.6739017	45.19930594	0.04798293371	6.821498274e-14	9.300459422e-13	86.65067236
224.7677056	-26.50213001	-0.014963716	1.116696511e-15	-1.245482102e-13	97.33832124
224.8021304	-0.6897335419	0.01064054813	-4.877586451e-15	-3.98143465e-13	93.66311982
225.1735348	-48.5711167	-0.04438287308	-1.183028203e-13	2.123931515e-12	101.3481276
225.2300881	-66.19679347	-0.07712061123	-5.007767301e-14	5.820786638e-13	105.3590402
225.3126098	24.71546943	0.03177734424	3.120670858e-14	1.300305703e-12	90.32274089
225.3728593	60.1414985	0.05835126475	9.335873027e-15	1.139306323e-13	83.64721625
225.5058581	45.28585724	0.04789112092	-9.715872972e-14	-1.648058919e-12	86.98403629
225.5526191	-26.54664583	-0.01495122478	-2.199567287e-14	9.235126357e-13	97.67165041
225.6021228	-0.6897330909	0.01060293983	9.489421513e-15	1.351040034e-12	93.99646569
225.9439723	-48.65118322	-0.04431018175	1.332042735e-13	-2.174917563e-12	101.6814367
225.9866009	-66.30269775	-0.07698058448	-2.790013227e-15	7.130076812e-14	105.6923269
226.1282562	24.761658	0.03170385243	-3.195343802e-14	-1.112499793e-12	90.65609872
226.2216502	60.26036853	0.05826509149	-5.513747932e-14	-5.878424708e-13	83.9805783
226.3375583	-26.5910859	-0.01493875342	1.214290519e-14	-4.039888856e-13	98.00497958
226.3377535	45.37224292	0.04779983327	-7.010231447e-14	-9.91138645e-13	87.31740006
226.4021154	-0.6897326428	0.01056559644	-1.068543917e-14	-7.089541325e-13	94.32981147
226.7144582	-48.73111855	-0.04423784652	1.036881926e-14	-2.172275129e-13	102.0147459
226.7431821	-66.40843476	-0.07684127515	-1.427289564e-13	1.595596428e-12	106.0256138
226.9438739	24.80776201	0.03163081916	3.059058449e-14	1.065433003e-12	90.98945639
227.0703446	60.3790021	0.05817931262	1.030009892e-13	1.068306889e-12	84.31394023
227.1225231	-26.63545061	-0.01492630205	1.61741389e-14	-3.510433974e-13	98.33830877
227.1695881	45.45846391	0.04770906576	1.817810177e-13	3.124136049e-12	87.65076364
227.2021079	-0.6897321975	0.01052851518	-9.66124576e-15	-6.846800201e-13	94.66315716
227.4849921	-48.81092333	-0.04416586448	-6.418710283e-14	1.099829095e-12	102.3480553
227.4998314	-66.51400526	-0.07670267728	1.484894025e-13	-1.775188357e-12	106.3589009
227.7594632	24.8537819	0.03155823985	1.064153367e-14	4.900284552e-13	91.32281392
227.9075133	-26.67974033	-0.01491387077	1.696260804e-14	-8.096570346e-13	98.67163796
227.918943	60.49740063	0.05809392519	2.22295158e-15	-5.415859791e-14	84.64730202
228.0013625	45.54452116	0.04761881347	-9.954926097e-14	-1.611939183e-12	87.98412706
228.0021005	-0.6897317549	0.0104916933	2.753518281e-16	1.068005932e-12	94.99650277
228.2555739	-48.8905982	-0.04409423278	-6.463508533e-14	1.129853027e-12	102.6813647
228.2565484	-66.61941006	-0.07656478496	-4.702744828e-14	6.020095118e-13	106.6921883
228.5750242	24.89971815	0.03148610999	-7.937899816e-14	-2.483267975e-12	91.6561713
228.6925288	-26.72395546	-0.01490145972	-3.71786162e-14	1.312612731e-12	99.00496715
228.767446	60.6155655	0.05800892626	4.122415511e-14	4.212649855e-13	84.98066369
228.8020932	-0.6897313152	0.0104551281	4.713645993e-15	-2.216901238e-13	95.32984829
228.8330769	45.6304156	0.04752907156	5.628961469e-14	8.62548181e-13	88.31749031
229.0133327	-66.72464992	-0.07642759235	1.282244555e-13	-1.572740765e-12	107.0254759
229.0262033	-48.97014379	-0.04402294858	-4.70397007e-14	8.168125693e-13	103.0146743
229.3905569	24.9455712	0.03141442512	3.023508345e-14	1.128610644e-12	91.98952852
229.4775695	-26.76809637	-0.014889069	-1.963593414e-14	3.676161732e-13	99.33829636
229.6020859	-0.6897308781	0.01041881688	-1.558194023e-15	-3.737215587e-13	95.66319373
229.6158542	60.73349809	0.05792431291	-1.748968014e-13	-1.939923782e-12	85.31402523
229.6647316	45.71614815	0.04743983521	2.228733139e-13	3.562855511e-12	88.65085339
229.7701842	-66.82972562	-0.07629109368	-9.635062989e-14	1.156083071e-12	107.3587637
229.7968801	-49.04956072	-0.04395200908	8.924889319e-14	-1.580746547e-12	103.347984
230.2060617	24.9913415	0.03134318085	-5.464093356e-15	-1.354426565e-13	92.32288561
230.2626352	-26.81216342	-0.01487669872	2.185555695e-14	-2.616562538e-13	99.67162557
230.4020787	-0.6897304438	0.01038275703	3.742926374e-15	-1.420480709e-12	95.99653908
230.4641681	60.85119976	0.05784008226	2.535894096e-13	2.691956039e-12	85.64738664
230.496327	45.80171971	0.04735109971	-2.788119974e-13	-4.715889986e-12	88.9842163
230.5271024	-66.93463792	-0.07615528324	1.106460998e-13	-1.322063937e-12	107.6920518
230.5676041	-49.12884963	-0.04388141151	-1.165501793e-13	2.117784144e-12	103.6812938
231.0215386	25.0370295	0.03127237283	1.093661863e-14	6.794755241e-13	92.65624254
231.0477259	-26.85615699	-0.01486434899	5.599506784e-15	-2.363381738e-13	100.0049548
231.2020715	-0.6897300122	0.01034694592	3.521374438e-15	1.902368916e-12	96.32988435
231.2840871	-67.03938759	-0.0760201554	1.068550701e-13	-1.224819085e-12	108.0253401
231.3123883	60.96867187	0.05775623147	-7.711238455e-14	-8.700441253e-13	85.98074792
231.3278634	45.88713119	0.04726286039	-9.101880771e-14	-1.526251503e-12	89.31757905
231.338375	-49.20801112	-0.04381115312	8.685647069e-14	-1.414556368e-12	104.0146037
231.8328414	-26.90007744	-0.01485201991	1.543509122e-14	-5.21552712e-13	100.338284
231.8369877	25.08263565	0.03120199679	-4.8757245e-14	-1.710951265e-12	92.98959933
232.0020644	-0.6897295832	0.01031138101	1.613373979e-15	-1.851800869e-12	96.66322954
232.041138	-67.14397538	-0.07588570458	-2.241326514e-13	2.663136237e-12	108.3586286
232.1091926	-49.28704582	-0.04374123122	7.03953815e-14	-1.326779189e-12	104.3479137
232.1593412	45.97238349	0.04717511263	1.483089464e-13	2.471467898e-12	89.65094163
232.1605153	61.08591576	0.05767275772	4.13011763e-14	4.798780665e-13	86.31410908
232.6179816	-26.94392514	-0.01483971156	3.179042939e-14	-8.800071707e-13	100.6716132
232.6524093	25.12816038	0.03113204851	3.252801175e-14	7.748323846e-13	93.32295598
232.7982547	-67.24840203	-0.07575192526	-1.594873897e-13	1.907160289e-12	108.6919173
232.8020573	-0.6897291569	0.01027605976	4.526261089e-15	-6.776400066e-13	96.99657465
232.8800567	-49.36595432	-0.04367164312	-9.070637669e-14	1.474890727e-12	104.6812239
232.9907607	46.0574775	0.04708785189	-8.807503419e-15	-2.036158876e-13	89.98430405
233.0085497	61.20293274	0.0575896582	2.701687565e-14	2.708983824e-13	86.64747011
233.4031463	-26.98770045	-0.01482742406	3.370300061e-14	-1.712716321e-12	101.0049425
233.4678034	25.17360412	0.03106252383	1.45979327e-14	5.912513049e-13	93.65631249
233.555437	-67.35266829	-0.07561881199	-9.442379616e-14	1.099679427e-12	109.0252063
233.6020503	-0.6897287332	0.01024097968	-3.638547849e-15	6.873075648e-13	97.32991967
233.6509671	-49.44473723	-0.04360238618	-4.16609163e-14	8.177549352e-13	105.0145341
233.8221222	46.14241409	0.04700107368	9.628853756e-14	1.673517339e-12	90.31766631
233.8564919	61.31972414	0.05750693016	-2.711018469e-13	-2.899926691e-12	86.98083102
234.1883355	-27.03140373	-0.01481515747	-5.846195939e-14	2.02971763e-12	101.3382717
234.2831703	25.21896731	0.03099341864	-9.857187957e-14	-3.385551267e-12	93.98966886
234.3126845	-67.45677489	-0.07548635938	1.03396409e-13	-1.260594376e-12	109.3584955
234.4020433	-0.6897283121	0.0102061383	-4.68886053e-15	3.249905196e-13	97.66326462
234.4219235	-49.52339515	-0.04353345777	2.483118051e-13	-4.363384343e-12	105.3478445
234.6534259	46.22719413	0.04691477358	-7.565078766e-14	-1.304498012e-12	90.65102841
234.7043426	61.43629124	0.05742457085	2.989220766e-14	3.202246581e-13	87.31419181
234.9735489	-27.07503532	-0.0148029119	-3.043726124e-14	1.326148787e-12	101.671601
235.069997	-67.56072257	-0.07535456209	1.96719049e-14	-2.4747854e-13	109.6917849
235.09851	25.26425037	0.03092472887	1.035813803e-13	3.420040883e-12	94.32302509
235.1929258	-49.60192867	-0.04346485531	-6.93240943e-14	1.277825516e-12	105.681155
235.2020364	-0.6897278936	0.01017153319	-4.377228109e-15	-1.177220186e-12	97.99660949
235.4846724	46.31181849	0.04682894719	1.366584457e-14	1.792145035e-13	90.98439035
235.5521022	61.55263534	0.05734257756	1.694678732e-13	1.817815568e-12	87.64755247
235.7587866	-27.11859559	-0.01479068742	3.462339394e-14	-1.249040979e-12	102.0049302
235.8273741	-67.66451205	-0.07522341487	1.177997429e-13	-1.400543422e-12	110.0250745
235.9138228	25.30945373	0.03085645054	-2.407350289e-14	-1.021188561e-12	94.65638118
235.9639736	-49.68033838	-0.04339657623	-5.774114832e-15	1.577560675e-13	106.0144655
236.0020295	-0.6897274776	0.01013716196	7.182574771e-15	-7.562239121e-13	98.32995428
236.3158617	46.39628801	0.04674359021	6.461040847e-16	1.293501225e-13	91.31775214
236.3997713	61.66875772	0.05726094762	-2.20451853e-13	-2.412218359e-12	87.98091302
236.5440484	-27.16208488	-0.01477848412	1.599832917e-14	-5.094334924e-13	102.3382595
236.5848156	-67.76814406	-0.07509291248	9.208855414e-14	-1.231177063e-12	110.3583643
236.7291087	25.35457781	0.03078857969	3.14216274e-14	9.344321516e-13	94.98973714
236.7350669	-49.75862487	-0.04332861801	1.625176532e-14	-2.894823955e-13	106.3477762
236.8020227	-0.6897270641	0.01010302225	-2.91229561e-15	8.541279506e-13	98.66329899
237.1469944	46.48060356	0.04665869838	-1.082099705e-13	-1.715985033e-12	91.65111377
237.2473504	61.78465963	0.05717967836	2.478277226e-13	2.719852099e-12	88.31427344
237.3293341	-27.20550353	-0.01476630206	-5.234708096e-14	1.959244091e-12	102.6715888
237.3423212	-67.8716193	-0.07496304979	-1.170714484e-14	6.731531668e-14	110.6916543
237.5062054	-49.8367887	-0.04326097813	5.924406825e-14	-1.014617035e-12	106.681087
237.5443678	25.39962302	0.03072111243	-1.141455265e-14	-6.29469749e-13	95.32309296
237.6020159	-0.6897266531	0.01006911172	7.12497775e-15	7.442439215e-13	98.99664363
237.9780706	46.56476596	0.04657426747	9.72606768e-14	1.708737311e-12	91.98447524
238.0948399	61.90034233	0.05709876715	-1.354566017e-13	-1.455584321e-12	88.64763374
238.0998906	-67.97493848	-0.07483382168	-1.955075511e-13	2.386247022e-12	111.0249446
238.1146437	-27.2488519	-0.01475414132	4.431324328e-14	-1.671350677e-12	103.004918
238.2773888	-49.91483047	-0.04319365412	6.999911544e-14	-1.182028925e-12	107.0143979
238.3596004	25.44458977	0.03065404491	1.335112687e-15	1.616075362e-13	95.65644865
238.4020091	-0.6897262446	0.01003542808	2.980545671e-15	-7.99764072e-13	99.32998819
238.8090907	46.64877604	0.04649029334	-5.882602971e-15	-1.951869995e-13	92.31783657
238.8575235	-68.07810231	-0.07470522312	1.626845976e-13	-1.96324884e-12	111.3582351
238.899977	-27.29213031	-0.01474200197	-1.799266382e-14	5.278137421e-13	103.3382473
238.9422404	62.01580705	0.05701821139	-2.675473133e-15	-6.576988362e-14	88.98099393
239.048617	-49.99275073	-0.04312664352	-9.188546425e-14	1.451682686e-12	107.3477089
239.1748066	25.48947848	0.03058737334	2.53080531e-14	9.972202468e-13	95.98980421
239.2020024	-0.6897258386	0.01000196906	3.689826113e-15	2.360056913e-12	99.66333268
239.6152196	-68.18111149	-0.07457724912	-1.517625385e-13	1.962884033e-12	111.6915257
239.6400549	46.73263464	0.04640677188	2.186771815e-14	5.851757518e-13	92.65119774
239.6853339	-27.33533912	-0.01472988407	3.826194747e-14	-8.65093325e-13	103.6715766
239.7895525	62.13105503	0.0569380085	-5.689280313e-14	-6.946847062e-13	89.314354
239.8198897	-50.07055005	-0.04305994392	-5.615829125e-14	9.64694694e-13	107.68102
239.9899865	25.53428954	0.03052109397	-1.794352341e-14	-8.178525718e-13	96.32315964
240.0019957	-0.689725435	0.009968732406	7.63689435e-15	-2.955543831e-12	99.99667709
240.3729786	-68.28396671	-0.07444989474	-2.370190301e-13	2.906949818e-12	112.0248166
240.4707143	-27.37847864	-0.01471778769	-5.339201176e-14	1.334428925e-12	104.0049059
240.4709637	46.81634257	0.04632369903	-1.715205106e-13	-2.849525098e-12	92.98455877
240.5912068	-50.14822901	-0.04299355291	-4.45130437e-14	8.307316982e-13	108.0143312
240.6367764	62.24608748	0.05685815592	6.600663576e-14	7.397315537e-13	89.64771395
240.8019891	-0.6897250338	0.009935715923	-7.18218958e-15	2.224279378e-12	100.3300214
240.8051402	25.57902336	0.0304552031	-4.988305537e-14	-1.776243567e-12	96.65651493
241.1308003	-68.38666866	-0.07432315511	1.70850337e-13	-2.070313639e-12	112.3581077
241.2561181	-27.42154922	-0.01470571289	4.424964378e-14	-1.285207414e-12	104.3382352
241.3018172	46.89990063	0.0462410708	7.196250395e-14	1.049455954e-12	93.31791964
241.3625681	-50.22578814	-0.04292746812	6.985744839e-15	-1.233046678e-13	108.3476425
241.4839129	62.3609056	0.05677865112	8.564501886e-14	9.149963987e-13	89.98107378
241.6019825	-0.6897246349	0.009902917425	-6.369367692e-15	-7.70522799e-13	100.6633657
241.6202679	25.62368034	0.03038969709	5.073278877e-14	1.079001548e-12	96.9898701
241.8886844	-68.48921802	-0.0741970254	1.312095219e-13	-1.591596959e-12	112.691399
242.0415452	-27.46455118	-0.01469365973	-5.509137231e-14	1.691894351e-12	104.6715646
242.1326158	46.98330963	0.04615888323	2.376476815e-13	4.133820535e-12	93.65128037
242.1339733	-50.30322801	-0.0428616872	6.28810351e-14	-1.033605549e-12	108.6809539
242.3309623	62.47551058	0.05669949161	-2.812607903e-13	-3.086929446e-12	90.3144335
242.401976	-0.6897242385	0.009870334762	-5.226145009e-15	7.013853807e-13	100.9967099
242.4353697	25.66826087	0.03032457233	2.053717085e-14	3.565008583e-13	97.32322514
242.6466306	-68.59161546	-0.07407150084	1.422891458e-13	-1.68545326e-12	113.0246905
242.8269954	-27.50748486	-0.01468162825	3.872945283e-14	-1.139079285e-12	105.0048939
242.9054222	-50.38054916	-0.04279620784	-2.93927406e-14	7.691005203e-13	109.0142654
242.9633598	47.06657037	0.04607713242	-1.849425894e-13	-3.049520819e-12	93.98464096
243.1779251	62.58990362	0.05662067489	4.681880278e-14	5.550771293e-13	90.64779311
243.2019695	-0.6897238444	0.00983796581	1.774678494e-15	-1.356003781e-12	101.330054
243.2504457	25.71276535	0.03025982527	2.79749911e-14	8.968226984e-13	97.65658006
243.4046386	-68.69386168	-0.0739465767	-6.60922247e-14	8.066894131e-13	113.3579822
243.6124687	-27.55035057	-0.01466961852	4.935072001e-14	-2.027666323e-12	105.3382232
243.6769147	-50.45775214	-0.04273102772	-2.470121211e-15	1.211754e-13	109.347577
243.7940494	47.14968363	0.04599581452	-6.766856215e-15	-5.01837418e-14	94.3180014
244.0019631	-0.6897234527	0.009805808472	-3.359460007e-15	-6.886302024e-13	101.6633981
244.0248019	62.70408588	0.05654219853	-5.389280257e-15	-1.324363422e-14	90.9811526
244.0654961	25.75719415	0.0301954524	3.816853337e-15	-5.396617076e-14	97.98993485
244.1627081	-68.79595732	-0.07382224832	-1.773382389e-13	2.158651016e-12	113.6912741
244.397965	-27.59314864	-0.01465763058	-2.886919987e-14	1.132213766e-12	105.6715525
244.4484505	-50.53483748	-0.04266614459	5.257435366e-14	-8.436376893e-13	109.6808887
244.6246849	47.23265019	0.04591492571	-2.018203013e-14	-6.060354812e-13	94.65136169
244.8019567	-0.6897230632	0.00977386068	-5.421347142e-15	2.170799264e-12	101.996742
244.871593	62.81805852	0.05646406007	6.640525083e-14	6.73265348e-13	91.31451198
244.880521	25.80154767	0.03013145024	-5.095708926e-14	-1.529629809e-12	98.32328952
244.920839	-68.89790305	-0.07369851106	-1.888549924e-13	2.415894885e-12	114.0245662
245.183484	-27.63587939	-0.01464566448	-1.036400184e-13	3.499288893e-12	106.0048819
245.2200294	-50.61180574	-0.04260155618	-4.284991813e-15	7.876142972e-14	110.0142005
245.4552667	47.31547083	0.04583446223	3.907258212e-14	6.873790247e-13	94.98472185
245.6019503	-0.689722676	0.009742120394	-5.830408171e-15	1.182060402e-12	102.330086
245.6790309	-68.99969954	-0.07357536037	2.526966641e-13	-3.147882865e-12	114.3578585
245.6955206	25.84582629	0.03006781539	-3.113183277e-14	-1.045909653e-12	98.65664406
245.718299	62.9318227	0.05638625713	2.073981152e-13	2.19656473e-12	91.64787125
245.9690259	-27.67854313	-0.01463372025	-6.241530584e-15	-3.438097745e-13	106.3382112
245.9916513	-50.68865743	-0.04253726028	6.485327017e-14	-1.27614725e-12	110.3475124
246.285795	47.39814631	0.04575442037	4.617379375e-14	7.770402603e-13	95.31808186
246.401944	-0.6897222911	0.009710585596	1.1456794e-14	-2.135057082e-12	102.6634298
246.4372835	-69.10134743	-0.07345279171	8.206263465e-15	-9.298888633e-14	114.6911509
246.5104949	25.89003038	0.03000454445	5.640780419e-14	2.021000364e-12	98.98999849
246.5649203	63.04537954	0.0563087873	-2.201689849e-13	-2.377121324e-12	91.9812304
246.7545903	-27.72114018	-0.01462179795	1.084784649e-13	-3.721753229e-12	106.6715406
246.763316	-50.76539308	-0.04247325469	4.349676288e-14	-6.559484279e-13	110.6808244
247.1162701	47.4806774	0.04567479646	-1.023906031e-13	-1.824709072e-12	95.65144173
247.1955966	-69.20284738	-0.07333080061	1.894094391e-13	-2.390294398e-12	115.0244436
247.2019377	-0.6897219085	0.0096792543	-1.078082923e-14	1.718674811e-13	102.9967736
247.325444	25.93416033	0.02994163409	-6.601038128e-14	-1.981851717e-12	99.32335279
247.4114573	63.15873019	0.05623164824	-9.449983472e-15	-1.403455956e-13	92.31458945
247.5350232	-50.84201322	-0.04240953722	-2.038437047e-14	4.368697584e-13	111.0141365
247.5401773	-27.76367085	-0.01460989762	-9.802669891e-14	3.550580965e-12	107.00487
247.9466923	47.56306485	0.04559558688	1.064682545e-13	1.696469362e-12	95.98480147
247.95397	-69.30420003	-0.07320938265	-2.61560269e-13	3.282484838e-12	115.3577365
248.0019315	-0.6897215281	0.00964812454	-1.054200974e-14	-1.375856313e-12	103.3301173
248.1403682	25.9782165	0.02987908102	1.179056334e-13	3.884282075e-12	99.65670697
248.2579106	63.27187576	0.05615483759	1.125766449e-14	1.335106864e-13	92.64794839
248.3067728	-50.91851837	-0.04234610572	9.728284992e-15	-2.327318467e-13	111.3474487
248.3257866	-27.80613545	-0.01459801928	-1.73526374e-14	6.158383206e-13	107.3381993
248.7124033	-69.40540601	-0.07308853343	4.23112384e-14	-5.175591911e-13	115.6910295
248.7770618	47.6453094	0.04551678804	-5.329590646e-14	-7.385952883e-13	96.31816107
248.8019253	-0.6897211499	0.009617194378	1.27765129e-14	3.492767914e-13	103.6634609
248.9552676	26.02219925	0.02981688198	-1.226445104e-13	-4.252284067e-12	99.99006104
249.0785646	-50.99490905	-0.04228295806	-9.116499767e-15	8.819749398e-14	111.680761
249.1042806	63.38481736	0.05607835306	1.924639139e-13	2.191804213e-12	92.98130722
249.1114183	-27.84853429	-0.01458616297	4.9173362e-14	-1.765600327e-12	107.6715287
249.4708963	-69.50646596	-0.07296824864	-2.725299325e-15	-4.666206885e-14	116.0243227
249.6019191	-0.6897207738	0.009586461902	-5.758154741e-15	5.846026779e-14	103.9968045
249.6073789	47.7274118	0.0454383964	5.520687362e-14	9.899607903e-13	96.65152053
249.7701422	26.06610897	0.02975503377	8.675742713e-14	3.011026729e-12	100.323415
249.8503984	-51.07118576	-0.04222009212	-9.073671629e-14	1.435141122e-12	112.0140734
249.8970722	-27.89086766	-0.01457432873	5.988040695e-14	-2.746593363e-12	108.0048581
249.9505677	63.49755609	0.05600219233	1.474219063e-14	1.507468586e-13	93.31466594
250.2294488	-69.60738052	-0.07284852397	4.097918538e-14	-5.052428942e-13	116.3576162
250.401913	-0.6897204	0.009555925221	6.299245013e-15	5.089440714e-13	104.330148
250.4376438	47.80937278	0.04536040847	-1.117960249e-13	-1.939784536e-12	96.98487986
250.5849921	26.109946	0.0296935332	-2.726957879e-14	-1.364832094e-12	100.6567688
250.6222739	-51.14734902	-0.04215750582	1.041098567e-14	-1.404380578e-13	112.3473858
250.6827482	-27.93313588	-0.01456251659	-8.37552533e-14	2.775068427e-12	108.3381875
250.7967723	63.61009303	0.05592635315	-7.649534123e-14	-8.161982307e-13	93.64802455
250.9880605	-69.7081503	-0.07272935519	-1.478540742e-13	1.7261282e-12	116.6909098
251.2019069	-0.6897200283	0.00952558247	-6.508523178e-15	-1.836704479e-12	104.6634915
251.267857	47.89119308	0.0452828208	2.078922866e-14	3.522185655e-13	97.31823906
251.3941911	-51.22339933	-0.04209519709	6.120429299e-14	-1.137533207e-12	112.6806984
251.3998176	26.15371072	0.02963237714	-3.59619762e-14	-9.740825276e-13	100.9901225
251.4684462	-27.97533925	-0.01455072657	9.177693095e-14	-3.2437108e-12	108.6715169
251.642895	63.72242927	0.05585083325	3.972474476e-14	4.253458133e-13	93.98138306
251.7467311	-69.80877594	-0.0726107381	1.941746937e-13	-2.522806266e-12	117.0242036
252.0019009	-0.6897196587	0.009495431809	9.594623087e-15	2.856744677e-12	104.9968349
252.0980185	47.9728734	0.04520562997	3.029736577e-14	6.295854706e-13	97.65159812
252.1661498	-51.29933719	-0.04203316388	-1.428661337e-13	2.532584028e-12	113.0140111
252.2146187	26.19740347	0.02957156251	1.798916605e-14	4.162229974e-13	101.3234761
252.2541661	-28.01747805	-0.0145389587	-2.066131452e-13	7.259165902e-12	109.0048463
252.4889361	63.83456589	0.05577563042	-7.903419992e-14	-7.968837979e-13	94.31474146
252.5054604	-69.90925804	-0.07249266853	-1.31499632e-13	1.661251462e-12	117.3574976
252.8018949	-0.6897192913	0.009465471418	-1.256789262e-14	-1.78645727e-12	105.3301782
252.9281288	48.05441447	0.0451288326	-8.606574535e-14	-1.353658106e-12	97.98495706
252.9381497	-51.3751631	-0.04197140417	1.801544265e-13	-3.3243599e-12	113.3473238
253.0293956	26.24102461	0.02951108624	9.973483973e-14	3.588230782e-12	101.6568296
253.0399077	-28.0595526	-0.014527213	1.570294203e-13	-5.802689193e-12	109.3381757
253.2642481	-70.00959722	-0.07237514239	6.117792978e-14	-7.050252888e-13	117.6907917
253.334896	63.94650393	0.05570074244	8.186251843e-14	8.827649056e-13	94.64809975
253.6018889	-0.689718926	0.009435699501	8.587743766e-15	1.566343103e-12	105.6635214
253.7101906	-51.45087755	-0.04190991595	-1.203912288e-13	2.511598959e-12	113.6806366
253.758188	48.135817	0.04505242538	1.454826038e-13	2.694927406e-12	98.31831586
253.8256711	-28.10156317	-0.01451548949	8.384091792e-14	-2.720712112e-12	109.6715052
253.8441483	26.28457449	0.02945094531	-8.056636433e-15	-4.433971468e-13	101.990183
254.0230941	-70.10979408	-0.07225815558	-1.643603052e-13	2.165750133e-12	118.0240861
254.1807753	64.05824444	0.05562616713	-1.118466725e-14	-4.96553945e-14	94.98145794
254.401883	-0.6897185627	0.009406114287	4.34563518e-15	-1.323830596e-12	105.9968646
254.4822725	-51.52648104	-0.04184869725	5.053462183e-14	-8.328321247e-13	114.0139496
254.5881963	48.2170817	0.04497640501	-5.851749165e-14	-1.224847165e-12	98.65167453
254.6114561	-28.14351007	-0.0145037882	-1.122164337e-13	3.772400827e-12	110.0048346
254.658877	26.32805347	0.02939113675	-7.326736753e-14	-2.478217216e-12	102.3235363
254.781998	-70.20984924	-0.0721417041	-2.961197721e-14	2.833357453e-13	118.3573806
255.0265743	64.16978848	0.05555190231	-1.128519662e-13	-1.283042044e-12	95.31481603
255.2018771	-0.6897182015	0.009376714024	3.40114249e-15	2.790949024e-12	106.3302078
255.254395	-51.60197405	-0.04178774608	-5.73557733e-14	1.039268196e-12	114.3472626
255.3972626	-28.18539357	-0.01449210915	1.149474868e-13	-4.210914949e-12	110.338164
255.4181542	48.29820925	0.04490076822	-1.883945868e-13	-3.165291124e-12	98.98503308
255.4735818	26.37146187	0.0293316576	3.262960475e-14	1.074271903e-12	102.6568894
255.5409596	-70.30976328	-0.07202578395	4.252728216e-13	-5.368978628e-12	118.6906753
255.8722934	64.28113708	0.05547794586	1.451186293e-13	1.657463838e-12	95.64817402
256.0018713	-0.6897178423	0.009347496984	-6.922650703e-15	-1.483766317e-12	106.6635508
256.0265581	-51.67735706	-0.04172706053	-7.706107801e-15	2.798008879e-14	114.6805757
256.1830905	-28.22721397	-0.01448045234	-1.052563509e-13	3.618193877e-12	110.6714935
256.2480617	48.37920035	0.04482551182	3.01148909e-13	5.44842206e-12	99.3183915
256.2882628	26.41480006	0.02927250495	-2.897929721e-15	4.676299196e-13	102.9902425
256.2999787	-70.40953681	-0.07191039119	-1.217809711e-13	1.585111786e-12	119.0239701
256.7179331	64.39229125	0.05540429564	1.266321195e-13	1.378727959e-12	95.9815319
256.7987616	-51.75263055	-0.04166663865	4.384150861e-13	-8.32551308e-12	115.0138889
256.8018654	-0.6897174852	0.009318461458	-2.326637102e-15	-9.489496475e-14	106.9968938
256.9689397	-28.26897155	-0.01446881779	-6.840517011e-14	2.695213293e-12	111.0048229
257.059055	-70.50917041	-0.07179552191	-5.907934722e-15	1.170388661e-13	119.3572652
257.0779193	48.4600557	0.04475063261	-1.092827407e-13	-1.900265526e-12	99.65174979
257.1029202	26.45806836	0.02921367594	-2.151826411e-14	-8.038764155e-13	103.3235954
257.5634938	64.50325202	0.05533094954	-2.471877278e-13	-2.7605649e-12	96.31488968
257.5710052	-51.827795	-0.04160647854	-1.914210464e-13	3.464449625e-12	115.3472022
257.6018597	-0.6897171301	0.00928960576	5.970243747e-15	3.137705185e-12	107.3302368
257.7548101	-28.3106666	-0.01445720552	3.455064989e-14	-1.291457433e-12	111.3381524
257.8181883	-70.60866468	-0.07168117224	-5.842208448e-14	7.740331643e-13	119.6905604
257.907727	48.54077596	0.04467612746	-7.318246202e-14	-1.318984711e-12	99.98510796
257.917554	26.50126711	0.02915516771	-1.359755789e-14	-1.510585436e-13	103.6569483
258.3432889	-51.90285088	-0.04154657833	-3.153011188e-13	5.975088651e-12	115.6805155
258.4018539	-0.689716777	0.009260928226	2.029028766e-14	-2.058167345e-12	107.6635797
258.4089758	64.61402038	0.05525790549	-1.320301812e-13	-1.534870291e-12	96.64824736
258.5407016	-28.35229939	-0.01444561554	4.613832542e-14	-1.886146149e-12	111.6714819
258.5773783	-70.7080202	-0.07156733837	-1.604075248e-13	1.923224795e-12	120.0238558
258.7321643	26.54439665	0.02909697746	8.215043917e-14	3.749343575e-12	103.990301
258.7374852	48.62136181	0.04460199326	1.493590363e-13	2.306539445e-12	100.318466
259.1156124	-51.97779866	-0.04148693613	2.106496221e-13	-3.894890389e-12	116.013829
259.2018482	-0.6897164259	0.009232427209	-4.317302123e-15	-4.825439569e-12	107.9969225
259.2543796	64.72459734	0.05518516141	1.077218203e-13	1.249022448e-12	96.98160495
259.3266142	-28.3938702	-0.01443404785	-3.063371788e-14	1.573475526e-12	112.0048113
259.3366248	-70.80723753	-0.0714540165	1.030425905e-13	-1.265197936e-12	120.3571513
259.5467513	26.58745731	0.02903910243	-1.088277647e-13	-3.762185003e-12	104.3236536
259.5671941	48.70181393	0.04452822695	-7.654093005e-14	-1.640850994e-12	100.6518239
259.8879755	-52.05263881	-0.04142755012	-1.038139636e-13	2.218490674e-12	116.3471425
260.0018425	-0.6897160767	0.009204101086	-8.490115983e-15	2.39690549e-12	108.3302653
260.0959277	-70.90631727	-0.07134120288	-1.205796783e-14	1.774757406e-13	120.6904471
260.0997056	64.83498389	0.05511271527	1.211888087e-13	1.410617414e-12	97.31496243
260.1125477	-28.4353793	-0.01442250247	-6.205545979e-14	1.605441813e-12	112.3381408
260.3613151	26.63044942	0.02898153987	-5.283377837e-15	-3.713385383e-13	104.6570062
260.3968539	48.78213297	0.04445482549	-3.194401434e-15	8.779028477e-14	100.9851817
260.6603782	-52.12737178	-0.04136841845	5.853487094e-14	-1.013835533e-12	116.6804561
260.8018369	-0.6897157295	0.009175948251	5.830044843e-15	-5.903546766e-14	108.663608
260.8552865	-71.00525998	-0.07122889381	-3.721332891e-14	5.286711176e-13	121.023743
260.898502	-28.47682698	-0.01441097939	-4.921268624e-14	1.754722829e-12	112.6714703
260.9449542	64.945181	0.05504056503	-9.890938854e-15	-5.706209195e-14	97.64831981
261.1758558	26.67337331	0.02892428707	5.716472377e-14	1.57057885e-12	104.9903586
261.226465	48.86231959	0.04438178589	-8.257277767e-14	-1.452111232e-12	101.3185394
261.4328202	-52.20199805	-0.04130953931	-1.894836644e-14	4.124248931e-13	117.0137698
261.6018313	-0.6897153842	0.009147967118	-3.406640564e-15	-1.455012273e-12	108.9969507
261.6147012	-71.10406622	-0.07111708561	2.571517178e-13	-3.309226775e-12	121.357039
261.684477	-28.51821351	-0.01439947863	4.75150037e-14	-1.258521596e-12	113.0047998
261.7901258	65.05518964	0.05496870868	-5.24015314e-14	-6.49255998e-13	97.9816771
261.9903735	26.71622929	0.02886734136	4.535516108e-14	1.313672e-12	105.3237109
262.0560275	48.94237445	0.04430910517	6.723895036e-14	1.375784513e-12	101.651897
262.2053013	-52.27651805	-0.04125091092	1.082442985e-13	-2.196100277e-12	117.3470836
262.3741715	-71.20273656	-0.07100577464	1.735261096e-13	-2.268268184e-12	121.6903353
262.4018257	-0.6897150408	0.009120156123	-1.599423454e-14	4.012854232e-12	109.3302933
262.4704728	-28.55953914	-0.01438800018	7.6149472e-14	-3.635766926e-12	113.3381293
262.6352208	65.16501079	0.05489714424	3.119512899e-13	3.602331143e-12	98.31503429
262.8048683	26.7590177	0.02881070009	-1.515699124e-14	-6.62938798e-13	105.6570631
262.8855416	49.0222982	0.04423678041	-5.543953052e-14	-1.024338634e-12	101.9852544
262.9778214	-52.35093226	-0.0411925315	-2.964596173e-13	5.649074177e-12	117.6803975
263.1336971	-71.30127157	-0.07089495731	-1.611978067e-13	2.077707652e-12	122.0236317
263.2018202	-0.6897146993	0.009092513717	-7.568481068e-15	-1.476425963e-12	109.6636358
263.256489	-28.60080416	-0.01437654405	-4.244124644e-14	1.851716383e-12	113.6714588
263.4802395	65.2746454	0.05482586973	-3.398762604e-13	-3.973423206e-12	98.64839138
263.6193404	26.80173884	0.02875436066	-5.483923999e-14	-1.779268895e-12	105.9904152
263.7150077	49.10209147	0.04416480872	3.18087865e-13	5.671493769e-12	102.3186117
263.7503804	-52.4252411	-0.04113439928	1.929277303e-13	-3.826534432e-12	118.0137115
263.8932779	-71.39967178	-0.07078463006	5.116208716e-14	-5.752069994e-13	122.3569282
264.0018147	-0.6897143597	0.009065038372	-1.059051208e-14	-2.81592409e-12	109.9969783
264.0425258	-28.64200883	-0.01436511023	1.103511786e-14	-1.166192029e-14	114.0047884
264.3251824	65.3840944	0.0547548832	-1.810256165e-13	-2.164390809e-12	98.98174837
264.4337897	26.84439304	0.02869832048	-8.870753803e-14	-2.712574839e-12	106.3237672
264.522978	-52.49944504	-0.04107651254	9.380076934e-15	-7.210538426e-14	118.3470255
264.5444259	49.18175491	0.04409318722	-9.432419715e-14	-1.898347041e-12	102.6519689
264.6529135	-71.49793777	-0.07067478934	-5.173678807e-13	6.597558626e-12	122.6902249
