200.0219229	-6.692286057	0.1091771092	3.347351112e-15	-2.031710525e-12	24.98908229
200.0536157	-163.4939845	-0.2489822456	-1.206698707e-13	7.805264093e-13	28.62489822
200.0631705	196.1054241	0.2624814609	-8.062286457e-14	-2.280006777e-13	19.97375185
200.1738713	-218.6504456	-0.4709026682	-1.684108192e-13	7.721257036e-13	30.64709027
200.2191074	160.9614662	0.2948688557	1.81517108e-13	6.841583959e-13	21.37051311
200.2211926	85.95992354	0.2266938787	-3.697696608e-14	-1.684023993e-13	23.37733061
200.2445136	-235.9723289	-0.5492541825	3.758628326e-14	-1.110705965e-13	31.35492542
200.2878949	-39.52345891	0.0594932836	9.904688782e-14	-2.480477198e-12	25.59405067
200.3034883	-143.3969547	-0.1802194435	3.396826586e-14	-1.398838052e-13	28.01802194
200.3665401	109.7046849	0.2540334205	-1.065137103e-14	-3.321495051e-13	22.87459666
200.367028	146.4046	0.2886161022	-3.788552317e-13	-1.910886518e-12	21.87113839
200.415653	129.5828193	0.2748321456	1.33334502e-13	6.891540981e-13	22.37251679
200.447308	-70.04363247	0.00540303107	-1.395898103e-13	2.188969681e-12	26.1994597
200.4475553	-182.7355912	-0.3201986629	-2.830300281e-13	1.465113564e-12	29.33201987
200.4534458	-121.5921111	-0.1147341196	4.490441459e-13	-3.125315183e-12	27.41147341
200.456496	26.60766027	0.153564817	4.460987388e-14	4.473491963e-13	24.48464352
200.5019273	-97.36103647	-0.05277070679	-3.192338841e-14	4.938739626e-13	26.80527707
200.5077808	185.7467047	0.2821826727	8.311465423e-14	2.354869407e-13	20.47178173
200.7295188	-201.1816508	-0.3939240347	2.177766726e-15	-2.445080834e-14	30.0393924
200.7992338	58.1454928	0.192636066	4.274902811e-14	7.035424755e-13	23.98073639
200.8035544	-163.7847094	-0.2485505517	1.798946698e-13	-1.104404694e-12	28.72485506
200.8218358	-6.692311662	0.1087451865	2.182040409e-14	2.049300061e-12	25.08912548
200.8483525	174.2251936	0.2925615746	-2.217479938e-13	-7.174941451e-13	20.97074384
200.9013693	-219.0181159	-0.469965347	3.384187668e-13	-1.298374947e-12	30.74699653
200.9629534	196.59453	0.2624167231	4.439518256e-14	1.087799763e-13	20.07375833
200.9648897	-236.3611724	-0.548147829	5.27459046e-13	-1.83752558e-12	31.45481478
201.0487906	86.14877775	0.2260252884	-9.598912805e-14	-6.858169621e-13	23.47739747
201.0613012	-143.6554029	-0.1799517536	1.990549954e-13	-1.524441258e-12	28.11799518
201.0789931	-39.58869681	0.05917923545	-3.229731548e-15	2.488021128e-13	25.69408208
201.0866059	161.3351223	0.2942827673	-2.153748031e-13	-8.452168575e-13	21.47057172
201.1898803	-183.0543815	-0.319601541	3.465422537e-13	-1.724819202e-12	29.43196015
201.203774	109.9459631	0.2533355059	-2.509433398e-14	-3.715451689e-15	22.97466645
201.2193031	-121.8132326	-0.1146245434	-1.456027628e-13	1.156719919e-12	27.51146245
201.2242016	146.7369446	0.287954762	2.535870319e-13	1.175408115e-12	21.97120452
201.2297987	-70.16866544	0.005219956635	6.738707578e-14	-1.121090454e-12	26.299478
201.2627421	129.8714554	0.2741351868	-9.966656447e-14	-7.171283156e-13	22.47258648
201.2654243	26.67416802	0.1530348467	-3.10764451e-14	-2.831229122e-13	24.58469652
201.2760076	-97.53810438	-0.05281193475	8.486963514e-14	-1.627433907e-12	26.90528119
201.3964799	186.1978051	0.2818895229	4.470065855e-14	1.219395978e-13	20.57181105
201.4644056	-201.5256974	-0.3931597933	1.79015419e-13	-8.406717582e-13	30.13931598
201.55358	-164.0749241	-0.2481211084	9.850517745e-14	-6.561033383e-13	28.82481211
201.6173682	58.27568045	0.1920278949	6.140461693e-14	7.807660678e-13	24.08079721
201.6217494	-6.692337012	0.1083166693	-1.78614672e-14	6.936572271e-13	25.18916833
201.6289846	-219.3851827	-0.4690331221	-3.283929527e-13	1.300533583e-12	30.84690331
201.6853916	-236.7493919	-0.5470474439	-6.661744813e-13	2.394495392e-12	31.55470474
201.7262421	174.6376306	0.2920982271	7.216912629e-14	2.921688178e-13	21.07079018
201.819189	-143.9133879	-0.1796853155	-1.576931469e-13	8.776322883e-13	28.21796853
201.8624888	197.0823945	0.2623495641	1.539745189e-13	4.453774426e-13	20.17376504
201.870109	-39.65380702	0.05886776198	-3.659988392e-14	1.551280916e-12	25.79411322
201.8763305	86.33723111	0.2253617356	-8.515215615e-15	-4.188314826e-13	23.57746383
201.9323029	-183.3726256	-0.3190076344	-2.706974027e-13	1.430915718e-12	29.53190076
201.9539479	161.7078992	0.2937002962	4.340907519e-14	1.170667391e-13	21.57062997
201.9852225	-122.0339492	-0.1145152237	-1.477736743e-13	9.248580855e-13	27.61145152
202.012323	-70.29345901	0.005038555247	-1.009495435e-14	4.516413238e-13	26.39949614
202.0409275	110.1867166	0.2526427572	-9.20203189e-14	-6.782544798e-13	23.07473572
202.0501362	-97.71484072	-0.05285243947	1.799755313e-13	-1.817569768e-12	27.00528524
202.0743351	26.74054091	0.1525089652	1.845374899e-14	4.212622577e-13	24.6847491
202.0812458	147.0685277	0.2872979432	-5.531951184e-14	-1.751587982e-13	22.07127021
202.109727	130.1594474	0.273443242	1.84671902e-13	1.121360789e-12	22.57265568
202.1994	-201.8691682	-0.3923997023	-1.788976642e-13	6.94733461e-13	30.23923997
202.2849641	186.6477909	0.281596612	1.482754382e-13	4.116645162e-13	20.67184034
202.3036921	-164.3646314	-0.2476938963	-2.815525798e-13	1.671573729e-12	28.92476939
202.3567165	-219.7516491	-0.468105949	2.696135624e-14	-1.049743877e-13	30.94681059
202.4060185	-237.1369903	-0.5459529759	-3.919690165e-13	1.380592074e-12	31.6545953
202.4216637	-6.692362111	0.1078915176	-2.202584948e-14	-6.971657871e-13	25.28921085
202.4354656	58.40559889	0.1914243487	-1.640022745e-14	2.484512102e-13	24.18085757
202.5771514	-144.1709123	-0.1794201191	-1.603628075e-13	1.304046854e-12	28.31794201
202.6039475	175.0490757	0.2916370811	8.484233069e-15	3.512950447e-14	21.17083629
202.6612426	-39.71879028	0.05855883271	-5.846274998e-14	1.116763103e-12	25.89414412
202.6748227	-183.6903264	-0.3184169148	-2.457785496e-13	1.311751858e-12	29.63184169
202.7038126	86.52528617	0.2247031605	2.167326994e-13	2.044057244e-12	23.67752968
202.7512038	-122.2542629	-0.1144061606	-3.713010857e-15	3.924742415e-14	27.71144062
202.7617783	197.5690269	0.2622800421	-2.735879794e-13	-7.810713113e-13	20.273772
202.7948808	-70.41801458	0.004858806521	4.764926628e-14	-6.73845771e-13	26.49951412
202.8211344	162.0798031	0.2931214047	1.46705166e-13	6.272961455e-13	21.67068786
202.824313	-97.89124734	-0.0528922311	-1.319386542e-13	1.105059158e-12	27.10528922
202.8780012	110.4269489	0.2519551131	1.807315241e-13	1.382563301e-12	23.17480449
202.8832283	26.80677979	0.1519871243	-7.842058321e-14	-2.207108613e-12	24.78480129
202.9345013	-202.212066	-0.3916437251	-7.602543976e-13	3.153640554e-12	30.33916437
202.9381614	147.3993546	0.2866455947	-2.529349127e-13	-1.197034652e-12	22.17133544
202.9566085	130.4467997	0.2727562525	-4.990929914e-14	-5.028384894e-13	22.67272437
203.0538903	-164.6538339	-0.2472688959	1.959394992e-13	-1.236957334e-12	29.02472689
203.0845644	-220.1175178	-0.4671837837	2.165160134e-13	-8.555393132e-13	31.04671838
203.1267699	-237.5239706	-0.5448643742	8.99081278e-13	-3.238986213e-12	31.75448644
203.173235	187.0966705	0.2813039552	-6.011713271e-15	-9.925583883e-14	20.7718696
203.2215787	-6.692386963	0.1074696917	-5.672982533e-15	7.791447951e-13	25.38925303
203.2535262	58.53524977	0.1908253727	-7.651679812e-14	-6.530765996e-13	24.28091746
203.3351881	-144.4279784	-0.1791561546	1.702203207e-13	-9.329708075e-13	28.41791562
203.4174392	-184.0074867	-0.3178293542	1.630217092e-13	-8.910600333e-13	29.73178294
203.4523937	-39.78364734	0.05825241762	1.68619887e-13	-2.610777013e-12	25.99417476
203.4814701	175.4595358	0.2911781208	-7.350318666e-14	-1.520668611e-13	21.27088219
203.5172465	-122.4741761	-0.1142973539	3.039795993e-14	-2.536885964e-13	27.81142974
203.5312372	86.71294544	0.2240495043	-2.750242146e-13	-2.51453941e-12	23.77759505
203.5774718	-70.54233349	0.004680690389	4.558825722e-14	-1.449411311e-13	26.59953193
203.5985376	-98.0673261	-0.0529313196	-2.790710465e-13	3.039370025e-12	27.20529313
203.6608238	198.0544366	0.262208214	5.421946286e-13	1.602420747e-12	20.37377918
203.6697091	-202.5543937	-0.3908918257	1.018604897e-12	-4.454721058e-12	30.43908918
203.6881665	162.45084	0.2925460559	-5.445948985e-14	-1.625210795e-13	21.77074539
203.6921041	26.87288545	0.1514692767	4.578781346e-14	1.873681804e-12	24.88485307
203.7149954	110.6666632	0.2512725134	-8.700874648e-15	-2.941538232e-13	23.27487275
203.7949492	147.7294304	0.2859976659	4.092586594e-13	1.935567467e-12	22.27140023
203.8033872	130.7335165	0.2720741604	6.213887072e-13	-2.664841264e-13	22.77279258
203.804174	-164.9425342	-0.2468460883	-1.436062075e-13	7.728583062e-13	29.12468461
203.8125278	-220.4827919	-0.4662665828	1.205863871e-13	-4.219360384e-13	31.14662666
203.8476452	-237.9103357	-0.5437815886	-2.082520075e-13	7.445698164e-13	31.85437816
204.0214943	-6.692411572	0.1070511529	1.358719447e-13	-8.95657266e-13	25.48929488
204.0612941	187.544452	0.2810115672	-2.77684197e-13	-9.449169708e-13	20.87189884
204.0715502	58.66463474	0.1902309133	-7.89565953e-14	1.738857172e-13	24.38097691
204.0932985	-144.6845888	-0.1788934123	1.221833567e-13	-8.99794361e-13	28.51788934
204.1601518	-184.324109	-0.3172449248	8.579921739e-14	-2.844109623e-13	29.83172449
204.2435623	-39.84837893	0.05794848718	2.062466495e-14	-7.894347745e-13	26.09420515
204.2833504	-122.693691	-0.1141888036	1.833458249e-13	-1.715865588e-12	27.91141888
204.3586048	86.90021142	0.223400709	2.668456052e-13	2.623790697e-12	23.87765993
204.358811	175.8690182	0.2907213305	3.101560362e-13	1.00402563e-12	21.37092787
204.3600958	-70.66641711	0.004504187097	4.884229212e-15	-1.591437197e-13	26.69954958
204.3728099	-98.24307882	-0.05296971479	2.053591057e-14	-7.854242202e-13	27.30529697
204.4050228	-202.8961542	-0.3901439684	-3.357723497e-13	1.367886458e-12	30.5390144
204.5009627	26.9388587	0.1509553756	-3.563003577e-14	-4.168605004e-13	24.98490446
204.5406062	-220.8474741	-0.4653543032	-2.494548491e-13	9.775003503e-13	31.24653543
204.5519108	110.905863	0.2505948989	-1.497375201e-13	-1.069235796e-12	23.37494051
204.554543	-165.230735	-0.2464254544	-2.043063627e-13	1.178199197e-12	29.22464255
204.5550453	162.821016	0.2919742133	-1.189135662e-13	-4.305910135e-13	21.87080258
204.5596271	198.5386326	0.2621341355	-3.743019972e-13	-1.048789266e-12	20.47378659
204.5686438	-238.2960885	-0.5427045695	2.813051266e-13	-1.009006276e-12	31.95427046
204.6500638	131.019602	0.2713969088	3.38730936e-14	1.168669247e-13	22.87286031
204.6516102	148.0587602	0.2853541072	4.212815054e-14	2.750262115e-13	22.37146459
204.8214106	-6.69243594	0.1066358629	-1.85366766e-14	5.777090374e-15	25.58933641
204.8514823	-144.9407458	-0.1786318825	-1.599386901e-13	1.116588497e-12	28.61786319
204.8895378	58.79375544	0.1896409175	-5.544382863e-14	-9.457420629e-13	24.48103591
204.90296	-184.6401963	-0.3166635993	5.673367611e-15	-2.173640083e-14	29.93166636
204.9491431	187.9911433	0.2807194622	3.156634065e-13	1.026294759e-12	20.97192805
205.0347482	-39.91298579	0.05764701229	-1.325517897e-14	7.890254899e-13	26.1942353
205.0495151	-122.9128096	-0.1140805097	-3.011699953e-13	2.572695513e-12	28.01140805
205.1404419	-203.2373502	-0.3894001179	-2.228347194e-14	9.148552854e-14	30.63894001
205.1427528	-70.79026677	0.004329277195	3.15331974e-15	5.349973039e-13	26.79956707
205.1471295	-98.41850732	-0.0530074263	5.324919691e-14	-5.2130119e-13	27.40530074
205.1859157	87.08708657	0.2227567176	-1.706699338e-13	-1.463326325e-12	23.97772433
205.2359717	176.2775296	0.2902666946	8.78839453e-14	3.910846156e-13	21.47097333
205.268799	-221.2115675	-0.4644469025	-7.32154738e-14	3.095967825e-13	31.34644469
205.2897652	-238.681232	-0.5416332679	5.300149001e-13	-1.927736254e-12	32.05416333
205.3049967	-165.5184388	-0.2460069757	2.59920911e-13	-1.555265937e-12	29.3246007
205.3098041	27.00470033	0.1504453752	7.720303616e-14	2.344878704e-12	25.08495546
205.3887478	111.1445516	0.2499222112	-1.487233436e-13	-1.28828303e-12	23.47500778
205.4217718	163.1903371	0.291405841	1.471145072e-14	6.272602534e-14	21.97085942
205.45819	199.021624	0.2620578606	-3.886862164e-13	-1.113711573e-12	20.57379421
205.4966389	131.3050604	0.270724442	-4.40596873e-14	-2.698427407e-13	22.97292756
205.5081451	148.3873491	0.2847148695	9.611744499e-14	5.668397873e-13	22.47152851
205.6097392	-145.1964519	-0.1783715557	2.604050695e-14	-2.93190767e-13	28.71783716
205.6213275	-6.692460072	0.1062237838	1.471534963e-14	-4.266304217e-13	25.68937762
205.6458635	-184.9557512	-0.3160853507	-2.740245633e-13	1.305395901e-12	30.03160854
205.7074892	58.92261348	0.1890553333	-6.931276183e-14	-1.952880513e-12	24.58109447
205.8157404	-123.1315342	-0.1139724718	-3.541477643e-14	5.096559373e-13	28.11139725
205.8259513	-39.97746863	0.0573479643	8.068939838e-14	-1.093926369e-12	26.2942652
205.8367833	188.4367523	0.280427654	-2.012478521e-13	2.783474634e-13	21.07195723
205.8759659	-203.5779845	-0.3886602396	-3.624634984e-13	1.535882234e-12	30.73886602
205.9214962	-98.59361339	-0.05304446363	-2.049000764e-13	2.187622891e-12	27.50530445
205.9254424	-70.91388379	0.004155941534	2.828099433e-14	2.487032949e-14	26.89958441
205.9971057	-221.5750747	-0.4635443389	-1.063580243e-13	4.115945963e-13	31.44635443
206.0110088	-239.065769	-0.5405676352	-3.234086695e-13	1.262195389e-12	32.15405676
206.0131702	87.27357332	0.2221174741	-7.698884251e-14	-6.151076681e-13	24.07778825
206.0555347	-165.8056482	-0.2455906337	-1.260937641e-13	6.445605254e-13	29.42455906
206.1129534	176.6850771	0.2898141979	4.425310608e-13	1.36125903e-12	21.57101858
206.1186283	27.07041113	0.1499392301	-4.804109359e-14	-3.41809506e-13	25.18500608
206.225507	111.3827322	0.249254393	9.078663603e-14	5.614322611e-13	23.57507456
206.288347	163.5588092	0.2908409034	-6.102037614e-14	-2.002213517e-13	22.07091591
206.3431133	131.5898957	0.2700567047	-2.666341418e-13	-1.717248569e-12	23.07299433
206.3565142	199.5034198	0.2619794423	2.100503115e-13	5.67768601e-13	20.67380206
206.3645548	148.715202	0.2840799049	-2.763308277e-13	-1.363794315e-12	22.57159201
206.3680688	-145.4517094	-0.1781124224	-2.645448294e-13	1.75369301e-12	28.81781124
206.3888617	-185.2707764	-0.3155101521	5.812031206e-14	-3.777032222e-13	30.13155102
206.4212451	-6.692483969	0.1058148788	-3.792822546e-14	5.364906423e-13	25.78941851
206.5254047	59.05121046	0.1884741095	7.254603228e-14	1.491241365e-12	24.68115259
206.5820258	-123.3498669	-0.11386469	-1.100327467e-13	6.879461656e-13	28.21138647
206.6115943	-203.9180599	-0.3879242989	-3.039771424e-13	1.407644753e-12	30.83879243
206.6171716	-40.04182818	0.05705131502	-3.461525906e-14	1.768873538e-12	26.39429487
206.6959096	-98.76839881	-0.05308083612	-2.107621699e-14	-7.597445347e-13	27.60530808
206.7081645	-71.03726949	0.00398416126	-3.872166429e-14	6.1254121e-13	26.99960158
206.7242163	188.881287	0.2801361558	-7.385127789e-14	-2.180200008e-13	21.17198638
206.7255257	-221.9379987	-0.4626465708	9.626123521e-13	-3.762356148e-12	31.54626466
206.7323741	-239.4497024	-0.5395076237	-2.759640268e-13	1.093412539e-12	32.25395076
206.8061566	-166.0923658	-0.2451764103	9.833281111e-14	-1.393020035e-13	29.52451764
206.8403687	87.45967411	0.2214829232	-1.487824612e-13	-5.312394029e-13	24.17785171
206.9274356	27.13599187	0.149436896	-3.537915437e-14	-1.117730298e-12	25.28505631
206.9897572	177.0916673	0.2893638249	-4.25390694e-13	-1.576804302e-12	21.67106362
207.0621888	111.620408	0.2485913878	-8.113874143e-14	-4.01639758e-13	23.67514086
207.1264705	-145.7065207	-0.1778544734	3.848868193e-13	-1.331614799e-12	28.91778545
207.1319542	-185.5852746	-0.3149379774	1.242551954e-13	-1.040145165e-13	30.2314938
207.154772	163.9264382	0.2902793657	-1.306733045e-13	-3.182144216e-13	22.17097206
207.1894875	131.874112	0.2693936429	3.286485695e-13	2.672200508e-12	23.17306064
207.2208401	149.042324	0.2834491658	-9.378661917e-13	1.195721611e-12	22.67165508
207.2211633	-6.692507637	0.1054091111	-1.097911171e-13	-5.954029113e-13	25.88945909
207.2546014	199.9840287	0.2618989322	1.037637192e-13	2.795381359e-13	20.77381011
207.3432844	59.17954797	0.1878971957	-6.179011461e-14	-7.601796077e-13	24.78121028
207.3473265	-204.2575791	-0.387192262	6.491264079e-13	-2.742630966e-12	30.93871923
207.3483711	-123.5678097	-0.1137571641	1.91259097e-13	-1.842176518e-12	28.31137572
207.408409	-40.10606513	0.05675703667	-8.868101944e-14	-1.510591332e-12	26.4943243
207.4538604	-239.8330349	-0.5384531859	2.648436791e-13	-9.009148819e-13	32.35384532
207.4540585	-222.3003422	-0.4617535573	-3.384725946e-13	1.349525919e-12	31.64617536
207.4703697	-98.94286534	-0.05311655296	2.002272915e-13	-2.273244974e-12	27.70531166
207.490919	-71.16042517	0.003813917807	5.626967376e-14	-9.427607386e-13	27.09961861
207.5568619	-166.378594	-0.2447642875	2.815032226e-13	-1.354947353e-12	29.62447643
207.6114435	189.324755	0.2798449805	4.511164061e-13	1.606096509e-12	21.2720155
207.6675115	87.6453913	0.2208530108	-7.905443857e-14	-4.717400384e-15	24.2779147
207.736226	27.20144334	0.1489383288	-4.008851471e-14	-1.0138298e-13	25.38510617
207.8663845	177.497307	0.2889155605	8.290163517e-13	4.192842406e-13	21.77110844
207.8751404	-185.8992483	-0.3143688003	2.329877177e-13	-1.128624329e-12	30.33143688
207.8849442	-145.9608881	-0.1775976993	1.983279138e-14	-9.993087432e-14	29.01775977
207.8987936	111.8575823	0.2479331402	4.164052405e-14	7.094350378e-13	23.77520669
208.0210478	164.2932297	0.2897211935	1.608650059e-14	6.87401053e-14	22.27102788
208.0210822	-6.692531077	0.1050064447	1.838911062e-12	5.057884453e-13	25.98949936
208.0357623	132.1577135	0.2687352031	-6.333002693e-14	-6.232174069e-13	23.27312648
208.0770019	149.3687197	0.2828226056	-4.183115837e-13	-3.426752524e-12	22.77171774
208.0831621	-204.5965449	-0.3864640952	-7.280670191e-14	2.323542987e-14	31.03864641
208.1147759	-123.7853647	-0.1136498938	1.254735047e-14	-6.897258049e-14	28.41136499
208.1524534	200.4634594	0.2618163807	1.075775661e-13	1.732123323e-13	20.87381836
208.1611286	59.30762756	0.1873245422	7.931859953e-14	2.019543368e-12	24.88126755
208.1754671	-240.2157694	-0.537404275	-1.498037356e-13	5.385914702e-13	32.45374043
208.1827036	-222.662108	-0.460865258	-3.51080372e-13	1.693312037e-12	31.74608653
208.1996632	-40.1701802	0.05646510189	8.761969148e-15	4.40188728e-13	26.59435349
208.2448761	-99.11701472	-0.05315162317	-4.052072582e-13	4.42756287e-12	27.80531516
208.2737056	-71.28335211	0.003645192894	2.855306167e-14	-3.98664463e-13	27.19963548
208.3076502	-166.6643354	-0.2443542474	-4.063203601e-13	2.281556495e-12	29.72443542
208.494599	87.83072727	0.2202276831	-3.157198387e-14	-5.262829584e-13	24.37797723
208.4984663	189.767164	0.2795541404	-6.56251545e-13	-2.214121742e-12	21.37204459
208.5449996	27.26676628	0.1484434856	-9.420132272e-14	-1.086581142e-12	25.48515565
208.61842	-186.2127002	-0.3138025951	-4.384472656e-13	2.053635643e-12	30.43138026
208.6434894	-146.214814	-0.1773420911	-3.646691984e-13	1.326933903e-12	29.11773421
208.7353221	112.0942582	0.2472795955	7.660951136e-14	5.497279535e-13	23.87527204
208.7428364	177.9020029	0.2884693897	-7.956340343e-14	-3.347726781e-13	21.87115306
208.8191006	-204.9349599	-0.3857397654	-6.379358089e-13	2.387591444e-12	31.13857398
208.8210016	-6.692554294	0.1046068444	-7.434066576e-15	1.387842719e-12	26.08953932
208.8812399	-124.0025341	-0.113542879	-3.420254314e-13	1.475231376e-12	28.51135429
208.8819382	132.4407039	0.268081333	4.738926077e-13	1.281337934e-12	23.37319187
208.8871754	164.6591895	0.2891663527	-1.823472322e-13	-8.694316986e-13	22.37108336
208.8971939	-240.5979087	-0.5363608448	3.49440056e-13	-1.291056697e-12	32.55363608
208.9114604	-223.0232989	-0.4599816328	7.557156737e-14	-5.369845805e-14	31.84599816
208.9330409	149.6943942	0.2822001783	1.032355189e-12	5.343276008e-12	22.87177998
208.9789375	59.43545079	0.1867561001	-4.249264068e-14	-1.101240834e-12	24.98132439
208.9909343	-40.23417408	0.05617548375	3.748373045e-14	8.325065592e-13	26.69438245
209.0194285	-99.2908487	-0.05318605566	2.635134742e-13	-3.162950791e-12	27.90531861
209.0500718	200.9417207	0.261731837	1.261248356e-16	4.399030511e-14	20.97382682
209.0565241	-71.40605159	0.003477968517	3.220636148e-14	7.104672832e-13	27.2996522
209.0585212	-166.9495925	-0.2439462726	1.94455917e-13	-1.141028433e-12	29.82439463
209.3216315	88.01568436	0.2196068878	-1.26759446e-14	6.622619142e-13	24.47803931
209.3537565	27.33196146	0.1479523238	-1.110548712e-14	-2.449159499e-13	25.58520477
209.3617925	-186.5256329	-0.3132393364	1.925969454e-13	-8.395676277e-13	30.53132393
209.3852863	190.2085214	0.2792636475	1.205068784e-13	3.425561477e-13	21.47207364
209.4021058	-146.4683006	-0.1770876398	9.40485396e-14	-5.013416951e-13	29.21770876
209.5551415	-205.2728268	-0.3850192399	6.359663688e-13	-2.899998248e-12	31.23850192
209.5717747	112.3304388	0.2466306998	-1.016926812e-13	-1.090858825e-12	23.97533693
209.6190401	-240.9794555	-0.5353228496	-4.276848756e-13	1.548531514e-12	32.65353228
209.6191141	178.3057615	0.2880252975	2.595404018e-13	7.590964907e-13	21.97119747
209.6209217	-6.692577289	0.1042102751	6.031541001e-14	-4.62647205e-13	26.18957897
209.6403284	-223.3839175	-0.4591026422	-4.984546079e-14	1.94677796e-13	31.94591026
209.6477628	-124.2193199	-0.1134361195	-1.200563895e-13	8.889783709e-13	28.61134361
209.7280159	132.7230874	0.2674319809	-2.978666842e-13	-1.573176947e-12	23.4732568
209.7531558	165.0243232	0.28861481	3.120723259e-13	1.015978256e-12	22.47113852
209.7822222	-40.29804745	0.05588815571	-4.568345827e-14	1.159715044e-13	26.79441118
209.788958	150.0193521	0.2815818388	-3.476351777e-13	-1.778256897e-12	22.97184182
209.7940267	-99.46436898	-0.05321985918	-5.13071639e-14	3.243762523e-13	28.00532199
209.7967113	59.5630192	0.1861918213	1.348856438e-13	1.843746442e-12	25.08138082
209.8094743	-167.2343676	-0.2435403456	-1.227492924e-14	1.284268642e-13	29.92435403
209.8393744	-71.52852489	0.003312226946	4.118723044e-14	-6.362177014e-13	27.39966878
209.9474583	201.4188208	0.261645349	-1.659174991e-14	-4.284807137e-14	21.07383547
210.1052574	-186.838049	-0.312678999	-1.461525445e-13	7.693183968e-13	30.6312679
210.1486093	88.20026489	0.2189905729	-2.782848953e-16	1.264390728e-14	24.57810094
210.160793	-146.7213502	-0.1768343364	-1.103110412e-13	8.471813581e-13	29.31768343
210.1624968	27.39702962	0.1474648015	4.291084309e-14	1.364899249e-12	25.68525352
210.2719047	190.6488349	0.2789735133	2.231679048e-13	7.114418337e-13	21.57210265
210.2912843	-205.6101483	-0.3843024861	-3.781404951e-13	1.71530286e-12	31.33843025
210.3410051	-241.3604126	-0.534290244	-1.63475251e-13	5.937174798e-13	32.75342902
210.3693071	-223.7439666	-0.4582282471	1.214448345e-13	-5.177976072e-13	32.04582282
210.4081518	112.5661273	0.2459864001	-2.969496946e-14	-3.257563694e-13	24.07540136
210.4143443	-124.4357241	-0.113329615	4.886675558e-13	-3.903211703e-12	28.71133296
210.4208424	-6.692600066	0.1038167025	-4.295088381e-14	7.663052974e-13	26.28961833
210.4952189	178.7085892	0.2875832691	-2.964293119e-13	-1.080462251e-12	22.07124167
210.5605092	-167.5186633	-0.2431364494	-1.373881937e-13	6.468380393e-13	30.02431364
210.5686705	-99.63757726	-0.05325304232	-8.415831822e-14	1.182835012e-12	28.1053253
210.5735267	-40.361801	0.05560309165	-2.96197623e-14	1.505448465e-12	26.89443969
210.5739961	133.0048677	0.2667870959	7.074831539e-14	-9.656574836e-16	23.57332129
210.6144502	59.6903343	0.1856316584	3.057118114e-14	4.544633239e-13	25.18143683
210.6189899	165.3886365	0.2880665323	2.224415764e-13	1.005482455e-12	22.57119335
210.6222563	-71.65077324	0.003147950719	-1.430322866e-13	1.807098329e-12	27.4996852
210.644754	150.3435982	0.2809675423	1.52432707e-13	8.682261445e-13	23.07190325
210.8446145	201.8947684	0.2615569638	-2.176004413e-13	-6.598687005e-13	21.1738443
210.8488142	-187.1499509	-0.312121558	-3.748615448e-14	9.60227706e-14	30.73121216
210.9195505	-146.9739651	-0.1765821721	-9.039147274e-14	6.726618079e-13	29.41765822
210.9712205	27.46197151	0.1469808776	-3.822880019e-14	-3.839444621e-13	25.78530191
210.9755328	88.38447114	0.2183786875	-1.614135635e-13	-1.421314676e-12	24.67816213
211.0275285	-205.946927	-0.3835894721	3.528117157e-13	-1.550835888e-12	31.43835895
211.0630884	-241.7407827	-0.5332629835	4.354240972e-13	-1.581415328e-12	32.8533263
211.0983959	-224.1034489	-0.4573584089	-1.551680952e-13	6.193881052e-13	32.14573584
211.1583231	191.0881116	0.278683749	-6.921458517e-14	-3.508388977e-13	21.67213163
211.1809842	-124.6517487	-0.1132233653	-2.904062001e-13	2.604478229e-12	28.81132234
211.2207637	-6.692622629	0.1034260928	-1.169926372e-14	-6.613823695e-13	26.38965739
211.2444539	112.8013267	0.2453466444	-8.98437537e-14	-7.368344631e-13	24.17546534
211.3116255	-167.8024819	-0.2427345669	2.009457986e-13	-1.130224464e-12	30.12427346
211.3433596	-99.81047523	-0.05328561358	1.998691408e-13	-1.8286971e-12	28.20532856
211.3648477	-40.4254354	0.05532026581	4.025382634e-14	-1.600930603e-12	26.99446797
211.3711519	179.1104926	0.2871432898	1.717330292e-13	7.573386694e-13	22.17128567
211.4051697	-71.77279789	0.002985122637	-4.883846203e-14	1.000309275e-12	27.59970149
211.4198792	133.2860487	0.266146628	4.253390301e-13	1.859731956e-12	23.67338534
211.4321544	59.8173976	0.1850755649	-2.643873222e-14	-3.74697907e-13	25.28149244
211.4846788	165.7521347	0.2875214872	-1.446034676e-13	-7.060255251e-13	22.67124785
211.5004296	150.667137	0.2803572451	-1.760069296e-13	-7.914550518e-13	23.17196428
211.5924626	-187.4613414	-0.311566989	-1.617893227e-13	7.782354497e-13	30.8311567
211.6783782	-147.2261475	-0.1763311382	-1.714933693e-13	1.094389319e-12	29.51763311
211.7415421	202.3695716	0.2614667269	-6.089609963e-15	3.328674545e-15	21.27385333
211.7638736	-206.2831655	-0.3828801663	-4.943939477e-13	2.27483685e-12	31.53828802
211.7799279	27.52678786	0.1465005115	3.274293606e-12	-8.248649732e-14	25.88534995
211.7852896	-242.1205684	-0.5322410238	-3.605009643e-13	1.305931077e-12	32.9532241
211.8024023	88.5683054	0.2177711812	-8.121806142e-14	-2.016478737e-13	24.77822288
211.8275945	-224.462367	-0.4564930893	2.64738698e-13	-1.392337988e-12	32.24564931
211.947682	-124.8673957	-0.1131173701	2.880157312e-13	-2.174587599e-12	28.91131174
212.0206856	-6.692644979	0.1030384125	9.111975129e-15	-1.167789083e-12	26.48969616
212.0445428	191.526359	0.2783943653	2.53090747e-14	6.94644325e-14	21.77216056
212.0628228	-168.0858259	-0.2423346815	-6.338815695e-13	3.502256902e-12	30.22423347
212.0806814	113.03604	0.2447113813	2.262098842e-13	4.182592446e-14	24.27552886
212.1180937	-99.98306455	-0.05331758128	-1.59879821e-13	2.512951951e-13	28.30533176
212.1561852	-40.48895133	0.05503965285	6.569971679e-13	1.637687346e-12	27.09449603
212.1881143	-71.89460006	0.002823725758	2.731003067e-13	-1.320608778e-12	27.69971763
212.2469142	179.5114778	0.286705345	9.886505773e-15	6.928828152e-14	22.27132947
212.2498241	59.9442106	0.1845234948	1.380183561e-14	2.136062306e-12	25.38154765
212.265666	133.5666343	0.2655105278	-1.919735274e-13	-8.732776916e-13	23.77344895
212.336202	-187.7722228	-0.3110152676	3.819538219e-14	-2.572571652e-13	30.93110153
212.3502234	166.1148234	0.2869796425	3.495375329e-13	1.556321772e-12	22.77130204
212.3559856	150.9899734	0.279750904	-8.563310258e-14	-5.594012661e-13	23.27202491
212.4372755	-147.4778996	-0.176081226	3.735365906e-13	-2.395420367e-12	29.61760812
212.5003192	-206.6188664	-0.3821745374	5.65538339e-14	-2.74233134e-13	31.63821745
212.5076079	-242.4997726	-0.5312243212	-3.072675038e-13	1.109635966e-12	33.05312243
212.5569022	-224.8207235	-0.4556322508	-6.937859018e-13	2.89920453e-12	32.34556323
212.5886189	27.59147939	0.1460236632	-3.979893696e-14	-1.530592191e-13	25.98539763
212.6292181	88.75176989	0.2171680048	1.60914495e-13	1.057803831e-12	24.8782832
212.6382427	202.8432386	0.2613746832	-3.097235937e-13	-9.211972947e-13	21.37386253
212.7144375	-125.0826671	-0.1130116292	-2.424033783e-13	1.916452104e-12	29.01130116
212.8141006	-168.3686976	-0.2419367766	3.968139882e-13	-2.252896874e-12	30.32419368
212.820608	-6.692667121	0.1026536289	3.681686003e-14	1.554740555e-12	26.58973464
212.8928727	-100.1553469	-0.05334895362	-1.158545702e-13	1.413829981e-12	28.4053349
212.9168349	113.2702703	0.2440805602	-9.516939087e-14	-5.254641813e-13	24.37559194
212.9305651	191.9635842	0.2781053725	4.229618612e-14	-2.930208202e-14	21.87218946
212.9475391	-40.55234944	0.05476122777	6.48583166e-14	-1.101401336e-12	27.19452388
212.9710899	-72.01618099	0.002663743396	-5.467806926e-14	7.077333542e-13	27.79973363
213.0674595	60.07077476	0.1839754028	-5.621011974e-14	-1.222628444e-12	25.48160246
213.0800321	-188.0825976	-0.3104663699	4.928240585e-14	-3.336542083e-13	31.03104664
213.1113571	133.8466281	0.2648787469	-3.990045379e-14	1.801121289e-13	23.87351213
213.122507	179.9115513	0.2862694202	-1.425686757e-13	-6.204541354e-13	22.37137306
213.1962422	-147.7292237	-0.1758324271	-1.996784674e-13	1.534300932e-12	29.71758324
213.2114228	151.3121117	0.2791484763	-6.955620123e-14	-4.644930175e-13	23.37208515
213.2156246	166.476708	0.2864409666	-3.420572144e-13	-1.512498962e-12	22.8713559
213.2300431	-242.8783977	-0.5302128325	4.41921019e-14	-1.559960646e-13	33.15302128
213.2368648	-206.9540322	-0.3814725545	1.968149348e-13	-9.193926305e-13	31.73814726
213.2863185	-225.1785212	-0.4547758558	2.131027922e-13	-9.479722816e-13	32.44547759
213.3972936	27.65604682	0.1455502934	8.411091655e-15	-1.083079896e-12	26.08544497
213.4559806	88.93486686	0.2165691095	-1.54069075e-13	-1.516113588e-12	24.97834309
213.4812503	-125.2975649	-0.1129061422	-5.862883591e-14	5.700869297e-13	29.11129061
213.5347178	203.3157776	0.2612808763	6.967353312e-14	1.743996544e-13	21.47387191
213.5654586	-168.6510994	-0.2415408358	1.913406542e-13	-1.230379122e-12	30.42415408
213.6205311	-6.692689056	0.1022717096	-5.614524082e-14	-1.93846051e-12	26.68977283
213.6676963	-100.3273239	-0.0533797387	1.454635657e-13	-2.881843598e-12	28.50533797
213.7389092	-40.61563039	0.05448496597	-2.124907511e-14	9.590898734e-13	27.2945515
213.7529148	113.5040205	0.2434541314	-2.609106661e-13	1.483013697e-12	24.47565459
213.7540965	-72.13754187	0.002505159112	4.962902656e-14	1.863556555e-13	27.89974948
213.8163914	192.3997943	0.2778167808	-2.112174857e-13	-6.318751245e-13	21.97221832
213.8239524	-188.3924683	-0.309920272	9.967289654e-14	-1.276141786e-12	31.13099203
213.8850608	60.19709154	0.1834312444	-6.760231443e-14	-1.17986641e-12	25.58165688
213.9525944	-243.2564465	-0.529206515	4.661641043e-13	-1.670474061e-12	33.25292065
213.955278	-147.9801219	-0.1755847329	1.550865649e-13	-5.87182791e-13	29.81755847
213.956953	134.126034	0.2642512374	-1.009875067e-14	-1.68030706e-13	23.97357488
213.9735098	-207.2886656	-0.380774187	3.026217298e-13	-1.443117006e-12	31.83807742
213.9979315	180.3107192	0.285835501	2.590697354e-13	9.500490118e-13	22.47141645
214.015843	-225.5357625	-0.4539238677	-2.030030783e-14	1.809799292e-13	32.54539239
214.066742	151.6335565	0.2785499202	1.287257408e-13	7.913849391e-13	23.47214501
214.0808834	166.8377938	0.2859054283	9.436477096e-14	3.391637328e-13	22.97140946
214.2059522	27.72049087	0.1450803633	8.109824665e-15	1.9461792e-12	26.18549196
214.2481203	-125.512091	-0.1128009089	4.975534218e-14	-4.072721272e-13	29.21128009
214.28269	89.1175985	0.2159744473	3.169287298e-13	2.268637562e-12	25.07840256
214.3168964	-168.9330336	-0.2411468429	-1.828533595e-13	1.031871868e-12	30.52411468
214.4204547	-6.692710787	0.1018926227	-9.448517632e-14	3.339573776e-13	26.78981074
214.430969	203.7871966	0.2611853488	-6.012588424e-14	-2.230696977e-13	21.57388147
214.4425642	-100.4989971	-0.05340994445	-1.741926022e-13	1.930052545e-12	28.60534099
214.5302955	-40.67879483	0.0542108432	7.553769636e-15	-4.198182518e-13	27.39457892
214.5371338	-72.2586839	0.002347956712	-1.168009459e-13	3.241781722e-13	27.9997652
214.5679624	-188.7018374	-0.3093769507	3.170705309e-14	-1.129061431e-13	31.2309377
214.5889215	113.7372936	0.2428320459	-1.724069099e-13	-2.720040999e-13	24.5757168
214.6752614	-243.6339216	-0.5282053264	-5.433744282e-13	1.986684857e-12	33.35282053
214.7020231	192.8349964	0.2775285997	5.542418991e-13	1.515015825e-12	22.07224714
214.7026282	60.3231624	0.1828909757	1.102312286e-13	8.292236625e-13	25.6817109
214.7102539	-207.622769	-0.3800794047	-7.039385149e-13	3.086511529e-12	31.93800794
214.7143823	-148.2305963	-0.1753381351	1.839974517e-14	-7.858588036e-14	29.91753381
214.7454752	-225.8924502	-0.4530762498	7.480268235e-13	-3.03974618e-12	32.64530762
214.8024543	134.4048557	0.2636279523	1.409109314e-14	2.188131702e-13	24.0736372
214.8731887	180.7089875	0.2854035733	-2.273773147e-13	-8.065659218e-13	22.57145964
214.9219439	151.9543123	0.2779551943	-2.10817607e-14	-4.797451985e-14	23.57220448
214.9460007	167.198086	0.2853729969	3.199286983e-13	1.344396306e-12	23.0714627
215.0145948	27.78481225	0.1446138346	-6.041263479e-14	-2.050917035e-12	26.28553862
215.0150471	-125.7262473	-0.1126959288	9.069072537e-15	-9.061857234e-14	29.31126959
215.0684136	-169.2145026	-0.240754782	3.220695965e-13	-1.862831312e-12	30.62407548
215.1093467	89.29996699	0.2153839712	-7.805404952e-14	-9.519482404e-13	25.1784616
215.2174763	-100.6703682	-0.05343957871	5.737177163e-14	-7.539641044e-13	28.70534396
215.2203788	-6.692732317	0.1015163369	-4.966983333e-15	-3.980026633e-13	26.88984837
215.3120618	-189.0107073	-0.3088363828	-4.23095522e-13	2.016338556e-12	31.33088364
215.3202017	-72.37960827	0.002192120241	-1.79699864e-14	-2.387133547e-13	28.09978079
215.3216979	-40.74184341	0.05393883557	-1.075067484e-14	2.964704014e-13	27.49460612
215.326998	204.2575034	0.2610881424	2.127712632e-13	6.140195073e-13	21.67389119
215.3980436	-244.0108255	-0.527209225	1.68617854e-13	-6.18463172e-13	33.45272092
215.4248555	113.9700925	0.2422142555	-1.27291096e-13	-1.002617323e-12	24.67577857
215.4470966	-207.9563449	-0.3793881779	5.228562409e-13	-2.36065336e-12	32.03793882
215.473555	-148.4806491	-0.1750926256	1.218462516e-14	-2.257183983e-13	30.01750926
215.4752146	-226.2485866	-0.4522329661	-4.507168347e-13	1.824062133e-12	32.7452233
215.520162	60.44898877	0.1823545536	-7.822939717e-14	-1.801280494e-12	25.78176454
215.5874614	193.2691974	0.2772408385	3.988580958e-14	1.225089947e-13	22.17227592
215.6478617	134.6830967	0.2630088453	3.564875646e-14	2.587867063e-13	24.17369912
215.7482798	181.1063625	0.2849736228	-1.189295413e-13	-4.538937406e-13	22.67150264
215.7770291	152.2743835	0.277364258	2.432277488e-14	2.731820518e-13	23.67226357
215.7820303	-125.9400358	-0.1125912018	1.332449988e-14	-1.598505299e-13	29.41125912
215.8109774	167.5575899	0.2848436421	-4.821127226e-13	-2.149867636e-12	23.17151564
215.8200097	-169.4955086	-0.2403646373	3.681049467e-13	-2.278705174e-12	30.72403646
215.8232214	27.84901164	0.1441506698	1.970558982e-14	2.641446605e-13	26.38558493
215.9359509	89.48197449	0.2147976344	-3.68136628e-14	-2.6467962e-13	25.27852024
215.9924322	-100.8414389	-0.05346864917	1.29160029e-13	-1.36523961e-12	28.80534686
216.0203036	-6.69275365	0.1011428211	-2.635477872e-14	-1.206756559e-12	26.98988572
216.05625	-189.3190804	-0.3082985453	4.782203084e-14	-3.151923034e-13	31.43082985
216.1033	-72.50031614	0.002037633981	-1.350972674e-13	1.831108308e-12	28.19979624
216.1131163	-40.80477677	0.05366891954	6.109032507e-14	-7.80666735e-13	27.59463311
216.1209404	-244.3871609	-0.5262181695	-4.86701107e-13	1.792026544e-12	33.55262182
216.1840374	-208.2893959	-0.3787004769	-2.794899257e-13	1.17455212e-12	32.13787005
216.2050606	-226.6041745	-0.451393981	-2.217572905e-13	8.489893878e-13	32.8451394
216.2228061	204.7267059	0.2609892976	-1.797450597e-13	-5.27152762e-13	21.77390107
216.2327957	-148.7302825	-0.174848196	-2.387647963e-14	1.234032283e-13	30.11748482
216.2607172	114.20242	0.2416007127	-4.461215458e-14	1.153066553e-13	24.77583993
216.3376622	60.57457206	0.1818219354	3.267514191e-14	5.030009836e-13	25.88181781
216.4727077	193.7024042	0.2769535062	3.013260432e-13	1.065857345e-12	22.27230465
216.4931756	134.9607607	0.2623938708	1.090134059e-13	6.060570446e-13	24.27376061
216.5490698	-126.1534583	-0.1124867274	-1.15641374e-13	9.138793073e-13	29.51124867
216.5716845	-169.7760539	-0.2399763931	-6.544462881e-14	4.314134977e-13	30.82399764
216.6232058	181.50285	0.2845456356	2.560995807e-13	8.676635959e-13	22.77154544
216.6318321	27.91308976	0.1436908318	-1.416601267e-14	-3.354738031e-13	26.48563092
216.6319986	152.5937745	0.2767770712	9.51488642e-14	4.303176606e-13	23.77232229
216.6758145	167.9163106	0.2843173339	2.415323913e-13	1.165735025e-12	23.27156827
216.7625031	89.66362313	0.2142153914	4.495684012e-14	4.582551323e-13	25.37857846
216.7674319	-101.0122105	-0.05349716341	-1.604806047e-13	2.257982715e-12	28.90534972
216.8005268	-189.6269591	-0.3077634157	9.123654462e-14	-6.053611604e-13	31.53077634
216.8202289	-6.692774787	0.1007720449	-1.010889468e-14	1.739127814e-12	27.0899228
216.8439514	-244.7629303	-0.525232119	-4.99278322e-13	1.905284472e-12	33.65252321
216.8864286	-72.62080869	0.001884482444	1.075570734e-14	3.410004941e-13	28.29981155
216.9045505	-40.86759553	0.05340107191	-5.098505734e-14	1.497153132e-12	27.69465989
216.9210759	-208.6219244	-0.3780162725	1.291239476e-13	-6.707821553e-13	32.23780163
216.9350129	-226.9592162	-0.4505592593	3.403966664e-14	-6.249938029e-14	32.94505593
216.992104	-148.9794986	-0.1746048382	1.87814617e-13	-1.361129802e-12	30.21746048
217.096507	114.4342791	0.2409913705	2.849897255e-13	2.043529132e-12	24.87590086
217.118395	205.1948118	0.2608888543	2.291240918e-13	6.890195838e-13	21.87391111
217.1551291	60.69991368	0.1812930793	9.408517683e-15	-3.636868205e-13	25.98187069
217.3161652	-126.3665167	-0.1123825053	-1.009968737e-13	6.682618573e-13	29.61123825
217.3234375	-170.0561407	-0.239590034	1.912840351e-13	-1.017575211e-12	30.923959
217.3383968	135.2378514	0.2617829837	-1.272897653e-13	-4.780367469e-13	24.3738217
217.3577632	194.1346235	0.2766666114	-3.366724083e-13	-1.084511354e-12	22.37233334
217.440427	27.97704727	0.1432342841	1.252849664e-13	7.329166247e-13	26.58567657
217.486853	152.9124895	0.2761935943	-1.375900849e-13	-6.835882825e-13	23.87238064
217.4979679	181.8984559	0.2841195977	-2.242358167e-13	-7.960732904e-13	22.87158804
217.5405128	168.2742533	0.2837940427	-3.17289543e-13	-1.207845448e-12	23.3716206
217.5424749	-101.1826848	-0.0535251289	3.145389698e-13	-2.236315537e-12	29.00535251
217.5448916	-189.9343457	-0.3072309715	-2.713785747e-13	1.275202304e-12	31.6307231
217.5670761	-245.1381362	-0.5242510332	1.391536545e-12	-5.087355267e-12	33.7524251
217.5890034	89.84491504	0.2136371969	-9.047760063e-14	-2.443262343e-13	25.47863628
217.6201547	-6.69279573	0.1004039782	-3.908852349e-15	6.546595544e-13	27.1899596
217.6582115	-208.9539329	-0.3773355361	-1.767866372e-13	8.412711165e-13	32.33773355
217.6650708	-227.3137144	-0.4497287661	4.600917288e-13	-1.458869296e-12	33.04497288
217.6695872	-72.74108707	0.00173265037	2.798957323e-14	-1.214652754e-12	28.39982673
217.6960006	-40.93030033	0.05313526981	-2.674770423e-14	7.94317841e-14	27.79468647
217.7514796	-149.2282993	-0.1743625444	1.736901256e-15	-6.642623749e-14	30.31743625
217.9322255	114.6656725	0.240386183	-1.645918974e-13	-1.224823096e-12	24.97596138
217.9725629	60.82501502	0.1807679439	-1.367957016e-13	2.203688585e-13	26.08192321
218.0137662	205.6618288	0.2607868512	-4.107834848e-13	-1.232227923e-12	21.97392131
218.0752683	-170.3357714	-0.2392055448	-2.098777758e-13	1.368784924e-12	31.02392055
218.0833162	-126.5792129	-0.1122785351	1.040340021e-13	-9.29049004e-13	29.71122785
218.1835257	135.5143721	0.2611761398	-1.701538103e-13	-4.135478672e-13	24.47388239
218.2426293	194.5658622	0.2763801625	3.308558859e-13	1.052379036e-12	22.47236198
218.2490062	28.04088486	0.1427809906	-4.433206034e-14	-1.764978543e-12	26.6857219
218.2893441	-190.2412426	-0.3067011906	9.458897948e-14	-5.427092732e-13	31.73067012
218.2903138	-245.5127812	-0.523274872	-2.692366252e-13	9.18783806e-13	33.85232749
218.3175611	-101.3528633	-0.05355255299	4.877043023e-14	-4.944790938e-13	29.10535526
218.341593	153.2305329	0.2756137886	2.372465556e-14	4.798212182e-13	23.97243862
218.3725671	182.2931862	0.2836954954	3.350006952e-13	1.229852863e-12	22.97163045
218.395234	-227.6676715	-0.4489024669	2.014311405e-13	-9.309092304e-13	33.14489025
218.395444	-209.2854237	-0.376658239	-1.142434975e-13	-1.592639242e-13	32.43766582
218.4050732	168.6314229	0.2832737396	5.305165373e-13	2.52107103e-12	23.47167263
218.4154522	90.02585231	0.2130630066	-5.434018554e-14	1.900455598e-13	25.5786937
218.4200811	-6.692816484	0.1000385914	6.153407909e-15	-1.220780184e-13	27.28999614
218.4527758	-72.86115242	0.001582122722	1.605061001e-13	2.068114786e-12	28.49984179
218.4874664	-40.99289179	0.05287149073	2.641567009e-14	2.107947494e-13	27.89471285
218.5109221	-149.4766869	-0.1741213066	-1.501165189e-13	1.143691968e-12	30.41741213
218.7678729	114.896603	0.2397851048	-5.554164071e-14	-1.861884865e-13	25.07602149
218.7899637	60.94987746	0.1802464885	-9.421969439e-15	-8.752568272e-13	26.18197535
218.8271766	-170.6149482	-0.2388229103	-5.439205929e-14	3.418384214e-13	31.12388229
218.8505226	-126.7915488	-0.1121748164	2.106548538e-13	-1.364131222e-12	29.81121748
218.908921	206.1277644	0.2606833263	5.031129154e-13	1.398450902e-12	22.07393167
219.0136643	-245.8868678	-0.522303596	4.819888861e-14	-2.21390539e-13	33.95223036
219.0285629	135.7903265	0.2605732956	2.071992255e-13	1.487849905e-12	24.57394267
219.0338838	-190.5476522	-0.3061740513	1.318564703e-13	-7.427652591e-13	31.83061741
219.0575697	28.10460321	0.142330916	5.832028148e-14	1.133083141e-12	26.78576691
219.0926904	-101.5227475	-0.05357944291	-6.532151904e-14	7.615974743e-13	29.20535794
219.125502	-228.0210899	-0.4480803277	-5.830691338e-13	2.396010656e-12	33.24480803
219.1273072	194.9961267	0.2760941676	-6.690897355e-16	1.078421324e-13	22.57239058
219.1327727	-209.6163993	-0.3759843531	3.378275947e-13	-1.581915171e-12	32.53759844
219.1962194	153.5479089	0.2750376155	-2.129595914e-12	-5.14459406e-13	24.07249624
219.220008	-6.692837049	0.09967585546	3.61377322e-14	4.182992996e-14	27.39003241
219.2359941	-72.98100587	0.001432884679	1.303744647e-13	-1.729327341e-12	28.59985671
219.2418499	90.20643702	0.2124927767	1.58178852e-13	1.606291169e-12	25.67875072
219.2470045	182.6870466	0.2832733149	4.880415853e-14	2.584071972e-13	23.07167267
219.2694966	168.9878245	0.2827563958	-5.781753806e-13	-2.504981727e-12	23.57172436
219.2704313	-149.7246634	-0.1738811169	2.484691931e-13	-1.768845923e-12	30.51738811
219.2789479	-41.05537052	0.05260971246	1.383158557e-14	-7.816312026e-13	27.99473903
219.5791621	-170.8936731	-0.2384421156	2.666135942e-13	-1.32176646e-12	31.22384421
219.6034497	115.1270735	0.2391880911	2.001305513e-13	1.553194346e-12	25.17608119
219.6073318	61.07450237	0.179728673	1.343089784e-14	2.087332154e-13	26.28202713
219.6177841	-127.003526	-0.1120713488	-1.235561358e-14	3.449966359e-14	29.91120713
219.7371268	-246.2603984	-0.521337166	-7.609695962e-13	2.813635703e-12	34.05213372
219.7785104	-190.8535768	-0.3056495319	-4.536556215e-13	2.426008008e-12	31.93056495
219.803861	206.592626	0.2605783165	-5.050437052e-13	-1.563411132e-12	22.17394217
219.8558743	-228.3739721	-0.4472623147	2.304810342e-13	-9.128307569e-13	33.34472623
219.8661177	28.16820297	0.1418840253	3.267650201e-14	7.121477482e-14	26.8858116
219.8678623	-101.6923389	-0.05360580578	5.62884274e-14	-6.442886156e-13	29.30536058
219.8701974	-209.9468622	-0.3753138505	1.403348823e-13	-4.467067509e-13	32.63753139
219.873509	136.065718	0.2599744079	-2.15519911e-13	-1.539602138e-12	24.67400256
220.0117981	195.4254238	0.2758086343	-3.074690947e-13	-9.122402291e-13	22.67241914
220.019242	-73.10064855	0.001284921641	-1.872753387e-13	3.185009547e-12	28.69987151
220.0199355	-6.692857429	0.09931574149	-4.837879787e-14	1.355908599e-12	27.49006843
220.0300068	-149.9722308	-0.1736419675	-4.697281537e-13	3.352723765e-12	30.6173642
220.0507328	153.8646218	0.2744650375	-1.479360877e-13	-7.889626852e-13	24.1725535
220.0681966	90.38667121	0.211926464	-1.824043457e-13	-2.049376069e-12	25.77880735
220.0704449	-41.11773713	0.05234991311	2.676852288e-14	-9.576329739e-14	28.09476501
220.1212811	183.0800429	0.2828530428	5.463373508e-14	2.283749237e-13	23.1717147
220.1337839	169.343463	0.282241983	7.283394787e-14	4.260164946e-13	23.6717758
220.3312242	-171.1719486	-0.2380631459	-4.209714522e-13	2.654196655e-12	31.32380631
220.3851003	-127.2151466	-0.1119681319	-1.274008981e-13	1.064237002e-12	30.01119681
220.4246673	61.1988911	0.1792144581	-3.280365548e-14	-6.296615473e-13	26.38207855
220.4389564	115.3570866	0.2385950979	-1.822742673e-14	-2.601778176e-13	25.27614049
220.4607011	-246.6333756	-0.5203755435	2.265108847e-13	-8.380407519e-13	34.15203755
220.5232234	-191.1590186	-0.3051276109	5.170592452e-13	-2.669965073e-12	32.03051276
220.5863504	-228.7263206	-0.4464483948	-2.022001663e-13	7.96277097e-13	33.44464484
220.6077175	-210.2768145	-0.3746467036	-8.493035864e-15	9.971060415e-14	32.73746467
220.6430768	-101.8616391	-0.05363164862	3.317823143e-14	-5.386067592e-13	29.40536316
220.6746503	28.23168482	0.1414402841	-1.906774851e-14	-5.474680144e-13	26.98585597
220.6985876	207.0564211	0.2604718581	2.664996483e-13	8.032826863e-13	22.27395281
220.7183645	136.34055	0.2593794346	2.989814431e-13	1.851458928e-12	24.77406206
220.7896482	-150.2193911	-0.173403851	2.350568565e-13	-1.70815649e-12	30.71734039
220.8025194	-73.22008157	0.001138219215	8.250856653e-14	-2.312599141e-12	28.79988618
220.8198634	-6.692877625	0.0989582212	9.32082667e-15	-2.227104014e-12	27.59010418
220.8619574	-41.17999222	0.05209207111	-4.640451573e-14	1.334239782e-13	28.19479079
