200.001228	-70.49795554	-0.08664305844	-3.305257889e-13	3.537029624e-12	69.52166076
200.0039892	-1.208743716	0.01991392931	6.701990758e-16	2.695700597e-13	62.49502152
200.0744341	47.4705733	0.06707151735	2.614781551e-14	3.197871216e-13	58.23323212
200.1539954	64.48073359	0.08157038333	-1.903189655e-13	-2.169959289e-12	56.2296074
200.5132028	-51.27766139	-0.04707594465	-1.298342289e-13	2.122317255e-12	67.26176899
200.5701695	25.19014377	0.04620418598	4.541699185e-15	3.902385126e-13	60.48844895
200.7473616	-87.01002666	-0.1292073105	-9.905640979e-14	8.126738408e-13	72.28230183
200.7610846	-70.62593487	-0.08647680894	8.505410118e-14	-8.582330573e-13	69.7716192
200.782815	-27.88584868	-0.01143236132	2.57643265e-14	-7.590541507e-13	65.00285809
200.8039733	-1.208742338	0.01983492497	3.359892636e-15	-1.914316222e-13	62.74504127
200.8488116	77.46312275	0.08897875985	1.312631406e-13	9.507167518e-13	54.47775531
200.9036534	47.57249357	0.06691019221	-1.08825275e-13	-1.552672482e-12	58.48327245
200.9986071	64.62299037	0.08140721956	1.332791296e-13	1.326467497e-12	56.4796482
201.2859881	-51.37258525	-0.04700240626	4.487483091e-14	-7.704240923e-13	67.5117506
201.3844961	25.24372272	0.04607345179	-1.477294979e-14	-6.423808907e-13	60.73848164
201.4948762	-87.16292889	-0.1289436846	-9.035320692e-14	7.215498791e-13	72.53223592
201.5210128	-70.75368452	-0.08631148873	6.32857928e-15	-1.099148126e-13	70.02157787
201.5689649	-27.93757578	-0.01144138255	-1.372647229e-14	7.52099073e-13	65.25286035
201.6039576	-1.208740969	0.01975654506	-1.09480764e-14	-1.893853606e-12	62.99506086
201.7092481	77.63934188	0.08884869557	-1.685583535e-13	-1.253322955e-12	54.72778783
201.7328107	47.67419658	0.06674997285	-2.209839674e-14	-4.474017935e-13	58.73331251
201.8431205	64.7649319	0.08124505822	1.293968568e-13	1.218549559e-12	56.72968874
202.0588237	-51.46733344	-0.04692922561	4.629879994e-14	-7.672675697e-13	67.76173231
202.1987933	25.29719197	0.04594366604	-1.687481278e-14	-1.210559807e-13	60.98851408
202.2424808	-87.31556673	-0.128681555	2.43273566e-13	-2.112662137e-12	72.78217039
202.2810123	-70.88120572	-0.08614708926	1.285295125e-14	-1.552866806e-13	70.27153677
202.3551413	-27.98920409	-0.01145023591	2.054821508e-14	-6.977832979e-13	65.50286256
202.403942	-1.208739609	0.01967878222	-9.55461505e-15	3.33416223e-13	63.2450803
202.5619061	47.77568372	0.06659084692	1.094329549e-13	1.482085589e-12	58.98335229
202.569547	77.81515646	0.08871918763	2.777502544e-13	2.0736683e-12	54.9778202
202.6875362	64.90656027	0.08108388897	9.77105461e-14	9.252522245e-13	56.97972903
202.8317093	-51.56190692	-0.04685639978	-5.390167879e-14	9.915475024e-13	68.0117141
202.9901751	-87.46794153	-0.1284209081	-6.298414072e-14	5.251091125e-13	73.03210523
203.0130615	25.3505522	0.04581481787	-5.573378991e-14	-1.340107088e-12	61.2385463
203.0410828	-71.0084997	-0.08598360209	1.401203532e-13	-1.607170105e-12	70.5214959
203.1413441	-28.04073419	-0.01145892387	2.16514554e-14	-1.204004274e-12	65.75286473
203.2039265	-1.208738259	0.01960162918	-2.360867696e-14	1.564275374e-12	63.49509959
203.3909402	47.87695635	0.06643280225	6.133421418e-15	-1.205024674e-13	59.2333918
203.4297093	77.99056927	0.08859023272	-2.523155435e-13	-1.961819357e-12	55.22785244
203.5318548	65.04787755	0.08092370163	-1.382295679e-13	-1.327841585e-12	57.22976907
203.6046446	-51.65630666	-0.04678392585	6.259582049e-14	-1.12781071e-12	68.26169598
203.7379586	-87.62005467	-0.1281617303	-1.941193914e-14	1.738691449e-13	73.28204043
203.8012238	-71.13556765	-0.08582101891	-6.453170528e-14	7.544637828e-13	70.77145525
203.8273007	25.40380408	0.04568689661	3.954128181e-14	1.023124972e-12	61.48857828
203.9275731	-28.09216664	-0.01146744886	-4.44506502e-14	1.551124018e-12	66.00286686
204.0039111	-1.208736917	0.0195250788	8.798637646e-15	2.374798992e-13	63.74511873
204.2199133	47.97801583	0.06627582687	8.353220438e-14	8.60483716e-13	59.48343104
204.2897359	78.16558305	0.08846182752	-3.031436334e-14	-2.052052434e-13	55.47788454
204.376077	65.18888578	0.08076448616	1.799491484e-14	1.837995818e-14	57.47980888
204.3776294	-51.75053362	-0.04671180097	-1.085327064e-13	1.705563879e-12	68.51167795
204.4858308	-87.77190748	-0.1279040082	-1.306891841e-13	1.274390308e-12	73.531976
204.5614349	-71.26241079	-0.0856593315	9.658210019e-15	-1.776461964e-13	71.02141483
204.6415111	25.45694825	0.04555989173	1.285483445e-14	9.104767925e-14	61.73861003
204.7138281	-28.14350198	-0.01147581326	-1.561088582e-15	3.363669835e-13	66.25286895
204.8038959	-1.208735585	0.01944912404	-9.394800756e-16	6.416420274e-13	63.99513772
205.0488257	48.0788635	0.06611990897	-1.037243539e-13	-1.688857923e-12	59.73347002
205.1496278	78.34020051	0.08833396874	1.244638338e-13	9.089856612e-13	55.72791651
205.1506633	-51.84458874	-0.04664002229	1.452993245e-13	-2.30145402e-12	68.76166001
205.2202034	65.32958698	0.08060623266	4.15147635e-14	3.655933428e-13	57.72984844
205.2337913	-87.92350129	-0.1276477286	2.036247108e-13	-1.829657512e-12	73.78191193
205.3217159	-71.38903029	-0.08549853173	1.638298011e-13	-1.7749128e-12	71.27137463
205.455693	25.50998537	0.04543379288	8.614454769e-14	2.929568529e-12	61.98864155
205.5001091	-28.19474077	-0.0114840194	4.168360221e-14	-7.658957241e-13	66.502871
205.6038808	-1.208734262	0.01937375798	-6.763713587e-15	-2.478559653e-12	64.24515656
205.8776779	48.17950069	0.06596503695	-1.136747308e-13	-1.815755802e-12	59.98350874
205.9237461	-51.93847295	-0.04656858702	-3.657541102e-15	1.364318939e-13	69.01164215
205.9818396	-88.07483742	-0.1273928785	4.233850536e-14	-3.997760161e-13	74.03184822
206.0093858	78.51442432	0.08820665311	3.453926762e-13	2.690759531e-12	55.97794834
206.0642346	65.46998314	0.0804489314	-7.584708853e-15	-2.583697417e-13	57.97988777
206.0820663	-71.51542735	-0.08533861161	-1.501157734e-13	1.766900733e-12	71.52133465
206.2698464	25.56291609	0.04530858986	-8.159353179e-14	-2.507750493e-12	62.23867285
206.2864159	-28.24588354	-0.01149206959	3.697770764e-14	-1.518492439e-12	66.75287302
206.4038658	-1.208732947	0.0192989738	6.735104373e-15	1.095127888e-12	64.49517526
206.6968776	-52.03218719	-0.04649749238	-6.255943572e-14	1.067699642e-12	69.26162437
206.7064703	48.27992871	0.06581119936	1.514471476e-13	2.048237256e-12	60.2335472
206.7299752	-88.22591718	-0.1271394449	-3.298618651e-13	2.837350844e-12	74.28178486
206.8424858	-71.64160312	-0.0851795632	7.743421572e-15	-1.529791017e-13	71.77129489
206.8690108	78.68825714	0.08807987735	-4.299284122e-13	-3.257402844e-12	56.22798003
206.9081712	65.61007624	0.08029257274	-4.079548511e-14	-3.971112919e-13	58.22992686
207.0727483	-28.29693085	-0.01149996609	-8.088120059e-15	3.635367333e-13	67.00287499
207.0839716	25.61574104	0.04518427265	5.070610168e-14	1.760956735e-12	62.48870393
207.2038509	-1.208731641	0.01922476479	5.93296723e-15	-4.779781156e-13	64.74519381
207.4700574	-52.12573238	-0.04642673563	-1.346376797e-13	2.32259214e-12	69.51160668
207.4781978	-88.37674187	-0.1268874152	1.781737124e-13	-1.555363057e-12	74.53172185
207.5352032	48.38014885	0.06565838493	1.976541328e-13	3.075432286e-12	60.4835854
207.602974	-71.76755877	-0.08502137871	-3.193944551e-14	3.786898651e-13	72.02125534
207.7285038	78.86170159	0.08795363822	1.020266551e-13	7.536953006e-13	56.47801159
207.7520139	65.74986823	0.08013714723	-3.124506834e-14	-2.186718254e-13	58.47996571
207.8591062	-28.34788321	-0.01150771111	-7.337577333e-15	9.59088647e-14	67.25287693
207.8980687	25.66846086	0.04506083134	1.943617217e-14	2.946446987e-13	62.73873479
208.0038361	-1.208730344	0.01915112433	-1.455873491e-14	-9.096445811e-13	64.99521222
208.2265069	-88.52731278	-0.1266367766	1.079658246e-13	-9.751837794e-13	74.78165919
208.2432854	-52.21910942	-0.04635631407	1.422586788e-13	-2.401544631e-12	69.76158908
208.3635306	-71.89329545	-0.0848640504	4.781650888e-14	-4.222503482e-13	72.27121601
208.3638769	48.48016241	0.06550658257	-2.624347837e-13	-4.200690546e-12	60.73362335
208.5878655	79.03476026	0.08782793247	1.313592241e-13	1.012904323e-12	56.72804302
208.5957632	65.88936105	0.0799826455	6.363429351e-14	5.976324909e-13	58.73000434
208.6454894	-28.39874116	-0.01151530686	-5.040606351e-14	1.385981795e-12	67.50287883
208.7121379	25.72107616	0.04493825621	-1.21104928e-13	-3.879296205e-12	62.98876544
208.8038215	-1.208729056	0.01907804592	2.435909871e-16	1.067104931e-12	65.24523049
208.9749021	-88.67763117	-0.1263875169	-2.29888271e-13	1.968686572e-12	75.03159688
209.0165612	-52.31231923	-0.04628622502	-3.9044334e-14	5.358035002e-13	70.01157156
209.1241552	-72.01881429	-0.08470757067	-1.365907359e-13	1.651869236e-12	72.52117689
209.1924919	48.57997065	0.06535578135	6.873389404e-14	1.058963815e-12	60.98366105
209.4318978	-28.44950522	-0.01152275547	1.056008419e-13	-2.936518535e-12	67.75288069
209.4394198	66.02855661	0.07982905836	-9.089192469e-14	-7.253679023e-13	58.98004274
209.4470969	79.20743571	0.08770275689	4.287381086e-14	2.987505248e-13	56.97807431
209.5261794	25.77358758	0.04481653766	5.306977364e-14	2.132636048e-12	63.23879587
209.6038069	-1.208727776	0.01900552315	1.878300677e-14	-3.727354876e-13	65.49524862
209.723383	-88.82769833	-0.1261396238	1.284768249e-13	-1.091871655e-12	75.28153491
209.7898847	-52.40536269	-0.04621646582	7.470558778e-14	-1.257137382e-12	70.26155412
209.8848474	-72.14411642	-0.08455193198	9.080646462e-14	-1.01099279e-12	72.77113798
210.0210485	48.67957484	0.0652059705	6.70158218e-15	3.52762992e-13	61.23369851
210.2183313	-28.50017591	-0.01153005905	-7.741587305e-14	3.096656996e-12	68.00288251
210.2829842	66.1674568	0.07967637672	1.861887416e-13	2.033862525e-12	59.23008091
210.3061988	79.37973048	0.08757810826	-3.591331276e-15	3.622920343e-14	57.22810547
210.3401932	25.82599571	0.04469566625	-7.624509097e-15	-3.49641696e-13	63.48882608
210.4037925	-1.208726504	0.01893354969	3.978315405e-15	9.909653214e-13	65.74526661
210.471949	-88.9775155	-0.125893085	1.607278053e-13	-1.384382032e-12	75.53147327
210.5632555	-52.4982407	-0.04614703387	-7.340358874e-17	-1.404104065e-13	70.51153676
210.6456069	-72.26920295	-0.0843971269	1.242369633e-13	-1.430152835e-12	73.02109928
210.8495471	48.77897623	0.06505713941	3.436343341e-14	5.34227542e-13	61.48373572
211.0047898	-28.55075375	-0.01153721969	-2.347466023e-14	4.072985181e-13	68.2528843
211.1264569	66.3060635	0.07952459162	-1.234644976e-13	-1.249906165e-12	59.48011885
211.1541797	25.87830118	0.04457563267	4.952387489e-14	1.073537292e-12	63.73885609
211.165172	79.55164707	0.0874539834	-6.26943022e-13	-4.759424171e-12	57.4781365
211.2037781	-1.208725241	0.01886211934	1.108380713e-14	-1.51900007e-12	65.99528447
211.2205998	-89.12708392	-0.1256478888	-8.903786925e-14	8.191609436e-13	75.78141197
211.3366734	-52.59095414	-0.04607792657	-7.064521661e-14	1.221123254e-12	70.76151948
211.4064334	-72.39407501	-0.08424314808	-5.562180554e-14	5.247478017e-13	73.27106079
211.677988	48.87817604	0.06490927763	-1.857005203e-15	-2.600372035e-13	61.73377268
211.791273	-28.60123924	-0.01154423943	2.412248251e-14	-9.969430071e-13	68.50288606
211.9681388	25.93050458	0.04445642776	-3.602159236e-14	-8.98577577e-13	63.98888589
211.9693351	-89.27640484	-0.1254040231	-4.225783243e-14	3.000110955e-13	76.03135101
211.9698387	66.44437855	0.07937369423	1.181127831e-13	1.410378844e-12	59.73015658
212.0037639	-1.208723986	0.01879122598	3.209178279e-15	1.231088242e-13	66.24530219
212.0240175	79.72318797	0.08733037913	5.899939193e-13	4.451550749e-12	57.72816741
212.1101381	-52.68350388	-0.04600914137	-5.120326632e-14	6.676086807e-13	71.01150229
212.1673265	-72.51873369	-0.08408998828	7.607304843e-14	-9.853317113e-13	73.5210225
212.5063715	48.97717549	0.06476237486	-6.369187124e-14	-8.323463593e-13	61.98380941
212.5777809	-28.65163288	-0.01155112028	2.056503047e-14	-7.479908016e-13	68.75288778
212.7181543	-89.42547947	-0.1251614764	3.564049661e-14	-2.855132823e-13	76.28129037
212.7820709	25.9826065	0.04433804249	-6.346352999e-14	-1.822288676e-12	64.23891549
212.8037498	-1.208722739	0.01872086355	8.12304775e-15	3.61080336e-13	66.49531978
212.81313	66.5824038	0.07922367584	-6.476000492e-14	-6.015472606e-13	59.98019408
212.8827359	79.89435561	0.08720729228	-9.198671767e-14	-6.737758272e-13	57.97819818
212.8836494	-52.77589078	-0.04594067572	4.418657397e-14	-6.981486068e-13	71.26148517
212.9282859	-72.64318007	-0.08393764032	-1.599597537e-13	1.818500029e-12	73.77098441
213.334698	49.07597581	0.06461642095	9.633896941e-14	1.642680054e-12	62.23384589
213.3643133	-28.70193519	-0.0115578642	1.623605169e-15	3.963565889e-13	69.00288947
213.467057	-89.57430903	-0.1249202371	2.632212882e-13	-2.314517686e-12	76.53123006
213.595976	26.03460754	0.04422046797	-1.994535997e-15	3.832061047e-13	64.48894488
213.6037358	-1.2087215	0.01865102614	-2.860143712e-16	-8.658373973e-14	66.74533724
213.6563314	66.72014105	0.07907452785	-5.56073359e-14	-6.144318912e-13	60.23023137
213.6572071	-52.8681157	-0.04587252713	4.417910431e-14	-9.392412229e-13	71.51146813
213.6893112	-72.76741525	-0.08378609713	3.155517588e-13	-3.575728185e-12	74.02094652
213.7413282	80.06515244	0.0870847197	-2.097155695e-13	-1.593383214e-12	58.22822882
214.1508701	-28.75214664	-0.01156447316	3.509931707e-15	-2.24219172e-13	69.25289112
214.1629679	49.17457817	0.06447140592	-1.342516026e-13	-2.259208187e-12	62.48388215
214.2160429	-89.72289473	-0.1246802938	1.108748188e-13	-1.031133764e-12	76.78117007
214.4037219	-1.20872027	0.01858170787	-1.460705064e-14	9.750055292e-13	66.99535457
214.4098543	26.08650828	0.04410369543	-9.978330307e-15	-6.066754829e-13	64.73897408
214.430811	-52.96017948	-0.04580469312	-1.325727079e-13	2.106083975e-12	71.76145117
214.4504022	-72.89144028	-0.08363535171	-4.886304301e-13	5.638646194e-12	74.27090884
214.4994435	66.85759211	0.07892624181	-4.080205985e-14	-3.534967924e-13	60.48026844
214.5997952	80.23558084	0.08696265828	2.71464693e-13	2.053187567e-12	58.47825934
214.9374511	-28.80226774	-0.01157094904	-1.385787232e-14	7.02206557e-13	69.50289274
214.9651116	-89.87123775	-0.1244416353	-4.424252463e-13	3.889032721e-12	77.03111041
214.9911815	49.27298378	0.0643273199	2.479186921e-14	5.115569187e-13	62.73391817
215.2037081	-1.208719047	0.01851290298	9.214556048e-15	-1.277692857e-12	67.24537177
215.2044607	-53.05208299	-0.04573717125	3.065832373e-14	-6.336649503e-13	72.01143429
215.2115584	-73.01525624	-0.08348539716	2.448357545e-13	-2.800257405e-12	74.52087135
215.223706	26.1383093	0.04398771624	9.352147341e-14	3.231373749e-12	64.98900307
215.3424668	66.99475874	0.07877880934	1.129817656e-13	1.093715937e-12	60.7303053
215.4581376	80.4056432	0.0868411049	-8.191210994e-14	-6.050137644e-13	58.72828972
215.7142625	-90.01933929	-0.1242042503	1.389859949e-13	-1.26921305e-12	77.28105106
215.7240563	-28.85229896	-0.01157729375	2.491112081e-14	-1.041023307e-12	69.75289432
215.8193391	49.3711938	0.06418415318	6.377916079e-14	1.133574531e-12	62.98395396
215.9727796	-73.13886418	-0.08333622666	8.381244418e-15	-1.735919892e-13	74.77083406
215.978156	-53.14382703	-0.04566995909	4.161372997e-14	-8.310247399e-13	72.26141749
216.0036944	-1.208717832	0.0184446058	-3.68767836e-15	1.350168169e-12	67.49538885
216.0375312	26.19001117	0.04387252188	-2.735227438e-14	-4.297549216e-13	65.23903187
216.1854018	67.1316427	0.0786322222	5.027771232e-14	5.336979119e-13	60.98034194
216.3163562	80.57534185	0.08672005646	2.135362582e-13	1.610212468e-12	58.97831999
216.4634955	-90.16720051	-0.123968128	-6.037563497e-14	5.056913327e-13	77.53099203
216.5106854	-28.9022408	-0.01158350911	-4.781557762e-14	1.221787189e-12	70.00289588
216.647441	49.46920939	0.0640418962	-9.672206611e-14	-1.822249261e-12	63.23398953
216.7340654	-73.26226514	-0.08318783345	1.374104249e-14	-1.156381131e-13	75.02079696
216.7518967	-53.23541245	-0.04560305424	-9.906421819e-14	1.856647839e-12	72.51140076
216.8036808	-1.208716625	0.01837681071	-5.468354891e-15	-3.683384846e-13	67.7454058
216.8513301	26.24161446	0.04375810397	-6.755529626e-14	-2.066310486e-12	65.48906047
217.0282492	67.26824575	0.07848647227	-5.40826014e-14	-6.305242479e-13	61.23037838
217.1744518	80.74467913	0.08659950989	-1.63284164e-13	-1.277110522e-12	59.22835012
217.2128099	-90.31482259	-0.1237332574	-1.644155431e-13	1.486884788e-12	77.78093331
217.2973384	-28.95209373	-0.01158959697	4.100682403e-14	-1.674099084e-12	70.2528974
217.4754876	49.56703171	0.06390053952	8.974281873e-15	-1.446410011e-13	63.48402487
217.4954156	-73.38546017	-0.08304021087	5.899046206e-14	-5.954654018e-13	75.27076005
217.5256826	-53.32684007	-0.04553645433	-3.344736786e-14	6.397407825e-13	72.76138411
217.6036673	-1.208715426	0.01830951221	-9.304906487e-17	1.620527552e-12	67.99542262
217.6651028	26.29311972	0.04364445426	2.28793615e-14	1.032017446e-12	65.73908889
217.8710094	67.40456959	0.07834155153	-1.09939032e-14	-1.786300479e-13	61.48041461
217.9622056	-90.46220667	-0.1234996278	7.041865859e-14	-6.294932882e-13	78.03087491
218.0324253	80.91365733	0.08647946212	-6.205468145e-14	-5.21935409e-13	59.47838013
218.0840152	-29.00185822	-0.01159555909	-3.614103922e-14	1.327529936e-12	70.50289889
218.2568297	-73.50845028	-0.08289335234	1.877900529e-13	-2.085929782e-12	75.52072334
218.2995135	-53.41811069	-0.04547015703	2.092828832e-13	-3.602323942e-12	73.01136754
218.3034793	49.66466189	0.06376007386	3.379695845e-14	5.393158156e-13	63.73405998
218.4036539	-1.208714234	0.01824270485	1.269143505e-14	-1.96701655e-12	68.24543932
218.4788495	26.34452752	0.04353156459	-1.427495307e-14	-5.265957454e-13	65.98911711
218.711682	-90.60935391	-0.1232672286	1.342315817e-13	-1.169765978e-12	78.28081681
218.713683	67.54061594	0.07819745205	6.159872595e-14	5.539101273e-13	61.73045064
218.8707156	-29.05153474	-0.01160139724	4.205085734e-14	-1.248217932e-12	70.75290035
218.8902773	81.08227873	0.08635991011	3.77358783e-14	3.202170981e-13	59.72841002
219.0183075	-73.63123649	-0.08274725136	-3.606879598e-13	4.313195929e-12	75.77068681
219.073389	-53.50922513	-0.04540416001	-1.655733281e-13	3.024496398e-12	73.26135104
219.1314162	49.76210106	0.06362049003	2.408413513e-14	4.215290422e-13	63.98409488
219.2036406	-1.20871305	0.01817638328	-1.772360356e-14	1.06245939e-12	68.4954559
219.2925702	26.39583841	0.04341942693	-4.495201167e-15	1.029553687e-13	66.23914514
219.4612388	-90.75626545	-0.1230360493	-1.106727266e-13	9.808419172e-13	78.53075901
219.5562705	67.67638648	0.07805416603	-1.316932164e-13	-1.271689591e-12	61.98048646
219.6574394	-29.10112376	-0.01160711317	-1.239879879e-14	2.681550283e-13	71.00290178
219.7480087	81.25054558	0.08624085083	-3.178897588e-13	-2.452734883e-12	59.97843979
219.7798486	-73.75381983	-0.0826019015	9.743284891e-15	-1.107899624e-13	76.02065048
219.847309	-53.60018418	-0.04533846098	3.046742756e-14	-7.065500243e-13	73.51133462
219.9592989	49.85935034	0.06348177901	-1.100953109e-14	-3.760164901e-13	64.23412956
220.0036274	-1.208711873	0.01811054222	-6.40709515e-15	8.446201337e-13	68.74547236
220.1062652	26.44705294	0.04330803339	3.37806579e-14	1.387225674e-12	66.48917299
220.2108755	-90.90294241	-0.1228060795	2.14101133e-14	-1.978450851e-13	78.78070152
220.3987724	67.81188289	0.07791168576	-5.932974282e-14	-6.133167186e-13	62.23052208
220.4441867	-29.15062573	-0.01161270855	1.221011748e-14	-2.903569302e-13	71.25290318
220.5414528	-73.87620128	-0.0824572964	-2.697334892e-14	4.307863859e-13	76.27061432
220.6056201	81.4184601	0.08612228127	2.638944402e-13	2.132317509e-12	60.22846943
220.6212733	-53.69098864	-0.04527305767	8.855541469e-14	-1.421981098e-12	73.76131826
220.7871274	49.95641084	0.0633439319	6.144563516e-14	9.930875652e-13	64.48416402
220.8036143	-1.208710704	0.01804517647	1.82087789e-14	-2.770856753e-12	68.99548871
220.9199347	26.49817164	0.04319737615	-1.16789444e-14	-1.216267499e-13	66.73920066
220.960592	-91.04938591	-0.122577309	2.143730353e-15	-2.003192936e-14	79.03064433
221.2309571	-29.20004113	-0.01161818509	-3.976163386e-14	1.27425008e-12	71.50290455
221.2411893	67.94710681	0.07777000365	-2.546671251e-14	-2.129146324e-13	62.4805575
221.3031197	-73.99838185	-0.08231342978	2.447498669e-13	-2.930340936e-12	76.52057836
221.3952816	-53.78163929	-0.04520794783	-3.564348751e-14	7.018432041e-13	74.01130199
221.4631124	81.5860245	0.08600419844	9.475576783e-14	7.974742828e-13	60.47849895
221.6036012	-1.208709543	0.0179802809	6.444710262e-15	2.460001923e-12	69.24550493
221.6149023	50.05328364	0.0632069399	-1.730512089e-14	-3.845096781e-13	64.73419827
221.7103876	-91.19559706	-0.1223497277	-6.652692249e-14	6.40107976e-13	79.28058743
221.7335786	26.54919505	0.04308744754	-3.274989061e-14	-6.338075938e-13	66.98922814
222.0177507	-29.24937039	-0.01162354442	1.906035463e-14	1.48013775e-13	71.75290589
222.0648491	-74.12036251	-0.08217029544	-1.848188606e-14	9.768379946e-14	76.77054257
222.0835215	68.08205989	0.07762911219	2.595377955e-13	2.868099933e-12	62.73059272
222.1693337	-53.87213691	-0.04514312926	2.423661556e-14	-3.59812912e-13	74.26128578
222.3204862	81.75324095	0.08588659937	-4.788457947e-13	-3.745430818e-12	60.72852835
222.4035883	-1.208708388	0.01791585045	6.606192823e-15	-1.293432797e-12	69.49552104
222.4426237	50.14996984	0.06307079438	2.971091866e-14	6.008435427e-13	64.9842323
222.4602621	-91.34157696	-0.1221233256	-1.01082873e-13	8.936690301e-13	79.53053083
222.5471973	26.6001237	0.04297823997	-5.649423836e-14	-1.721485255e-12	67.23925544
222.8045673	-29.29861396	-0.01162878816	6.195811409e-14	-1.85293751e-12	72.0029072
222.8266406	-74.24214426	-0.08202788725	-3.763900425e-14	6.024930342e-13	77.02050697
222.9257698	68.21674374	0.07748900399	-1.005147523e-13	-1.041080971e-12	62.98062775
222.9434293	-53.96248228	-0.04507859973	1.669613143e-14	-4.762031846e-13	74.51126965
223.1777424	81.92011162	0.08576948109	3.58905546e-13	2.788256025e-12	60.97855763
223.2035755	-1.208707241	0.01785188013	1.248160528e-14	7.848147654e-13	69.74553703
223.2102152	-91.48732672	-0.1218980927	1.159316598e-13	-1.019202777e-12	79.78047452
223.2702921	50.24647051	0.06293548678	-8.46003138e-14	-1.100413114e-12	65.23426613
223.3607908	26.65095812	0.04286974598	5.773871947e-14	1.212172626e-12	67.48928256
223.5884939	-74.36372806	-0.08188619914	1.094828745e-13	-1.338575025e-12	77.27047155
223.5914067	-29.3477723	-0.01163391793	-4.637077938e-14	1.17951874e-12	72.25290848
223.7175684	-54.05267616	-0.0450143571	-6.353724036e-14	1.117252025e-12	74.76125359
223.7679344	68.35115997	0.07734967172	-7.741691005e-15	-1.534368881e-13	63.23066258
223.9602463	-91.6328474	-0.1216740193	-2.007863584e-13	1.82129314e-12	80.0304185
224.0035628	-1.208706101	0.01778836505	7.653752156e-15	-9.491174228e-13	69.99555291
224.0348815	82.08663865	0.08565284068	2.271789007e-13	1.770513599e-12	61.22858679
224.0979076	50.34278671	0.06280100869	2.266723367e-14	3.204387052e-13	65.48429975
224.1743592	26.70169883	0.04276195819	-5.871459633e-15	1.198834196e-14	67.73930951
224.3504087	-74.48511486	-0.08174522513	-1.18001845e-13	1.339460195e-12	77.52043631
224.3782689	-29.39684585	-0.01163893528	1.665162088e-14	-2.467693701e-13	72.50290973
224.4917506	-54.14271931	-0.0449503992	1.737061225e-13	-2.886379942e-12	75.0112376
224.610016	68.48531018	0.0772111082	-8.026395296e-14	-1.012125518e-12	63.48069722
224.7103553	-91.7781401	-0.1214510958	1.578032424e-13	-1.42644329e-12	80.28036277
224.8035501	-1.208704968	0.01772530035	2.183911457e-16	1.442613669e-12	70.24556867
224.8919044	82.25282414	0.08553667521	-6.900269236e-14	-5.590794412e-13	61.47861583
224.9254706	50.4389195	0.06266735181	3.385108331e-14	6.245577586e-13	65.73433316
224.9879028	26.75234634	0.04265486936	-2.22977455e-14	-5.291523004e-13	67.98933628
225.1123848	-74.60630563	-0.08160495928	3.658379011e-15	5.237003286e-14	77.77040124
225.1651538	-29.44583504	-0.01164384176	-5.145054699e-14	1.178748892e-12	72.75291096
225.2659757	-54.23261248	-0.0448867239	-7.255078491e-14	1.354070588e-12	75.26122168
225.4520151	68.61919592	0.07707330629	-5.002183254e-14	-6.754198592e-13	63.73073167
225.4605416	-91.92320587	-0.1212293125	-2.076173552e-13	1.976918351e-12	80.53030733
225.6035375	-1.208703842	0.01766268126	-3.716015445e-16	-1.10543197e-13	70.49558433
225.7488117	82.41867019	0.08542098177	9.26724107e-14	7.214683989e-13	61.72864475
225.7529815	50.53486992	0.06253450795	-4.927451145e-14	-8.391317585e-13	65.98436637
225.8014216	26.80290118	0.0425484723	-1.283826442e-14	-1.077391544e-12	68.23936288
225.8744218	-74.72730131	-0.08146539576	2.538464158e-15	1.347376555e-14	78.02036635
225.9520612	-29.4947403	-0.0116486389	2.222000756e-14	-4.208529193e-13	73.00291216
226.0402435	-54.32235642	-0.0448233291	8.468474634e-16	8.49756705e-14	75.51120583
226.210805	-92.06804577	-0.1210086601	1.995492783e-13	-1.814546124e-12	80.78025217
226.293932	68.75281877	0.07693625898	1.442484755e-13	1.477475156e-12	63.98076594
226.4035251	-1.208702723	0.01760050307	1.726810148e-14	-1.796799891e-13	70.74559987
226.5804404	50.630639	0.06240246905	-1.148123135e-15	8.414226202e-14	66.23439938
226.6056041	82.58417887	0.08530575749	7.142020427e-14	5.548766905e-13	61.97867356
226.6149157	26.85336383	0.04244275998	1.776221242e-14	6.714480367e-13	68.48938931
226.6365194	-74.84810285	-0.08132652877	4.58059154e-14	-4.869277058e-13	78.27033163
226.7389909	-29.54356207	-0.0116533282	-3.396310748e-14	7.899074173e-13	73.25291333
226.8145538	-54.41195188	-0.04476021272	3.781558665e-15	-7.676817455e-14	75.76119005
226.9611451	-92.21266087	-0.1207891291	-2.473587344e-13	2.240029689e-12	81.03019728
227.1357673	68.88618026	0.07679995934	5.903053216e-14	6.910284685e-13	64.23080001
227.2035127	-1.208701611	0.01753876115	-2.438886915e-14	1.196069964e-12	70.99561531
227.3986774	-74.96871116	-0.08118835258	-1.015306007e-13	1.252705608e-12	78.52029709
227.4078477	50.72622777	0.06227122713	1.793676059e-15	-1.094737567e-13	66.48443219
227.4283854	26.90373482	0.04233772541	1.504613596e-14	1.334945238e-14	68.73941557
227.4622824	82.74935224	0.08519099949	-3.595392368e-14	-2.956995389e-13	62.22870225
227.525943	-29.59230076	-0.01165791113	6.854452178e-14	-2.210254472e-12	73.50291448
227.5889065	-54.50139958	-0.0446973727	-4.082533e-14	7.534275417e-13	76.01117434
227.7115615	-92.35705219	-0.1205707105	2.469309075e-13	-2.19116033e-12	81.28014268
227.9775215	69.01928193	0.07666440051	-1.209700471e-13	-1.2899377e-12	64.4808339
228.0035004	-1.208700506	0.01747745092	-3.249775723e-15	-2.254981613e-12	71.24563064
228.1608955	-75.08912719	-0.08105086155	9.496773045e-14	-1.052291957e-12	78.77026272
228.2352037	50.82163725	0.06214077435	6.222914014e-14	9.03786068e-13	66.73446481
228.2418307	26.95401463	0.04223336174	2.335059147e-14	5.785394811e-13	68.98944166
228.3129173	-29.64095682	-0.01166238914	-3.840755106e-14	1.704611822e-12	73.7529156
228.3188471	82.91419231	0.08507670493	-2.708196166e-13	-2.134557593e-12	62.47873082
228.3633012	-54.59070026	-0.04463480699	2.106459931e-15	-1.4306077e-13	76.2611587
228.4620539	-92.50122078	-0.1203533949	-2.309592629e-14	1.893258803e-13	81.53008835
228.8034882	-1.208699408	0.01741656786	-1.953720334e-14	-1.574138784e-12	71.49564586
228.819195	69.15212528	0.07652957576	-1.341529254e-13	-1.420385698e-12	64.73086761
228.9231733	-75.20935183	-0.08091405009	4.094229026e-14	-6.551533831e-13	79.02022851
229.0552518	27.00420376	0.04212966219	7.437570078e-16	7.476692952e-13	69.23946758
229.0625086	50.91686843	0.06201110296	-3.795646e-14	-5.719123187e-13	66.98449722
229.0999136	-29.68953065	-0.01166676367	5.312423221e-14	-1.88214487e-12	74.00291669
229.1377378	-54.67985465	-0.04457251357	1.170768516e-13	-2.276045335e-12	76.51114313
229.1752991	83.0787011	0.08496287098	8.680978949e-14	6.914607855e-13	62.72875928
229.212622	-92.64516766	-0.1201371735	-6.694921575e-14	5.465031342e-13	81.78003429
229.6034761	-1.208698316	0.01735610753	8.75628289e-15	1.836068579e-12	71.74566097
229.6607884	69.28471181	0.0763954784	6.883887116e-14	6.391073667e-13	64.98090113
229.6855107	-75.32938601	-0.08077791266	-2.06304953e-13	2.354022801e-12	79.27019448
229.8686488	27.05430269	0.04202662009	3.657012019e-15	3.011729046e-14	69.48949334
229.8869319	-29.73802267	-0.01167103612	-4.923012246e-14	1.302159967e-12	74.25291776
229.8897628	51.01192232	0.06188220532	-2.92566919e-15	-1.48604219e-13	67.23452945
229.912216	-54.76886344	-0.04451049045	-1.022688087e-13	1.572384281e-12	76.76112762
229.9632653	-92.78889386	-0.1199220373	5.476759365e-15	-3.925652796e-16	82.02998051
230.031639	83.24288061	0.08484949482	-6.973471603e-14	-6.319272598e-13	62.97878763
230.403464	-1.208697231	0.01729606554	-8.448730888e-15	-5.489501312e-14	71.99567598
230.4479072	-75.44923063	-0.0806424438	9.634735221e-14	-1.131677911e-12	79.52016061
230.502302	69.41704301	0.07626210186	1.003586387e-13	1.07171478e-12	65.23093447
230.673972	-29.78643329	-0.01167520787	-9.165896575e-14	2.471407865e-12	74.5029188
230.6820218	27.10431192	0.04192422885	-5.05777925e-14	-1.579972326e-12	69.73951894
230.6867358	-54.85772737	-0.04444873566	8.608555115e-14	-1.41569593e-12	77.01111218
230.7139836	-92.93240037	-0.1197079775	-2.127617698e-13	1.936940369e-12	82.27992699
230.7169666	51.1067999	0.06175407388	2.070942062e-14	1.248233999e-13	67.48456148
230.8878673	83.40673279	0.08473657366	-9.872831272e-14	-7.743953461e-13	63.22881586
231.2034521	-1.208696153	0.01723643756	-9.699646429e-15	1.014363669e-12	72.24569089
231.2103627	-75.56888658	-0.08050763811	8.565907061e-14	-9.528745934e-13	79.77012691
231.3437363	69.54912035	0.07612943963	-1.717574453e-13	-1.82392545e-12	65.48096764
231.4610338	-29.83476292	-0.01167928029	7.43602842e-14	-3.125594121e-12	74.75291982
231.4612968	-54.94644713	-0.04438724722	5.323844701e-14	-1.006927451e-12	77.26109681
231.4647765	-93.07568822	-0.1194949853	3.592870416e-13	-3.299242601e-12	82.52987375
231.495371	27.15423192	0.04182248196	5.501528464e-14	1.670424825e-12	69.98954438
231.5441201	51.20150215	0.06162670122	-4.440656395e-14	-8.864284339e-13	67.73459332
231.7439849	83.5702596	0.08462410473	4.082465935e-13	3.216745896e-12	63.47884397
231.9728769	-75.68835475	-0.08037349025	-1.876961839e-13	2.303613564e-12	80.02009337
232.0034402	-1.208695081	0.01717721933	4.556328238e-15	1.409500145e-13	72.4957057
232.1850917	69.68094528	0.0759974853	1.110490054e-13	1.170116094e-12	65.73100063
232.2156437	-93.21875839	-0.1192830521	-3.16126941e-13	2.833368018e-12	82.77982076
232.2358988	-55.03502342	-0.04432602321	-8.754806725e-14	1.504617864e-12	77.51108151
232.2481173	-29.88301197	-0.01168325473	1.516478181e-14	-9.758881765e-14	75.00292081
232.3086965	27.20406316	0.04172137302	1.475147723e-14	3.029847266e-13	70.23956966
232.3712237	51.29603004	0.06150008	7.949576903e-14	1.804957944e-12	67.98462498
232.5999923	83.73346297	0.08451208527	-3.326846685e-13	-2.638154111e-12	63.72887198
232.7354494	-75.80763602	-0.08023999492	3.633940594e-14	-6.44682742e-13	80.27006
232.8034284	-1.208694016	0.01711840663	-4.437366024e-17	-1.714882734e-13	72.7457204
232.9665848	-93.36161187	-0.1190721695	2.097920138e-13	-1.927582384e-12	83.02976804
233.0105418	-55.12345694	-0.04426506171	1.251638294e-14	-3.516233424e-13	77.76106627
233.0263688	69.81251924	0.07586623253	2.672479661e-14	2.907892345e-13	65.98103344
233.0352223	-29.93118084	-0.0116871325	-5.183430302e-14	1.672483253e-12	75.25292178
233.1219984	27.25380613	0.04162089571	-4.798877891e-15	9.7538094e-14	70.48959478
233.1982777	51.39038453	0.06137420297	1.749630857e-14	3.747917972e-13	68.23465645
233.4558902	83.8963448	0.08440051253	-6.108087368e-14	-4.70963985e-13	63.97889987
233.4980801	-75.92673126	-0.08010714691	1.45612663e-13	-1.744712362e-12	80.52002679
233.6034167	-1.208692957	0.01705999531	1.070237195e-15	2.920405768e-12	72.995735
233.7175996	-93.50424964	-0.1188623289	-1.659277467e-13	1.426576898e-12	83.27971558
233.7852254	-55.21174837	-0.04420436082	-1.68183835e-14	9.890341433e-14	78.01105109
233.8223487	-29.97926992	-0.01169091491	8.199482533e-14	-2.36137816e-12	75.50292273
233.867568	69.94384366	0.07573567506	-1.182364071e-13	-1.277640817e-12	66.23106608
233.9352768	27.30346129	0.04152104379	-3.015200516e-14	-1.409406866e-12	70.73961974
234.0252823	51.48456656	0.06124906299	-1.840757908e-14	-3.266059714e-13	68.48468773
234.2607686	-76.04564135	-0.07997494106	-1.339849434e-13	1.605195684e-12	80.76999374
234.3116792	84.05890701	0.0842893838	3.461879963e-13	2.774941124e-12	64.22892765
234.403405	-1.208691905	0.01700198129	1.412611677e-15	-3.035312699e-12	73.2457495
234.4686876	-93.64667268	-0.118653522	7.573261318e-14	-6.750347413e-13	83.52966338
234.5599495	-55.2998984	-0.04414391866	-1.537709782e-14	3.022326278e-13	78.26103598
234.6094964	-30.02727962	-0.01169460324	-3.96569731e-14	1.609653563e-12	75.75292365
234.7086897	70.07491996	0.07560580671	1.132410319e-13	1.18414627e-12	66.48109855
234.7485319	27.35302909	0.0414218111	6.047510042e-14	2.228450841e-12	70.98964455
234.8522379	51.57857709	0.06112465303	-1.067287612e-13	-1.858374101e-12	68.73471884
235.0235147	-76.16436714	-0.07984337224	8.254821582e-14	-1.010832349e-12	81.01996084
235.16736	84.22115144	0.08417869637	-1.789404532e-13	-1.407537922e-12	64.47895533
235.2033935	-1.208690859	0.01694436051	1.053765802e-14	-2.33161336e-12	73.49576391
235.2198485	-93.78888195	-0.1184457406	8.364975918e-14	-7.616896923e-13	83.77961144
235.3347139	-55.38790771	-0.04408373337	-9.413668075e-14	1.672310344e-12	78.51102093
235.3966653	-30.07521032	-0.01169819875	5.1409461e-14	-1.514280745e-12	76.00292455
235.5497343	70.20574954	0.07547662139	1.077141791e-13	1.17332014e-12	66.73113084
235.5617638	27.40251001	0.04132319157	-4.458488619e-15	-5.601900276e-13	71.2396692
235.6791445	51.67241703	0.06100096611	7.189255283e-14	1.175459555e-12	68.98474976
235.7863181	-76.28290949	-0.07971243541	-6.295284043e-16	8.609130875e-14	81.26992811
235.9710821	-93.93087842	-0.1182389765	2.634870555e-14	-2.237674926e-13	84.02955974
236.003382	-1.208689819	0.01688712899	-1.105441875e-14	1.819171143e-12	73.74577822
236.0229332	84.38307997	0.08406844756	-2.384828755e-13	-1.898204597e-12	64.72898289
236.1095184	-55.47577697	-0.04402380311	1.007030206e-13	-2.056321257e-12	78.76100595
236.1838553	-30.12306241	-0.01170170268	-3.893582055e-14	1.41729131e-12	76.25292543
236.3749726	27.45190449	0.04122517921	-1.294326156e-14	-6.197823877e-13	71.48969371
236.3907022	70.33633378	0.07534811306	-1.775148069e-13	-1.937464005e-12	66.98116297
236.5060027	51.76608733	0.06087799538	7.866847774e-14	1.308303607e-12	69.2347805
236.5491786	-76.40126925	-0.07958212557	-5.54385014e-14	7.826974117e-13	81.51989553
236.722388	-94.07266303	-0.1180332217	-3.130042581e-13	2.923241877e-12	84.27950831
236.8033706	-1.208688785	0.01683028281	1.206266557e-15	1.370101678e-12	73.99579243
236.8783993	84.54469444	0.0839586347	1.699449375e-13	1.330121147e-12	64.97901034
236.8843628	-55.56350684	-0.04396412607	1.95676653e-14	1.141551801e-13	79.01099103
236.9710663	-30.17083628	-0.01170511627	-7.467340834e-15	7.635151128e-13	76.50292628
237.1881584	27.50121299	0.04112776812	-1.281785542e-14	-5.78362433e-13	71.73971806
237.231594	70.46667407	0.07522027577	1.118210261e-13	1.363454854e-12	67.23119493
237.3120958	-76.51944725	-0.07945243778	-6.108476704e-14	5.712631578e-13	81.76986311
237.3328125	51.85958889	0.06075573407	-1.7664799e-13	-3.155870071e-12	69.48481107
237.4737658	-94.21423673	-0.1178284681	1.606385393e-13	-1.461449278e-12	84.52945712
237.6033593	-1.208687758	0.01677381808	-1.139202816e-14	-5.444696803e-13	74.24580655
237.6592469	-55.65109799	-0.04390470042	1.046220243e-13	-1.750751765e-12	79.26097618
237.7337592	84.70599665	0.08384925514	-5.085880605e-14	-4.241554494e-13	65.22903769
237.7582981	-30.21853232	-0.01170844071	3.39848952e-14	-1.325461301e-12	76.75292711
238.0013213	27.55043595	0.04103095245	1.385625614e-14	4.785019973e-13	71.98974226
238.07241	70.59677176	0.07509310365	-2.023158487e-14	-1.617487543e-13	67.48122672
238.0750696	-76.63744434	-0.07932336715	1.608263725e-15	-3.064437304e-14	82.01983084
238.1595743	51.95292263	0.06063417549	8.094350728e-14	1.519467536e-12	69.73484146
238.2252153	-94.35560046	-0.1176247079	5.373505103e-14	-4.97420918e-13	84.77940618
238.403348	-1.208686736	0.01671773098	9.5676502e-15	-7.434625847e-13	74.49582057
238.4341705	-55.73855107	-0.0438455244	-1.446055855e-13	2.304925052e-12	79.51096138
238.5455508	-30.26615089	-0.01171167719	-5.63415083e-15	3.369033624e-13	77.00292792
238.5890132	84.86698842	0.08374030624	7.173895781e-14	5.572029535e-13	65.47906492
238.8144615	27.59957383	0.04093472645	-2.721758509e-14	-1.058353705e-12	72.23976632
238.8380996	-76.75526134	-0.07919490885	-1.03865695e-13	1.176622469e-12	82.26979873
238.9131506	70.7266282	0.07496659088	1.391673951e-14	1.912318478e-13	67.73125835
238.9767362	-94.49675515	-0.1174219333	6.942732787e-14	-6.521956994e-13	85.02935548
238.9862882	52.04608945	0.06051331305	-7.213743143e-14	-1.342724285e-12	69.98487167
239.2033369	-1.208685721	0.01666201772	-6.221536231e-15	-1.124422462e-12	74.7458345
239.2091335	-55.82586674	-0.04378659623	-9.892130175e-14	1.759820485e-12	79.76094665
239.3328241	-30.31369239	-0.01171482688	-1.181944578e-15	-9.382622431e-14	77.25292871
239.4441621	85.02767152	0.08363178541	4.707661436e-14	3.957831453e-13	65.72909205
239.6011857	-76.87289907	-0.07906705809	-6.322929327e-15	8.034108339e-14	82.51976676
239.6275791	27.64862705	0.04083908445	5.310832232e-14	1.87271052e-12	72.48979023
239.7283281	-94.63770172	-0.1172201365	-2.203207517e-14	1.826800539e-13	85.27930503
239.7538163	70.85624473	0.07484073174	-2.065541179e-13	-2.274895655e-12	67.98128982
239.8129547	52.13909023	0.06039314022	1.088327323e-13	1.85927474e-12	70.23490171
239.9841356	-55.91304564	-0.04372791417	1.158551678e-13	-1.671591265e-12	80.01093198
240.0033258	-1.208684712	0.01660667459	5.904166349e-15	5.685949484e-13	74.99584833
240.120118	-30.36115717	-0.01171789094	5.970401995e-15	3.055367251e-14	77.50292947
240.2992065	85.18804774	0.08352369004	1.223953545e-14	1.227083407e-13	65.97911908
240.3643275	-76.99035835	-0.07893981014	2.558190729e-13	-3.001178004e-12	82.76973495
240.4406742	27.69759605	0.04074402083	-3.418958325e-14	-9.737721794e-13	72.73981399
240.4799907	-94.7784411	-0.1170193099	-2.326916497e-14	1.902676913e-13	85.52925483
240.5944075	70.98562267	0.07471552056	6.02560882e-14	5.605192424e-13	68.23132112
240.6395739	52.23192586	0.06027365059	-2.741637899e-14	-2.977874254e-13	70.48493159
240.7591767	-56.0000884	-0.04366947647	3.553799359e-14	-3.277937362e-13	80.26091737
240.8033147	-1.208683708	0.01655169791	-1.224753131e-15	5.814277917e-14	75.24586208
240.9074324	-30.40854562	-0.0117208705	-1.760042485e-14	7.923737746e-13	77.75293022
241.1275248	-77.10763998	-0.07881316033	7.467275044e-15	1.809234688e-13	83.01970329
241.1541468	85.34811881	0.08341601755	1.308177871e-14	1.177289703e-13	66.229146
241.2317237	-94.91897418	-0.1168194459	-1.096543549e-13	1.003605103e-12	85.77920486
241.253747	27.74648128	0.04064953006	-4.732044387e-14	-1.963327735e-12	72.98983762
241.4349246	71.11476335	0.07459095174	-2.191778573e-14	-2.707179977e-13	68.48135226
241.466146	52.32459723	0.06015483781	6.82248105e-14	1.025515772e-12	70.73496129
241.5342566	-56.08699568	-0.04361128143	-4.121647272e-14	7.810106212e-13	80.51090282
241.6033038	-1.208682711	0.01649708405	-6.806619331e-15	1.223061116e-12	75.49587573
241.6947672	-30.45585809	-0.01172376668	6.048598488e-14	-2.342037481e-12	78.00293094
241.8907774	-77.22474478	-0.07868710403	-1.154903383e-13	1.367047376e-12	83.26967178
241.9835268	-95.05930188	-0.1166205371	-6.427093194e-14	6.729307943e-13	86.02915513
242.0089838	85.50788648	0.08330876538	4.854526328e-14	3.948862887e-13	66.47917281
242.0667974	27.79528315	0.04055560669	4.518882403e-14	1.115900859e-12	73.2398611
242.2753679	71.24366805	0.07446701976	1.7101164e-13	1.923082155e-12	68.73138325
242.2926714	52.41710519	0.06003669562	1.039931826e-13	1.769893039e-12	70.98499083
242.3093751	-56.17376809	-0.04355332734	-1.370016546e-13	2.212421708e-12	80.76088833
242.4032929	-1.208681719	0.01644282943	-1.948409545e-14	7.052577797e-13	75.74588929
242.4821223	-30.50309496	-0.01172658057	-5.047139231e-14	2.126109905e-12	78.25293165
242.654085	-77.34167354	-0.07856163665	2.484538651e-14	-3.244805515e-13	83.51964041
242.7353998	-95.19942509	-0.1164225761	1.037521025e-13	-9.383902327e-13	86.27910564
242.863718	85.66735246	0.083201931	-1.456140807e-13	-1.19358614e-12	66.72919952
242.8798257	27.84400208	0.04046224532	1.515100574e-14	5.709850655e-13	73.48988444
243.084532	-56.26040627	-0.04349561252	1.325018345e-13	-2.482208384e-12	81.0108739
243.1157379	71.37233807	0.07434371915	2.546071826e-14	3.04986792e-13	68.98141407
243.1191502	52.50945061	0.05991921783	-1.299797639e-13	-2.360325887e-12	71.2350202
243.2032821	-1.208680733	0.01638893052	-5.63276352e-15	-1.404183885e-12	75.99590277
243.2694975	-30.55025658	-0.01172931327	3.137892893e-14	-8.820472304e-13	78.50293233
243.4174473	-77.45842705	-0.07843675366	1.213147858e-13	-1.486166923e-12	83.76960919
243.4873422	-95.33934471	-0.1162255554	4.555780516e-13	-4.232019382e-12	86.52905639
243.6928319	27.89263852	0.04036944064	-1.633575216e-14	9.430463409e-14	73.73990764
243.71835	85.82651846	0.08309551187	9.984564493e-14	8.494051553e-13	66.97922612
243.8597272	-56.34691083	-0.04343813531	-4.874939804e-14	8.635349652e-13	81.26085953
243.9455827	52.60163434	0.05980239834	-4.866599879e-14	-7.898665605e-13	71.4850494
243.956035	71.50077468	0.07422104451	-1.922625625e-13	-1.974783047e-12	69.23144474
244.0032714	-1.208679753	0.01633538383	1.315643989e-14	9.94819037e-13	76.24591615
244.0568929	-30.59734332	-0.01173196584	-1.076331718e-14	-3.691173856e-13	78.75293299
244.1808642	-77.5750061	-0.0783124506	-7.39365087e-14	8.280172527e-13	84.01957811
244.2393538	-95.47906162	-0.116029468	-4.535317844e-13	4.249981749e-12	86.77900737
244.5058162	27.94119286	0.04027718738	-4.021350172e-14	-1.530417715e-12	73.9899307
244.5728803	85.98538616	0.08298950549	6.976552281e-14	5.667304032e-13	67.22925262
244.6349605	-56.43328239	-0.04338089406	9.345554059e-14	-1.769867318e-12	81.51084522
244.7719692	52.69365724	0.05968623112	1.765670096e-14	1.939103357e-13	71.73507844
244.7962596	71.62897916	0.07409899053	2.017428841e-13	2.308376023e-12	69.48147525
244.8032607	-1.208678779	0.01628218592	3.130663343e-15	2.496694695e-13	76.49592945
244.8443082	-30.64435552	-0.01173453934	-6.613998684e-15	8.01571162e-13	79.00293363
244.9443353	-77.69141147	-0.07818872301	-2.027672735e-13	2.482699273e-12	84.26954718
244.9914343	-95.61857669	-0.1158343067	-1.855644538e-13	1.786472132e-12	87.02895858
245.3187787	27.98966552	0.04018548038	1.090371929e-13	3.260014618e-12	74.23995363
245.4102316	-56.51952157	-0.04332388713	-2.000798454e-13	3.627005699e-12	81.76083097
245.4273095	86.14395723	0.08288390938	-2.090532904e-13	-1.768086244e-12	67.47927902
245.5983099	52.78552013	0.05957071022	-8.424697725e-14	-1.324036571e-12	71.98510732
245.6032501	-1.20867781	0.01622933339	-6.143545849e-15	-1.760182519e-12	76.74594267
245.6317434	-30.69129355	-0.01173703479	6.341733435e-14	-2.309990772e-12	79.25293426
245.636412	71.75695275	0.07397755192	-2.44971766e-13	-2.79024151e-12	69.73150561
245.7078605	-77.80764392	-0.07806556652	1.655803225e-13	-1.997446534e-12	84.51951639
245.7435835	-95.75789081	-0.1156400642	2.504716898e-13	-2.30003255e-12	87.27891002
246.1317195	28.03805692	0.0400943145	-6.769922699e-14	-2.641181918e-12	74.48997642
246.1855405	-56.60562897	-0.04326711292	1.723104888e-13	-2.85319762e-12	82.01081678
246.2816382	86.30223333	0.08277872105	-6.706159633e-14	-5.054406378e-13	67.72930532
246.4032396	-1.208676847	0.01617682289	-1.31712862e-14	-8.477462139e-14	76.99595579
246.4191985	-30.73815775	-0.01173945324	-4.664478644e-14	1.464283726e-12	79.50293486
246.424605	52.87722386	0.05945582977	1.866750384e-13	3.302418941e-12	72.23513604
246.4714395	-77.92370423	-0.07794297678	-4.374149875e-14	5.393238767e-13	84.76948574
246.4764927	71.88469669	0.07385672348	1.889173697e-13	1.89582395e-12	69.98153582
246.4958009	-95.89700482	-0.1154467337	1.455780428e-13	-1.356865891e-12	87.52886168
246.9446386	28.08636746	0.0400036847	7.62575339e-14	2.112819069e-12	74.73999908
246.960887	-56.69160519	-0.0432105698	-1.533936337e-13	2.953425196e-12	82.26080264
247.135867	86.46021609	0.08267393806	1.577760575e-13	1.290303066e-12	67.97933152
247.2032291	-1.208675889	0.01612465111	1.934784527e-15	2.904607886e-12	77.24596884
247.2066732	-30.78494847	-0.01174179567	-4.714870853e-14	1.245722861e-12	79.75293545
247.2350721	-78.03959317	-0.0778209495	3.442533309e-14	-3.151249712e-13	85.01945524
247.2480864	-96.0359196	-0.1152543082	1.824156391e-14	-1.694337645e-13	87.77881358
247.2508548	52.96876923	0.05934158396	-1.379296753e-13	-2.231667791e-12	72.4851646
247.316502	72.01221223	0.07373650007	-7.974430698e-14	-9.319112883e-13	70.23156587
247.7362708	-56.77745084	-0.04315425621	2.272652809e-13	-4.032406768e-12	82.51078856
247.7575363	28.13459755	0.03991358599	-4.784541155e-14	-1.42813626e-12	74.9900216
247.9899963	86.61790715	0.08256955796	3.948547522e-14	2.860414563e-13	68.22935761
247.9941676	-30.83166605	-0.01174406309	4.204407314e-14	-1.786663027e-12	80.00293602
247.9987579	-78.15531148	-0.07769948044	4.771595593e-14	-5.98488449e-13	85.26942487
248.0004396	-96.174636	-0.1150627809	-1.147409461e-13	1.06723035e-12	88.0287657
248.0032187	-1.208674937	0.01607281478	-2.097290184e-15	-3.776481684e-12	77.4959818
248.0770594	53.06015709	0.05922796707	1.330450859e-14	1.623780304e-13	72.73519301
248.1564404	72.13950058	0.07361687662	-5.791474958e-14	-6.446433863e-13	70.48159578
248.5116919	-56.8631665	-0.04309817057	-3.66865819e-15	-1.699287939e-13	82.76077454
