200.0011971	-0.3042008509	0.005980964278	-3.059503595e-15	1.124019833e-12	124.9970095
200.1322816	-21.19542425	-0.01663613389	-1.803090302e-14	6.966086637e-13	131.5083181
200.1698399	19.95853694	0.02361510732	8.359781893e-15	2.095475214e-13	118.9881924
200.5237643	-38.30305701	-0.04335768873	9.223348897e-14	-1.530882453e-12	138.5216788
200.6817275	35.16187732	0.03533545839	1.053858464e-13	1.616820387e-12	113.4823323
200.8011924	-0.3042008087	0.005957210628	6.118492862e-17	-4.461078454e-13	125.4970214
200.91282	-21.23539817	-0.01661001192	8.499229986e-14	-2.457082129e-12	132.008305
200.9902889	20.00054325	0.02355922138	-5.169757229e-14	-1.59570099e-12	119.4882204
201.2858431	-38.37266594	-0.04327014719	-1.059696142e-13	1.718696421e-12	139.0216351
201.5236091	35.23877016	0.03527246549	-1.646778668e-13	-2.469364803e-12	113.9823638
201.6011877	-0.3042007667	0.005933644912	-6.630936495e-15	6.488056207e-13	125.9970332
201.6933952	-21.27529659	-0.01658401767	-1.669961255e-14	5.620873099e-13	132.508292
201.8106952	20.04246199	0.02350371144	4.462737407e-15	-1.071552864e-13	119.9882481
202.0479899	-38.44214968	-0.04318311007	1.826800999e-13	-3.024535147e-12	139.5215916
202.3653991	35.31549434	0.03520982214	4.094538551e-15	1.078077609e-13	114.4823951
202.401183	-0.304200725	0.005910264909	1.482518188e-15	1.029457546e-12	126.4970449
202.474007	-21.31511994	-0.01655815009	-2.487120921e-14	1.121178836e-12	133.0082791
202.6310592	20.0842937	0.02344857339	4.289727304e-15	1.285155103e-13	120.4882757
202.8102043	-38.5115089	-0.04309657262	-3.871100301e-13	6.476872138e-12	140.0215483
203.2011783	-0.3042006834	0.005887068432	-6.687309989e-16	-3.772355028e-13	126.9970565
203.2070982	35.39205097	0.0351475251	9.088820748e-14	1.419751391e-12	114.9824262
203.254655	-21.35486864	-0.01653240813	-1.879214227e-14	6.378825481e-13	133.5082662
203.4513812	20.12603892	0.02339380316	2.86019145e-14	1.003870508e-12	120.9883031
203.5724859	-38.58074427	-0.04301053017	3.19248228e-13	-5.386932364e-12	140.5215053
204.0011737	-0.3042006421	0.005864053327	-2.779517007e-15	-8.166369646e-13	127.497068
204.0353393	-21.3945431	-0.01650679077	4.30883779e-14	-1.336697892e-12	134.0082534
204.0487069	35.46844114	0.03508557115	2.785609597e-14	4.412035832e-13	115.4824572
204.2716613	20.16769818	0.02333939676	-5.471399845e-14	-1.633729627e-12	121.4883303
204.3348344	-38.64985646	-0.04292497809	-7.290782044e-14	1.244775319e-12	141.0214625
204.8011692	-0.3042006009	0.005841217477	-7.147347238e-15	1.984780778e-12	127.9970794
204.8160594	-21.43414374	-0.01648129699	-7.155252128e-14	2.326188278e-12	134.5082406
204.8902258	35.54466593	0.03502395712	-2.422944226e-13	-3.710134383e-12	115.982488
205.0918998	20.20927202	0.02328535025	5.729736634e-14	1.896192117e-12	121.9883573
205.0972495	-38.71884611	-0.04283991183	-1.622215909e-13	2.648709622e-12	141.52142
205.5968153	-21.47367097	-0.01645592579	1.237741604e-15	-1.577820094e-13	135.008228
205.6011646	-0.30420056	0.005818558795	9.659734705e-15	-1.110376397e-12	128.4970907
205.7316556	35.62072642	0.03496267988	2.581055389e-13	3.960580556e-12	116.4825187
205.8597307	-38.78771388	-0.04275532689	1.145455476e-13	-1.878722414e-12	142.0213777
205.912097	20.25076096	0.02323165975	-3.235331504e-14	-1.015297385e-12	122.4883842
206.3776067	-21.5131252	-0.01643067618	5.238228596e-14	-1.838666618e-12	135.5082153
206.4011601	-0.3042005192	0.005796075228	5.962160982e-15	-2.021036501e-12	128.997102
206.5729968	35.69662365	0.03490173634	-1.340404755e-13	-1.966514918e-12	116.9825491
206.6222778	-38.85646041	-0.04267121882	-3.067992303e-14	4.413216335e-13	142.5213356
206.7322531	20.29216551	0.02317832144	-2.56666594e-14	-4.431493475e-13	122.9884108
207.1584335	-21.55250683	-0.01640554718	-1.867172973e-14	5.957501335e-13	136.0082028
207.2011556	-0.3042004787	0.005773764752	-5.869648886e-15	1.74998478e-12	129.4971131
207.3848904	-38.92508634	-0.04258758323	1.223333645e-13	-2.000010139e-12	143.0212938
207.4142499	35.77235869	0.03484112346	9.129334903e-14	1.35451213e-12	117.4825794
207.5523684	20.33348618	0.02312533156	2.886398794e-14	8.19707111e-13	123.4884373
207.9392955	-21.59181627	-0.01638053782	6.228978253e-14	-1.709617603e-12	136.5081903
208.0011512	-0.3042004383	0.005751625377	3.02567081e-16	4.031690913e-13	129.9971242
208.1475681	-38.9935923	-0.04250441579	7.92968671e-15	-1.78141464e-13	143.5212522
208.2554155	35.84793255	0.03478083822	3.28595738e-14	5.338137952e-13	117.9826096
208.3724432	20.3747235	0.02307268641	-1.586781829e-14	-3.396620586e-13	123.9884637
208.7201924	-21.63105389	-0.01635564714	-3.262447389e-14	1.175530413e-12	137.0081778
208.8011468	-0.3042003981	0.005729655142	1.269447824e-15	-1.397955407e-12	130.4971352
208.9103106	-39.06197892	-0.04242171224	-9.276707894e-14	1.573143628e-12	144.0212109
209.0964942	35.92334628	0.03472087765	-2.846505275e-14	-4.692795761e-13	118.4826396
209.1924776	20.41587795	0.02302038231	-1.388604161e-14	-5.681684769e-13	124.4884898
209.501124	-21.67022011	-0.0163308742	-6.691214978e-14	2.242988921e-12	137.5081654
209.6011424	-0.3042003581	0.005707852116	-3.854199426e-15	3.077270025e-13	130.9971461
209.6731176	-39.13024681	-0.04233946833	1.205239227e-13	-2.046381055e-12	144.5211697
209.9374865	35.99860087	0.03466123882	-1.071584296e-13	-1.672561196e-12	118.9826694
210.0124719	20.45695004	0.02296841569	-2.204479098e-14	-5.963776023e-13	124.9885158
210.2820902	-21.7093153	-0.01630621805	1.228203086e-13	-3.973235427e-12	138.0081531
210.4011381	-0.3042003184	0.005686214398	-6.716485117e-15	5.65568607e-13	131.4971569
210.4359887	-39.1983966	-0.04225767991	-1.791834929e-14	3.487246167e-13	145.0211288
210.7783929	36.07369734	0.03460191883	1.015456949e-13	1.58939431e-12	119.482699
210.8324264	20.49794025	0.02291678298	1.05792508e-13	3.250026088e-12	125.4885416
211.0630909	-21.74833986	-0.01628167776	-5.436092142e-15	1.949396527e-13	138.5081408
211.1989237	-39.2664289	-0.04217634286	-7.305092252e-14	1.267546475e-12	145.5210882
211.2011338	-0.3042002788	0.005664740114	1.387914691e-15	-1.185341357e-12	131.9971676
211.6192141	36.14863668	0.03454291481	-4.928594194e-14	-7.927682218e-13	119.9827285
211.6523413	20.53884909	0.02286548069	-2.619753589e-14	-8.969803048e-13	125.9885673
211.8441257	-21.78729416	-0.01625725243	-4.22202407e-14	1.189200707e-12	139.0081286
211.9619221	-39.33434431	-0.04209545312	2.361824981e-14	-2.972465605e-13	146.0210477
212.0011295	-0.3042002394	0.00564342742	-1.427441018e-15	1.228993805e-12	132.4971783
212.4599505	36.22341986	0.03448422395	1.033030418e-13	1.608497687e-12	120.4827579
212.4722168	20.57967702	0.02281450538	5.069089883e-15	1.406696708e-13	126.4885927
212.6251946	-21.82617858	-0.01623294115	-1.849375328e-14	7.685098173e-13	139.5081165
212.7249837	-39.40214343	-0.04201500666	7.998472037e-14	-1.36361796e-12	146.5210075
212.8011253	-0.3042002002	0.005622274498	-2.142481534e-15	5.727536354e-13	132.9971889
213.2920532	20.62042453	0.02276385364	-7.42009365e-15	-7.377617211e-14	126.9886181
213.3006026	36.29804787	0.03442584346	-1.109387402e-13	-1.656819716e-12	120.9827871
213.4062973	-21.86499349	-0.01620874302	8.191591709e-14	-2.773860262e-12	140.0081044
213.4881081	-39.46982686	-0.04193499952	-5.572018866e-14	9.566699137e-13	147.0209675
213.6011211	-0.3042001611	0.00560127956	-9.732553648e-15	1.219180783e-12	133.4971994
214.1118506	20.66109208	0.02271352214	-2.738493348e-14	-1.209419588e-12	127.4886432
214.141171	36.37252165	0.03436777056	7.65364542e-14	1.156098029e-12	121.4828161
214.1874336	-21.90373928	-0.01618465715	-1.103715692e-13	3.683977426e-12	140.5080923
214.251295	-39.53739518	-0.04185542778	-1.338069599e-14	3.005365485e-13	147.5209277
214.4011169	-0.3042001223	0.00558044084	1.205328046e-15	-1.302428313e-12	133.9972098
214.9316094	20.70168016	0.02266350757	5.177358591e-14	1.437297637e-12	127.9886682
214.9686034	-21.9424163	-0.01616068267	5.489824992e-14	-1.890986859e-12	141.0080803
214.9816562	36.44684218	0.03431000256	-1.383973513e-13	-2.195864695e-12	121.982845
215.0145441	-39.60484899	-0.04177628759	7.542802909e-14	-1.257661666e-12	148.0208881
215.2011128	-0.3042000837	0.005559756603	-2.061388089e-16	1.005852269e-12	134.4972201
215.7498065	-21.98102492	-0.01613681871	-9.292762708e-15	-1.187657248e-14	141.5080684
215.7513297	20.74218922	0.02261380668	-9.308602098e-14	-2.736769708e-12	128.4886931
215.7778551	-39.67218886	-0.04169757511	-1.616938889e-13	2.768903298e-12	148.5208488
215.8220587	36.52101038	0.03425253676	1.140787804e-13	1.774565987e-12	122.4828737
216.0011087	-0.3042000452	0.005539225136	3.419825748e-15	-1.786985916e-12	134.9972304
216.5310428	-22.0195655	-0.01611306442	-2.238453455e-15	2.855510289e-14	142.0080565
216.5412277	-39.73941537	-0.04161928658	8.997875254e-14	-1.557335789e-12	149.0208096
216.5710118	20.78261973	0.02256441626	4.086699039e-14	1.264981668e-12	128.9887178
216.662379	36.59502719	0.03419537049	-6.554211311e-14	-1.02962658e-12	122.9829023
216.8011046	-0.3042000069	0.005518844754	1.941688299e-15	1.121658738e-12	135.4972406
217.3046615	-39.80652909	-0.04154141826	-7.785356728e-14	1.349005597e-12	149.5207707
217.312312	-22.05803841	-0.01608941894	-3.809960989e-14	1.285267937e-12	142.5080447
217.3906559	20.82297213	0.02251533315	-3.997761208e-15	-2.40121212e-13	129.4887423
217.5026176	36.66889353	0.03413850116	-7.459740635e-14	-1.259724318e-12	123.4829307
217.6011005	-0.3041999688	0.005498613795	-1.727653618e-15	-5.933119148e-14	135.9972507
218.0681563	-39.87353058	-0.04146396647	4.419514869e-14	-7.915087772e-13	150.020732
218.093614	-22.09644399	-0.01606588143	1.583646267e-14	-3.962302894e-13	143.0080329
218.2102622	20.86324688	0.02246655423	2.524861036e-14	7.686329339e-13	129.9887667
218.342775	36.74261033	0.03408192615	1.777763001e-14	2.556994489e-13	123.982959
218.4010965	-0.3041999309	0.005478530621	2.17458887e-16	-6.260955488e-14	136.4972607
218.8317118	-39.9404204	-0.04138692758	8.48354877e-14	-1.450969091e-12	150.5206935
218.8749486	-22.1347826	-0.01604245107	4.713576552e-14	-1.753138865e-12	143.5080212
219.0298309	20.90344443	0.02241807643	9.61582437e-15	1.921674793e-13	130.488791
219.1828517	36.81617847	0.03402564292	9.881752403e-14	1.539065311e-12	124.4829872
219.2010925	-0.3041998932	0.00545859362	-6.019084248e-15	-1.662947686e-12	136.9972707
219.5953276	-40.00719912	-0.04131029799	-1.540275923e-13	2.664250489e-12	151.0206551
219.6563156	-22.17305458	-0.01601912704	-3.048494971e-14	1.287712808e-12	144.0080096
219.8493622	20.94356521	0.02236989672	-1.874482494e-14	-4.853930924e-13	130.9888151
220.0010886	-0.3041998557	0.0054388012	-2.977087436e-15	-6.979677668e-15	137.4972806
220.0228482	36.88959886	0.03396964894	-7.299487567e-14	-1.158899761e-12	124.9830152
220.3590034	-40.07386729	-0.04123407415	4.053960494e-14	-6.679912469e-13	151.520617
220.4377149	-22.21126029	-0.01599590852	-2.526760132e-14	8.220080257e-13	144.507998
220.6688564	20.98360968	0.02232201211	-3.119735632e-14	-9.532100804e-13	131.488839
220.8010846	-0.3041998183	0.005419151795	-6.318937957e-16	1.241146403e-12	137.9972904
220.8627649	36.96287239	0.03391394171	6.695857806e-14	1.038235236e-12	125.483043
221.122739	-40.14042544	-0.04115825256	-3.39120186e-16	2.21622795e-14	152.0205791
221.2191462	-22.24940007	-0.01597279471	5.641990116e-14	-2.083861154e-12	145.0079864
221.4883137	21.02357825	0.02227441966	6.186555289e-14	1.823243264e-12	131.9888628
221.6010807	-0.3041997811	0.005399643861	7.117116366e-15	-5.716655322e-13	138.4973002
221.7026023	37.03599993	0.03385851876	-3.361010793e-13	-5.343214913e-12	125.9830707
221.8865341	-40.20687413	-0.04108282974	3.082185252e-14	-5.377122704e-13	152.5205414
222.0006096	-22.28747426	-0.01594978481	2.965476476e-14	-1.37775997e-12	145.5079749
222.3077343	21.06347136	0.02222711645	-6.242156817e-14	-2.091746483e-12	132.4888864
222.4010768	-0.3041997441	0.005380275874	2.441582071e-16	-3.05866501e-14	138.9973099
222.542361	37.10898234	0.03380337767	3.662355616e-13	5.80187044e-12	126.4830983
222.6503883	-40.27321389	-0.04100780227	6.385693735e-14	-1.063365453e-12	153.0205039
222.7821046	-22.32548319	-0.01592687804	-8.470042234e-14	2.771548221e-12	146.0079634
223.1271183	21.10328944	0.02218009962	3.928732816e-14	1.239423718e-12	132.98891
223.201073	-0.3041997073	0.005361046335	-5.533758202e-16	-2.094648391e-13	139.4973195
223.3820413	37.18182051	0.03374851601	2.111932007e-14	3.508385708e-13	126.9831257
223.4143014	-40.33944526	-0.04093316676	-7.997610183e-14	1.30506012e-12	153.5204666
223.5636313	-22.36342719	-0.01590407363	4.751946783e-14	-1.762028814e-12	146.507952
223.946466	21.1430329	0.02213336634	1.834218069e-14	5.585218211e-13	133.4889333
224.0010692	-0.3041996706	0.005341953764	-8.303299447e-15	8.971683001e-13	139.997329
224.1782731	-40.40556876	-0.04085891988	1.680809995e-13	-2.945333419e-12	154.0204295
224.2216437	37.25451526	0.03369393142	-5.8357567e-14	-9.322589604e-13	127.483153
224.3451895	-22.40130661	-0.01588137079	-6.764033125e-14	2.14109078e-12	147.0079407
224.7657776	21.18270218	0.02208691383	-7.393414561e-15	-1.825747171e-13	133.9889565
224.8010654	-0.3041996341	0.005322996704	2.690520176e-16	7.942250594e-13	140.4973385
224.9423032	-40.47158492	-0.04078505832	-1.34299714e-13	2.363839499e-12	154.5203925
225.0611687	37.32706745	0.03363962153	-1.111246574e-13	-1.862305188e-12	127.9831802
225.1267789	-22.43912177	-0.01585876877	-2.14914902e-14	7.711151876e-13	147.5079294
225.5850533	21.22229767	0.02204073933	-4.596566454e-14	-1.501681951e-12	134.4889796
225.6010616	-0.3041995978	0.005304173715	4.205891656e-15	-1.686892209e-12	140.9973479
225.7063912	-40.53749427	-0.04071157881	-8.540749531e-14	1.444323792e-12	155.0203558
225.9006167	37.39947792	0.03358558404	1.106629925e-13	1.825657718e-12	128.4832072
225.9083994	-22.476873	-0.01583626682	2.932736576e-14	-1.095563377e-12	148.0079181
226.4010578	-0.3041995617	0.005285483382	2.118782938e-17	1.620892765e-12	141.4973573
226.4042933	21.26181979	0.02199484014	8.925433733e-14	2.909372713e-12	134.9890026
226.470537	-40.60329731	-0.04063847812	-1.125256851e-13	1.977546048e-12	155.5203192
226.690051	-22.51456061	-0.01581386419	-4.848458414e-14	1.813385416e-12	148.5079069
226.7399882	37.47174748	0.03353181664	1.26178372e-13	1.990599198e-12	128.9832341
227.2010541	-0.3041995258	0.005266924306	3.618159892e-15	-1.337385786e-12	141.9973665
227.2234978	21.30126894	0.02194921356	-9.952367498e-14	-3.386915036e-12	135.4890254
227.2347403	-40.66899457	-0.04056575307	1.439063078e-13	-2.507315664e-12	156.0202829
227.4717333	-22.55218493	-0.01579156014	5.510879994e-14	-1.819046465e-12	149.0078958
227.5792837	37.54387697	0.03347831706	-7.910221335e-14	-1.284015256e-12	129.4832608
227.9990007	-40.73458654	-0.04049340049	3.862337681e-14	-7.379310467e-13	156.5202467
228.0010504	-0.30419949	0.00524849511	3.928278471e-15	6.168319661e-13	142.4973758
228.0426669	21.34064554	0.02190385697	5.988902425e-14	1.80361661e-12	135.9890481
228.2534463	-22.58974628	-0.01576935394	-4.261513012e-14	1.502956795e-12	149.5078847
228.4185035	37.61586719	0.03342508307	8.310377086e-14	1.386840831e-12	129.9832875
228.7633181	-40.80007374	-0.04042141729	3.036003627e-14	-5.934616359e-13	157.0202107
228.8010468	-0.3041994544	0.005230194435	-5.11981398e-15	2.035783972e-13	142.9973849
228.861801	21.37994997	0.02185876775	2.182531111e-14	8.540064827e-13	136.4890706
229.0351898	-22.62724497	-0.01574724487	8.591048326e-14	-3.043399533e-12	150.0078736
229.2576481	37.68771894	0.03337211245	-1.472967093e-13	-2.320647449e-12	130.4833139
229.5276922	-40.86545666	-0.04034980036	5.664435794e-14	-1.008809057e-12	157.5201749
229.6010431	-0.3041994189	0.005212020941	7.898769705e-16	-3.314329647e-12	143.497394
229.6809001	21.41918264	0.02181394333	-3.229462676e-14	-9.387415511e-13	136.989093
229.8169636	-22.66468132	-0.01572523221	-2.147391728e-14	8.498287488e-13	150.5078626
230.096718	37.75943302	0.033319403	1.259103846e-13	2.076215806e-12	130.9833403
230.2921226	-40.93073581	-0.04027854668	-3.455884608e-14	5.983441235e-13	158.0201393
230.4010395	-0.3041993836	0.005193973308	1.168262924e-15	3.375181206e-12	143.997403
230.4999645	21.45834393	0.02176938119	1.629427394e-14	5.700596372e-13	137.4891153
230.5987677	-22.70205563	-0.01570331526	-5.129e-14	1.666469408e-12	151.0078517
230.9357135	37.83101022	0.03326695258	-1.368165677e-13	-2.260613537e-12	131.4833665
231.0566091	-40.99591167	-0.04020765323	-3.97719921e-14	6.663469992e-13	158.5201038
231.2010359	-0.3041993485	0.005176050231	-7.334459733e-15	9.234804418e-14	144.497412
231.3189943	21.49743423	0.02172507881	-3.39318598e-14	-1.177545279e-12	137.9891375
231.3806018	-22.73936821	-0.01568149331	5.758575563e-14	-1.888789293e-12	151.5078407
231.7746351	37.90245132	0.03321475902	7.815214476e-15	1.42649354e-13	131.9833926
231.8211515	-41.06098473	-0.04013711703	-6.74389638e-14	1.203152642e-12	159.0200686
232.0010324	-0.3041993136	0.005158250427	9.261624116e-15	-8.350206061e-15	144.9974209
232.1379898	21.53645393	0.02168103372	2.881096253e-14	9.701587668e-13	138.4891595
232.1624658	-22.77661937	-0.01565976568	-3.053770729e-14	1.09970042e-12	152.0078299
232.5857495	-41.12595548	-0.04006693514	4.765213546e-15	-1.143180562e-13	159.5200335
232.6134831	37.97375709	0.03316282024	5.91766468e-14	1.048141969e-12	132.4834186
232.8010288	-0.3041992788	0.005140572628	3.369157386e-15	-1.896802456e-12	145.4974297
232.9443596	-22.81380941	-0.01563813167	5.360067728e-14	-1.931883161e-12	152.5078191
232.9569511	21.57540341	0.02163724349	-2.354408338e-14	-7.547441936e-13	138.9891814
233.3504028	-41.19082439	-0.03999710466	6.81513792e-14	-1.2265055e-12	160.0199986
233.4522581	38.04492831	0.03311113412	4.256660861e-14	6.932610035e-13	132.9834444
233.6010253	-0.3041992442	0.005123015583	-2.8970558e-15	7.012594467e-13	145.9974385
233.7262829	-22.85093863	-0.0156165906	-6.464889059e-14	2.642368104e-12	153.0078083
233.7758784	21.61428305	0.02159370571	6.299786013e-14	1.933635965e-12	139.4892031
234.1151111	-41.25559196	-0.03992762271	-3.017344218e-14	5.748212916e-13	160.5199638
234.2909605	38.11596572	0.03305969861	-1.398771141e-13	-2.294454805e-12	133.4834702
234.4010218	-0.3041992098	0.005105578059	2.125561389e-15	-1.414879679e-12	146.4974472
234.5082358	-22.88800732	-0.01559514182	2.429645975e-14	-8.939417104e-13	153.5077976
234.5947718	21.65309322	0.021550418	-1.027660102e-13	-3.52109812e-12	139.9892248
234.8798743	-41.32025864	-0.03985848645	2.291004168e-14	-4.07408173e-13	161.0199292
235.1295905	38.18687008	0.03300851167	1.02158143e-14	1.404863586e-13	133.9834957
235.2010183	-0.3041991755	0.005088258841	-4.729897642e-15	2.924304435e-12	146.9974559
235.2902179	-22.92501579	-0.01557378463	7.008916226e-15	-2.183571814e-13	154.0077869
235.4136317	21.69183429	0.02150737803	5.826086804e-15	9.146048933e-15	140.4892463
235.644692	-41.38482491	-0.03978969307	-1.272795748e-14	2.364507475e-13	161.5198948
235.9681487	38.25764213	0.03295757127	1.68765634e-13	2.778144643e-12	134.4835212
236.0010149	-0.3041991414	0.005071056728	5.618855448e-15	1.944293625e-13	147.4974645
236.0722293	-22.96196432	-0.0155525184	-4.088301157e-14	1.527493573e-12	154.5077763
236.2324581	21.73050662	0.02146458347	7.784082809e-14	2.409726188e-12	140.9892677
236.4095641	-41.44929124	-0.03972123979	1.922436639e-14	-3.544169162e-13	162.0198606
236.8010115	-0.3041991074	0.005053970537	1.669082848e-15	-2.906548831e-12	147.997473
236.8066354	38.32828262	0.03290687543	-1.24128568e-13	-1.981952348e-12	134.9835466
236.8542697	-22.99885321	-0.01553134247	4.730309763e-14	-1.620822182e-12	155.0077657
237.0512512	21.7691106	0.02142203205	-4.056716407e-14	-1.11866624e-12	141.489289
237.1744901	-41.51365808	-0.03965312386	2.897294228e-14	-5.750531158e-13	162.5198266
237.6010081	-0.3041990736	0.005036999099	5.429195555e-15	4.886650839e-12	148.4974815
237.6363389	-23.03568274	-0.01551025619	-4.983143845e-14	1.916226583e-12	155.5077551
237.6450511	38.39879227	0.03285642216	1.019769219e-13	1.744100373e-12	135.4835718
237.8700113	21.80764657	0.02137972151	9.694900091e-15	3.760787567e-13	141.9893101
237.93947	-41.57792591	-0.03958534256	-1.013278322e-13	1.818943947e-12	163.0197927
238.4010047	-0.30419904	0.005020141262	-1.831652017e-15	-2.9901364e-12	148.9974899
238.418437	-23.0724532	-0.01548925892	7.337483619e-14	-2.341451603e-12	156.0077446
238.4833961	38.46917181	0.03280620951	-3.60431747e-14	-6.543044101e-13	135.9835969
238.6887384	21.84611489	0.02133764963	-1.143082205e-14	-5.150515085e-13	142.4893312
238.7045035	-41.64209516	-0.03951789321	-7.421785842e-14	1.381108508e-12	163.5197589
239.2005636	-23.10916487	-0.01546835004	2.29654353e-14	-9.681530662e-13	156.5077342
239.2010013	-0.3041990065	0.00500339589	2.566551748e-15	-2.154101229e-12	149.4974983
239.3216708	38.53942195	0.03275623556	-2.030888532e-13	-3.354291161e-12	136.4836219
239.4695903	-41.7061663	-0.03945077316	2.0312945e-13	-3.658981103e-12	164.0197254
239.5074327	21.88451592	0.0212958142	5.862799917e-14	1.974310688e-12	142.9893521
239.9827188	-23.14581803	-0.0154475289	-3.674856308e-15	1.958686054e-13	157.0077238
240.000998	-0.3041989732	0.004986761862	-2.233526215e-15	3.206239512e-12	149.9975066
240.1598755	38.60954342	0.03270649841	1.361089071e-13	2.299556804e-12	136.9836468
240.2347301	-41.77013978	-0.03938397977	-7.923495739e-14	1.414857892e-12	164.519692
240.3260945	21.92285001	0.02125421307	-4.538620181e-14	-1.566230834e-12	143.4893729
240.7649023	-23.18241296	-0.0154267949	-4.421640883e-14	1.655945412e-12	157.5077134
240.8009947	-0.30419894	0.004970238069	2.237686827e-15	-4.787959985e-13	150.4975149
240.9980108	38.6795369	0.03265699615	-8.072640429e-15	-1.052396999e-13	137.4836715
240.9999228	-41.83401603	-0.03931751044	3.997855422e-15	-1.171199913e-13	165.0196588
241.1447239	21.96111751	0.02121284408	2.403559808e-15	-9.763944635e-15	143.9893936
241.547114	-23.21894995	-0.01540614743	3.399565785e-14	-1.139996807e-12	158.0077031
241.6009914	-0.304198907	0.00495382342	-3.830904243e-15	-1.994478846e-12	150.9975231
241.765168	-41.8977955	-0.03925136261	-1.142378318e-13	2.09105306e-12	165.5196257
241.8360769	38.7494031	0.03260772694	-4.545632225e-14	-7.449898432e-13	137.9836961
241.963321	21.99931877	0.02117170512	-2.968070262e-14	-1.15679812e-12	144.4894141
242.3293538	-23.25542925	-0.01538558586	-3.12352439e-14	1.247092092e-12	158.5076928
242.4009882	-0.3041988741	0.004937516837	-7.603228938e-16	2.847720619e-12	151.4975312
242.5304656	-41.96147863	-0.03918553374	-4.098621547e-14	7.505081849e-13	166.0195928
242.6740743	38.81914271	0.03255868891	6.253658386e-14	1.023746629e-12	138.4837207
242.7818861	22.03745412	0.02113079411	6.775577583e-14	2.387151507e-12	144.9894346
243.1116215	-23.29185115	-0.0153651096	-2.325256804e-14	8.674637984e-13	159.0076826
243.2009849	-0.3041988414	0.004921317256	-1.164303427e-15	-1.405675283e-12	151.9975393
243.2958153	-42.02506586	-0.03912002131	2.594437586e-13	-4.744467964e-12	166.51956
243.5120033	38.88875643	0.03250988026	-1.522858734e-13	-2.561212707e-12	138.9837451
243.6004192	22.07552391	0.02109010899	-2.015852144e-14	-7.506638913e-13	145.4894549
243.893917	-23.32821592	-0.01534471806	9.683585202e-15	-3.123432867e-13	159.5076724
244.0009817	-0.3041988089	0.004905223628	-2.477742568e-15	-1.921846389e-12	152.4975474
244.0612169	-42.08855762	-0.03905482283	-1.553564933e-13	2.860691572e-12	167.0195274
244.3498642	38.95824491	0.03246129917	1.741615086e-13	2.927592706e-12	139.4837694
244.4189206	22.11352848	0.02104964771	-2.07717645e-14	-7.755337664e-13	145.9894752
244.6762403	-23.36452382	-0.01532441064	5.7324461e-15	-3.117242083e-13	160.0076622
244.8009785	-0.3041987765	0.004889234917	-9.354232284e-16	-6.836150806e-14	152.9975554
244.8266702	-42.15195432	-0.03898993584	6.656966839e-14	-1.294169014e-12	167.519495
245.1876575	39.02760885	0.03241294387	-5.703925578e-14	-8.839218988e-13	139.9837935
245.2373904	22.15146816	0.02100940827	3.972600572e-14	1.205088495e-12	146.4894953
245.4585911	-23.40077512	-0.01530418677	3.292713248e-14	-1.135789934e-12	160.5076521
245.5921749	-42.21525641	-0.03892535792	-7.231216461e-14	1.289818606e-12	168.0194627
245.6009753	-0.3041987443	0.004873350099	-1.193671129e-15	2.930842117e-12	153.4975633
246.0253834	39.0968489	0.03236481259	-2.470001731e-14	-3.908439771e-13	140.4838176
246.0558288	22.18934327	0.02096938868	-6.078606586e-15	-7.575997563e-14	146.9895153
246.2409693	-23.43697008	-0.01528404585	-1.678768525e-14	5.149182811e-13	161.007642
246.3577307	-42.27846431	-0.03886108666	-1.558888671e-13	2.8765428e-12	168.5194305
246.4009721	-0.3041987122	0.004857568165	-3.499725732e-15	-3.448065324e-13	153.9975712
246.8630424	39.16596573	0.03231690357	2.522904119e-14	3.874717134e-13	140.9838415
246.874236	22.22715416	0.02092958699	-2.397981611e-14	-7.605320757e-13	147.4895352
247.0233748	-23.47310897	-0.01526398732	-4.35882168e-14	1.58839274e-12	161.507632
247.1233376	-42.34157842	-0.03879711967	2.844768825e-14	-5.057407333e-13	169.0193986
247.200969	-0.3041986802	0.00484188812	-4.73855416e-15	-1.419855721e-13	154.4975791
247.692612	22.26490114	0.02089000124	-4.927041998e-14	-1.716762538e-12	147.989555
247.7006349	39.23496	0.03226921511	-5.163863568e-15	-9.699744003e-14	141.4838654
247.8058075	-23.50919204	-0.01524401061	7.184452938e-14	-2.484486992e-12	162.007622
247.8889951	-42.40459917	-0.0387334546	4.69187056e-14	-8.880313102e-13	169.5193667
248.0009659	-0.3041986484	0.00482630898	4.336126645e-15	-3.451651948e-13	154.9975868
248.5109571	22.30258453	0.02085062954	4.758068896e-14	1.52978494e-12	148.4895747
248.5381611	39.30383235	0.03222174548	-1.078643103e-14	-2.32449533e-13	141.9838891
248.5882672	-23.54521956	-0.01522411516	-8.472305922e-15	6.034268249e-13	162.5076121
248.6547032	-42.46752698	-0.03867008912	2.363056201e-14	-4.134831769e-13	170.019335
248.8009628	-0.3041986168	0.004810829773	6.201369581e-16	-6.98462336e-13	155.4975946
249.3292714	22.34020467	0.02081146999	-9.6658757e-14	-3.129326981e-12	148.9895943
249.3707539	-23.58119178	-0.01520430042	-6.083530642e-14	2.148650458e-12	163.0076022
249.3756214	39.37258342	0.03217449301	-8.422016501e-15	-1.323553914e-13	142.4839128
249.4204616	-42.53036225	-0.03860702093	-1.038196995e-13	1.889140749e-12	170.5193035
249.6009597	-0.3041985853	0.004795449541	-6.195090144e-15	3.018590959e-13	155.9976023
250.147555	22.37776186	0.02077252073	3.590147128e-14	1.251127027e-12	149.4896137
250.1532674	-23.61710894	-0.01518456582	1.286452782e-14	-4.228497931e-13	163.5075923
250.18627	-42.59310538	-0.03854424774	1.366599416e-13	-2.559004282e-12	171.0192721
250.2130161	39.44121387	0.03212745602	-3.367682232e-14	-5.355138786e-13	142.9839363
250.4009566	-0.3041985539	0.004780167338	4.352555396e-15	-1.970519753e-12	156.4976099
250.9358075	-23.65297132	-0.01516491083	-2.923436714e-14	1.157572919e-12	164.0075825
250.9521283	-42.65575679	-0.0384817673	8.968149405e-14	-1.671481413e-12	171.5192409
250.9658082	22.41525642	0.0207337799	1.657976441e-13	5.697597245e-12	149.9896331
251.0503457	39.50972431	0.03208063286	1.694985752e-13	2.928253614e-12	143.4839597
251.2009536	-0.3041985227	0.00476498223	4.297434783e-15	1.888926088e-12	156.9976175
251.7180362	-42.71831687	-0.03841957738	-1.79214979e-13	3.348768506e-12	172.0192098
251.7183742	-23.68877914	-0.0151453349	-7.917546929e-15	4.786004812e-13	164.5075727
251.784031	22.45268866	0.0206952457	-2.081898605e-13	-7.223812776e-12	150.4896524
251.8876104	39.57811537	0.03203402189	-9.91548449e-14	-1.655056345e-12	143.983983
252.0009506	-0.3041984916	0.004749893295	2.818402567e-15	-2.45827091e-12	157.4976251
252.4839936	-42.78078602	-0.03835767576	3.057448061e-13	-5.67739397e-12	172.5191788
252.5009673	-23.72453267	-0.0151258375	6.574573927e-14	-2.606324598e-12	165.0075629
252.6022237	22.4900589	0.02065691631	1.445487786e-13	5.022528625e-12	150.9896715
252.7248106	39.64638769	0.0319876215	-6.891073976e-14	-1.15991075e-12	144.4840062
252.8009476	-0.3041984607	0.00473489962	-6.969454587e-15	4.114008389e-12	157.9976326
253.2500001	-42.84316465	-0.03829606027	-3.046844604e-13	5.590381527e-12	173.019148
253.2835868	-23.76023215	-0.0151064181	7.304524107e-14	-2.283329678e-12	165.5075532
253.4203863	22.52736743	0.02061878997	-1.526226169e-13	-5.411447556e-12	151.4896906
253.5619466	39.71454187	0.03194143008	-1.049081955e-13	-1.794055844e-12	144.9840293
253.6009446	-0.3041984299	0.004720000308	-2.307513534e-15	2.174404801e-13	158.49764
254.0160557	-42.90545313	-0.03823472874	9.577676705e-15	-8.017444955e-14	173.5191174
254.0662324	-23.79587783	-0.01508707618	-1.349333399e-13	4.721210988e-12	166.0075435
254.2385191	22.56461457	0.02058086491	-4.136240774e-14	-1.760452956e-12	151.9897096
254.3990187	39.78257852	0.03189544606	1.768554102e-13	2.97862146e-12	145.4840523
254.4009416	-0.3041983993	0.00470519447	3.367753127e-15	-2.119105552e-12	158.9976474
254.78216	-42.96765186	-0.03817367903	-1.158407801e-13	2.097137423e-12	174.0190868
254.8489041	-23.83146994	-0.0150678112	-7.129506002e-14	2.707287399e-12	166.5075339
255.0566221	22.60180062	0.02054313941	8.283135663e-14	2.834284287e-12	152.4897284
255.2009387	-0.3041983688	0.00469048123	3.113778286e-15	1.604527619e-13	159.4976548
255.2360274	39.85049826	0.03184966787	-1.600047319e-13	-2.789920068e-12	145.9840752
255.5483129	-43.02976122	-0.03811290902	1.852248145e-13	-3.455830324e-12	174.5190565
255.6316018	-23.86700872	-0.01504862266	1.194815147e-13	-4.34696598e-12	167.0075243
255.8746955	22.63892587	0.02050561173	1.08259868e-13	3.960015534e-12	152.9897472
256.0009358	-0.3041983384	0.004675859721	-1.527104951e-15	1.649941903e-13	159.9976621
256.0729728	39.91830168	0.03180409395	-2.151824869e-14	-3.645516256e-13	146.484098
256.3145141	-43.09178161	-0.03805241662	2.610120463e-14	-4.553400985e-13	175.0190262
256.4143254	-23.90249443	-0.01502951005	8.175425824e-14	-3.097059937e-12	167.5075148
256.6927395	22.67599062	0.0204682802	-1.05291368e-13	-3.459594929e-12	153.4897659
256.8009328	-0.3041983082	0.004661329088	9.482753878e-15	6.944246848e-14	160.4976693
256.9098553	39.98598937	0.03175872278	1.435973873e-13	2.521090212e-12	146.9841206
257.0807635	-43.1537134	-0.03799219975	-1.214965638e-13	2.332848779e-12	175.5189961
257.1970746	-23.93792728	-0.01501047286	-1.193488337e-13	4.276733464e-12	168.0075052
257.5107542	22.71299517	0.02043114314	-3.503406433e-14	-1.431774067e-12	153.9897844
257.60093	-0.3041982781	0.004646888486	1.057993154e-14	1.647764403e-13	160.9976766
257.7466753	40.05356194	0.03171355284	8.803115676e-14	1.501790147e-12	147.4841432
257.8470609	-43.21555696	-0.03793225636	1.298473825e-13	-2.438290934e-12	176.0189661
257.9798495	-23.97330753	-0.01499151059	-8.62676369e-15	2.9722739e-13	168.5074958
258.3287397	22.74993981	0.02039419888	4.285846458e-14	1.4088907e-12	154.4898029
258.4009271	-0.3041982482	0.004632537082	-2.038975762e-16	-2.499767797e-13	161.4976837
258.583433	40.12101996	0.03166858263	-2.321487592e-13	-3.951032735e-12	147.9841657
258.613406	-43.27731269	-0.03787258442	-1.649165832e-13	3.121323726e-12	176.5189363
258.7626498	-24.00863539	-0.01497262273	5.895393257e-14	-2.50412346e-12	169.0074863
259.1466962	22.78682483	0.02035744581	-3.135721213e-14	-8.580628269e-13	154.9898213
259.2009242	-0.3041982184	0.004618274051	1.31086609e-14	6.082311404e-13	161.9976909
259.3797986	-43.33898094	-0.03781318191	1.382587004e-13	-2.62101124e-12	177.0189066
259.4201288	40.18836401	0.03162381066	2.906085847e-13	5.016744033e-12	148.4841881
259.5454756	-24.04391111	-0.01495380881	1.212443641e-14	-3.672179389e-13	169.5074769
259.9646238	22.82365052	0.02032088229	-4.303004123e-16	-1.72038225e-13	155.4898396
260.0009214	-0.3041981887	0.00460409858	-4.316903394e-15	-1.302623207e-12	162.497698
260.1462386	-43.4005621	-0.03775404686	1.869932657e-13	-3.539112844e-12	177.518877
260.2567629	40.25559467	0.03157923546	-1.164070221e-13	-1.966562817e-12	148.9842104
260.3283266	-24.07913492	-0.01493506834	-1.554684689e-13	5.711736793e-12	170.0074675
260.7825227	22.86041716	0.02028450674	3.642564118e-14	1.394223805e-12	155.9898577
260.8009186	-0.3041981592	0.004590009865	1.088762288e-14	1.862678862e-13	162.997705
260.9127258	-43.46205652	-0.03769517728	-4.12493415e-13	7.768589352e-12	178.0188476
261.0933358	40.32271251	0.03153485558	-5.607329887e-14	-1.059278381e-12	149.4842326
261.1112028	-24.11430704	-0.01491640082	1.955896839e-13	-7.146041408e-12	170.5074582
261.600393	22.89712504	0.02024831757	-1.394982997e-14	-7.579752255e-13	156.4898758
261.6009158	-0.3041981298	0.004576007112	-4.10027695e-15	-7.427066478e-13	163.497712
261.6792598	-43.52346457	-0.03763657124	1.808131272e-13	-3.381300653e-12	178.5188183
261.8941041	-24.1494277	-0.01489780579	-1.773801651e-13	6.895906571e-12	171.0074489
261.9298477	40.3897181	0.03149066958	-1.149166481e-13	-1.895078592e-12	149.9842547
262.400913	-0.3041981005	0.004562089536	-1.273126985e-14	-3.315231633e-12	163.997719
262.4182348	22.93377444	0.02021231322	1.769512191e-13	6.202480077e-12	156.9898938
262.4458407	-43.58478662	-0.03757822679	1.97582211e-15	2.042363595e-14	179.0187891
262.6770302	-24.18449712	-0.01487928276	2.497451256e-13	-9.576462775e-12	171.5074396
262.7662989	40.456612	0.03144667602	2.902310015e-14	5.795577157e-13	150.4842767
263.2009102	-0.3041980713	0.004548256362	-5.35942261e-15	-2.605615971e-12	164.4977259
263.2124681	-43.64602303	-0.03752014203	-1.305709477e-13	2.63586878e-12	179.5187601
263.2360483	22.97036563	0.02017649216	-2.331898952e-13	-8.418515837e-12	157.4899118
263.4599813	-24.21951553	-0.01486083127	-1.112038429e-13	4.076364878e-12	172.0074304
263.6026896	40.52339476	0.03140287352	2.655269981e-13	4.595488956e-12	150.9842986
263.9791418	-43.70717415	-0.03746231507	-1.170456831e-13	2.270751682e-12	180.0187312
264.0009075	-0.3041980423	0.004534506826	-7.78833315e-15	1.341348472e-11	164.9977327
264.0538336	23.00689889	0.02014085286	1.59790151e-13	5.821101396e-12	157.9899296
264.242957	-24.25448315	-0.01484245086	-2.038182987e-14	7.239946834e-13	172.5074212
264.4390203	40.59006694	0.03135926066	8.856934391e-14	1.467325652e-12	151.4843204
264.7458617	-43.76824034	-0.03740474404	9.697772845e-14	-1.797813582e-12	180.5187024
264.8009047	-0.3041980135	0.004520840171	2.688892096e-15	-8.896182493e-12	165.4977396
264.8715908	23.04337451	0.02010539381	-1.589782704e-13	-5.550707151e-12	158.4899473
265.0259574	-24.28940021	-0.01482414105	5.537603676e-15	-2.016928429e-13	173.0074121
265.2752912	40.65662908	0.03131583606	-5.940281495e-13	-1.030217368e-11	151.9843421
265.5126276	-43.82922195	-0.03734742708	1.451122008e-13	-2.736404706e-12	181.0186737
265.600902	-0.3041979847	0.00450725565	5.750896894e-15	2.223296912e-12	165.9977464
265.6893201	23.07979274	0.02007011352	-1.998271197e-14	-5.97427334e-13	158.9899649
265.8089823	-24.32426691	-0.01480590141	-3.127922863e-14	1.375343522e-12	173.507403
266.1115026	40.72308173	0.03127259837	5.789377914e-13	1.017897346e-11	152.4843637
266.2794393	-43.89011934	-0.03729036237	7.071113e-14	-1.632651941e-12	181.5186452
266.4008993	-0.3041979561	0.004493752524	-5.420247069e-17	3.17621934e-12	166.4977531
266.5070216	23.11615385	0.02003501051	-6.325335208e-14	-2.249933165e-12	159.4899825
266.5920316	-24.35908349	-0.01478773146	-4.431624916e-15	8.780254343e-14	174.0073939
266.9476548	40.78942543	0.03122954622	-3.426886846e-13	-6.087751083e-12	152.9843852
267.0462965	-43.95093285	-0.03723354807	-1.743110142e-13	3.277896611e-12	182.0186168
267.2008966	-0.3041979276	0.004480330064	1.867090424e-15	-2.326141907e-12	166.9977598
267.3246954	23.15245813	0.02000008335	1.399978827e-13	5.310422021e-12	159.99
267.3751052	-24.39385014	-0.01476963077	6.133215652e-14	-2.348755157e-12	174.5073848
267.783748	40.85566071	0.03118667828	7.395495927e-14	1.260022732e-12	153.4844067
267.8131992	-44.01166282	-0.0371769824	-5.679774417e-14	1.092958037e-12	182.5185885
268.0008939	-0.3041978993	0.00446698755	3.612272148e-15	-4.851949856e-12	167.4977665
268.1423417	23.18870583	0.01996533057	4.428734944e-14	1.836672145e-12	160.4900173
268.1582029	-24.42856709	-0.01475159889	-4.432186161e-14	1.360612708e-12	175.0073758
268.5801471	-44.07230961	-0.03712066358	1.918434461e-13	-3.733070419e-12	183.0185603
268.6197826	40.92178809	0.03114399321	2.803684848e-14	5.34129303e-13	153.984428
268.8008913	-0.304197871	0.004453724269	1.865773175e-15	4.110188443e-12	167.9977731
268.9413248	-24.46323455	-0.01473363538	-4.200187768e-14	1.753800323e-12	175.5073668
268.9599606	23.22489721	0.01993075077	-1.215432791e-13	-4.219990519e-12	160.9900346
269.3471401	-44.13287354	-0.03706458984	-1.84977401e-13	3.619413429e-12	183.5185323
269.4557589	40.98780811	0.03110148972	-7.753724154e-14	-1.328409845e-12	154.4844493
269.6008886	-0.3041978429	0.004440539518	-1.148758882e-15	-3.710690944e-13	168.4977797
269.7244707	-24.49785273	-0.0147157398	-1.473995675e-14	4.726228034e-13	176.0073579
269.7775522	23.26103254	0.01989634253	8.363946962e-14	3.332872312e-12	161.4900518
270.1141779	-44.19335497	-0.03700875944	6.937315833e-14	-1.403549461e-12	184.0185044
270.2916771	41.05372129	0.03105916649	6.769198049e-14	1.206730885e-12	154.9844704
270.400886	-0.3041978149	0.004427432601	2.809850113e-15	-1.717972259e-12	168.9977863
270.5076405	-24.53242185	-0.01469791172	-2.895026154e-14	1.026810213e-12	176.507349
270.5951167	23.29711208	0.01986210447	-9.690981296e-15	-6.135640202e-13	161.9900689
270.8812603	-44.25375422	-0.03695317064	-1.846402616e-13	3.387623018e-12	184.5184766
271.1275375	41.11952815	0.03101702225	2.043495283e-14	3.059248995e-13	155.4844915
271.2008834	-0.3041977871	0.004414402831	3.28176102e-16	3.743738627e-12	169.4977928
271.290834	-24.5669421	-0.01468015071	-8.634776259e-14	3.06203882e-12	177.0073401
271.4126541	23.33313608	0.0198280352	6.84008458e-15	6.412537031e-13	162.490086
271.6483873	-44.31407163	-0.03689782175	1.98852703e-13	-3.823135761e-12	185.0184489
271.9633404	41.18522918	0.03097505571	-1.208519619e-13	-1.987666346e-12	155.9845125
272.0008808	-0.3041977594	0.004401449529	-1.091959808e-14	-3.359038036e-12	169.9977993
272.0740513	-24.60141369	-0.01466245635	1.553701869e-13	-5.74799495e-12	177.5073312
272.2301646	23.3691048	0.01979413337	-5.274409251e-14	-2.136531132e-12	162.9901029
272.4155586	-44.37430753	-0.03684271106	-4.891071124e-15	6.11717606e-14	185.5184214
272.799086	41.25082492	0.03093326562	1.714426755e-13	3.107008764e-12	156.4845334
272.8008782	-0.3041977317	0.004388572024	-1.823558139e-15	5.130923526e-12	170.4978057
272.8572921	-24.63583684	-0.01464482821	2.592366962e-14	-8.187658308e-13	178.0073224
273.0476484	23.4050185	0.01976039763	-2.047939914e-14	-2.21895459e-13	163.4901198
273.182774	-44.43446225	-0.0367878369	8.596903514e-14	-1.634772547e-12	186.0183939
273.6008757	-0.3041977043	0.004375769652	9.562246767e-15	-2.910649844e-12	170.9978121
273.6347747	41.31631585	0.03089165074	2.56131194e-14	4.799296604e-13	156.9845542
273.6405564	-24.67021173	-0.01462726588	7.324571617e-14	-2.781934482e-12	178.5073136
273.8651054	23.44087742	0.01972682666	-7.304360509e-14	-2.931671424e-12	163.9901366
273.9500333	-44.49453612	-0.03673319761	8.04321345e-14	-1.380283537e-12	186.5183666
274.4008731	-0.3041976769	0.004363041758	-3.882107506e-15	-1.278236067e-12	171.4978185
274.4238441	-24.70453859	-0.01460976895	-1.900909239e-13	7.188777016e-12	179.0073049
274.4704067	41.38170249	0.03085020981	-1.668013719e-13	-3.026883157e-12	157.4845749
274.682536	23.47668182	0.01969341913	2.220950604e-13	7.821186099e-12	164.4901533
274.7173365	-44.55452946	-0.03667879153	-2.342857279e-14	3.939447338e-13	187.0183394
275.2008706	-0.3041976497	0.004350387693	2.659281244e-15	4.156544201e-12	171.9978248
275.2071551	-24.7388176	-0.01459233699	9.458970812e-14	-3.488028675e-12	179.5072962
275.3059823	41.44698532	0.03080894163	5.824239577e-14	1.012306575e-12	157.9845955
275.4846832	-44.6144426	-0.03662461705	-1.210979138e-13	2.343703313e-12	187.5183123
275.4999401	23.51243195	0.01966017375	-1.266765968e-13	-4.864913604e-12	164.9901699
275.9904893	-24.77304897	-0.01457496962	-8.687740229e-14	3.405769158e-12	180.0072875
276.0008681	-0.3041976225	0.004337806818	-1.605956935e-15	-5.978779328e-12	172.4978311
276.1415017	41.51216484	0.03076784497	1.047144641e-13	1.842014417e-12	158.4846161
276.2520734	-44.67427586	-0.03657067255	6.891208745e-14	-1.295987885e-12	188.0182853
276.3173179	23.54812804	0.01962708924	-1.562928819e-14	-6.880686213e-13	165.4901865
276.7738466	-24.80723289	-0.01455766642	7.334951814e-14	-2.98682438e-12	180.5072788
276.8008656	-0.3041975955	0.004325298499	-3.536007334e-15	1.471355358e-12	172.9978374
276.9769653	41.57724155	0.03072691865	-1.291594121e-14	-3.22077173e-13	158.9846365
277.0195068	-44.73402955	-0.03651695643	1.503855285e-13	-2.963655041e-12	188.5182585
277.1346695	23.58377035	0.0195941643	5.041100994e-14	1.762072248e-12	165.9902029
277.5572269	-24.84136957	-0.01454042699	1.402220061e-13	-4.696395188e-12	181.0072702
277.6008631	-0.3041975686	0.00431286211	5.391544076e-16	1.40067768e-12	173.4978436
277.7869834	-44.793704	-0.03646346711	-3.685537308e-13	7.162003718e-12	189.0182317
277.8123732	41.64221591	0.03068616146	-7.475144722e-14	-1.298505665e-12	159.4846569
277.9519951	23.61935911	0.0195613977	-2.730281938e-14	-7.848582259e-13	166.4902193
278.3406301	-24.87545919	-0.01452325095	-4.470820286e-14	1.805910316e-12	181.5072616
278.4008606	-0.3041975419	0.004300497032	-1.630364378e-15	-1.613060014e-12	173.9978498
278.5545028	-44.85329951	-0.03641020302	3.474367319e-13	-6.846080913e-12	189.5182051
278.6477258	41.70708842	0.03064557224	2.557219993e-13	4.467869949e-12	159.9846772
278.7692947	23.65489458	0.01952878819	-1.549364525e-14	-3.656810846e-13	166.9902356
279.1240562	-24.90950195	-0.01450613789	-8.069823707e-14	3.289209692e-12	182.0072531
279.2008581	-0.3041975152	0.004288202655	-2.164880572e-15	3.315542196e-12	174.4978559
279.322065	-44.9128164	-0.0363571626	-1.496350507e-13	2.968030568e-12	190.0181786
279.4830232	41.77185956	0.03060514982	-1.421980312e-13	-2.507012073e-12	160.4846974
279.5865685	23.69037697	0.01949633453	1.461422225e-14	4.942134528e-13	167.4902518
279.9075049	-24.94349805	-0.01448908743	-6.225316524e-14	2.597838066e-12	182.5072445
280.0008557	-0.3041974887	0.004275978372	-1.388609883e-16	-4.768060312e-12	174.997862
280.0896697	-44.97225499	-0.03630434433	-3.436226169e-14	6.310958123e-13	190.5181522
280.3182658	41.83652979	0.03056489305	-7.151628753e-14	-1.318541579e-12	160.9847176
280.4038166	23.72580654	0.0194640355	-5.820494619e-14	-2.66481711e-12	167.990268
280.6909763	-24.97744767	-0.01447209918	1.275414624e-13	-5.086067547e-12	183.007236
280.8008533	-0.3041974623	0.004263823587	3.097568049e-15	-4.546472718e-12	175.4978681
280.8573169	-45.03161556	-0.03625174668	1.4374843e-14	-4.704550483e-13	191.0181259
281.1534539	41.90109959	0.03052480078	7.763408017e-15	1.439783945e-13	161.4847376
281.2210391	23.76118352	0.01943188991	1.689992909e-13	6.343418886e-12	168.4902841
281.4744702	-25.011351	-0.01445517275	-4.644223355e-14	1.784146976e-12	183.5072276
281.6008508	-0.304197436	0.004251737709	-2.372174447e-15	9.026364223e-12	175.9978741
281.6250063	-45.09089845	-0.03619936814	-7.311999799e-15	-4.184991654e-14	191.5180997
281.9885875	41.96556942	0.03048487188	7.102760464e-14	1.317964898e-12	161.9847576
282.0382361	23.79650814	0.01939989655	-6.871479478e-14	-2.378409964e-12	168.9903001
282.2579865	-25.04520824	-0.01443830779	-1.013564367e-14	4.665111626e-13	184.0072192
282.3927378	-45.15010394	-0.03614720722	6.797019683e-15	-8.558980107e-14	192.0180736
282.4008484	-0.3041974098	0.004239720152	-1.437513659e-15	-5.120446289e-12	176.4978801
282.8236671	42.02993975	0.03044510524	-1.401918561e-13	-2.486405177e-12	162.4847774
282.8554078	23.83178064	0.01936805426	-8.161466572e-15	-7.46575133e-13	169.490316
283.0415252	-25.07901957	-0.01442150389	-8.192524011e-14	3.033415735e-12	184.5072108
283.1605112	-45.20923234	-0.03609526243	3.665359209e-14	-8.098383977e-13	192.5180476
283.200846	-0.3041973837	0.004227770341	9.33501682e-16	-1.464673592e-12	176.9978861
283.6586929	42.09421104	0.03040549974	2.885955367e-13	5.059153584e-12	162.9847973
283.6725542	23.86700124	0.01933636186	-3.447551612e-14	-1.097675951e-12	169.9903318
283.8250862	-25.11278518	-0.0144047607	1.156141152e-13	-4.201685007e-12	185.0072024
283.9283264	-45.26828396	-0.03604353231	-1.487584196e-13	3.022792803e-12	193.0180218
284.0008437	-0.3041973578	0.004215887702	-2.745675644e-16	1.195165652e-11	177.4978921
284.4896754	23.90217017	0.0193048182	9.840370259e-15	3.369317674e-13	170.4903476
284.493665	42.15838373	0.03036605429	-5.675858376e-13	-1.024970211e-11	163.484817
284.6086693	-25.14650525	-0.01438807784	-2.807711573e-14	1.382008626e-12	185.507194
284.6961831	-45.32725908	-0.03599201541	4.120822374e-14	-8.155255504e-13	193.517996
284.8008413	-0.3041973319	0.004204071672	-6.309321324e-15	-1.117080906e-11	177.997898
285.3067716	23.93728766	0.01927342214	-4.398460006e-15	-2.242317173e-13	170.9903633
285.3285838	42.22245829	0.03032676779	2.967564758e-13	5.431348046e-12	163.9848366
285.3922745	-25.18017997	-0.01437145495	2.146549842e-14	-1.266274351e-12	186.0071857
285.4640813	-45.38615801	-0.03594071029	-1.991069999e-13	3.954497744e-12	194.0179704
285.6008389	-0.3041973062	0.004192321692	-4.270336596e-15	2.008278766e-12	178.4979038
286.1238428	23.97235393	0.01924217255	5.529103109e-15	2.054757491e-13	171.4903789
286.1634495	42.28643517	0.03028763917	2.571046009e-13	4.735677737e-12	164.4848562
286.1759017	-25.21380952	-0.01435489166	-9.089549762e-14	3.618940678e-12	186.5071774
286.2320207	-45.44498104	-0.03588961552	5.614368321e-14	-9.210217126e-13	194.5179448
286.4008366	-0.3041972806	0.004180637209	2.235205113e-15	1.945287559e-12	178.9979097
286.9408893	24.00736921	0.01921106832	6.579736018e-14	2.380620856e-12	171.9903945
286.9595508	-25.24739408	-0.01433838762	9.543041297e-14	-3.63936571e-12	187.0071692
286.9982624	42.3503148	0.03024866737	-8.976101003e-14	-1.67435826e-12	164.9848757
287.0000013	-45.50372846	-0.0358387297	1.901410233e-13	-3.691244161e-12	195.0179194
287.2008343	-0.3041972551	0.004169017678	-1.876761245e-14	-1.726648883e-12	179.4979155
287.7432217	-25.28093383	-0.01432194246	-3.764725989e-15	2.231272752e-13	187.507161
287.757911	24.04233372	0.01918010833	4.358743574e-14	9.200491567e-13	172.4904099
287.7680228	-45.56240056	-0.03578805142	2.055459276e-14	-2.857731838e-13	195.517894
287.8330226	42.41409763	0.03020985131	-4.269587819e-13	-7.746012312e-12	165.4848951
288.000832	-0.3041972297	0.004157462558	-1.537198086e-15	2.755930919e-12	179.9979213
288.5269144	-25.31442894	-0.01430555584	1.525013313e-13	-5.961485568e-12	188.0071528
288.5360851	-45.62099764	-0.03573757929	2.532522156e-13	-5.025624324e-12	196.0178688
288.5749081	24.07724768	0.0191492915	-1.719110251e-13	-6.639299379e-12	172.9904254
288.6677304	42.4777841	0.03017118996	2.794528844e-13	5.046783064e-12	165.9849144
288.8008297	-0.3041972044	0.004145971316	-4.171741278e-15	-2.926805701e-12	180.497927
289.3041881	-45.67951998	-0.03568731195	-1.161488557e-13	2.325498557e-12	196.5178437
289.3106286	-25.34787961	-0.0142892274	-1.191416084e-13	4.553918022e-12	188.5071446
289.3918808	24.1121113	0.01911861673	8.031110673e-14	2.862912953e-12	173.4904407
289.5023861	42.54137464	0.03013268228	-4.351077623e-14	-7.903018159e-13	166.4849337
289.6008274	-0.3041971792	0.004134543423	-1.034290919e-14	-9.525225892e-13	180.9979327
290.0723315	-45.73796786	-0.03563724804	-1.098832867e-13	2.432212898e-12	197.0178186
290.0943645	-25.38128599	-0.01427295679	-2.914143069e-14	1.297676079e-12	189.0071365
290.208829	24.14692481	0.01908808297	2.559887915e-14	7.338962975e-13	173.990456
290.3369899	42.60486969	0.03009432724	-1.789258681e-14	-2.013467044e-13	166.9849528
290.4008251	-0.3041971541	0.004123178356	-3.323682659e-15	-1.127110016e-12	181.4979384
290.8405153	-45.79634158	-0.0355873862	3.72179893e-14	-7.260544717e-13	197.5177937
290.8781218	-25.41464828	-0.01425674367	-1.25787621e-15	7.391218981e-15	189.5071284
291.0257529	24.18168843	0.01905768915	-5.194870487e-14	-1.934883056e-12	174.4904712
291.171542	42.66826968	0.03005612382	6.031409401e-14	1.142128557e-12	167.4849719
291.2008228	-0.3041971292	0.0041118756	-5.33930802e-15	4.313293666e-12	181.9979441
291.6087392	-45.8546414	-0.0355377251	-1.354468592e-14	2.467310595e-13	198.0177689
291.6619005	-25.44796664	-0.0142405877	9.028404326e-14	-3.448546387e-12	190.0071203
291.8426527	24.21640235	0.01902743421	5.158351183e-14	1.711414277e-12	174.9904863
292.0008206	-0.3041971043	0.004100634642	2.260769304e-15	7.31973378e-13	182.4979497
292.0060426	42.73157502	0.03001807101	-1.198608384e-13	-2.246392406e-12	167.984991
292.3770032	-45.91286761	-0.03548826341	2.75174827e-13	-5.453123846e-12	198.5177441
292.4457005	-25.48124125	-0.01422448854	-1.34988307e-13	5.494564533e-12	190.5071122
292.6595284	24.25106681	0.01899731713	-3.645485041e-14	-1.030429891e-12	175.4905013
292.8008183	-0.3041970795	0.004089454978	5.3951031e-15	2.026690005e-12	182.9979553
292.840492	42.79478615	0.02998016782	1.703451316e-13	3.193660349e-12	168.4850099
293.145307	-45.97102049	-0.03543899984	-4.378331062e-13	8.631298181e-12	199.0177195
293.2295217	-25.51447227	-0.01420844585	1.713519963e-13	-6.294529798e-12	191.0071042
293.4763801	24.285682	0.01896733688	9.978306063e-14	3.764345479e-12	175.9905163
293.6008161	-0.3041970549	0.004078336107	-2.484352261e-15	-4.158385254e-12	183.4979608
293.6748905	42.85790348	0.02994241325	2.055390385e-13	3.847003615e-12	168.9850288
293.9136506	-46.02910031	-0.03538993307	1.541058508e-14	-4.230632326e-13	199.517695
294.0133641	-25.54765989	-0.0141924593	-2.214879334e-13	8.515609817e-12	191.5070962
294.2932079	24.32024814	0.01893749243	-4.712030948e-14	-1.926491483e-12	176.4905313
294.4008139	-0.3041970304	0.004067277536	1.443147551e-16	-2.626260187e-12	183.9979664
294.5092381	42.92092744	0.02990480632	-8.809974376e-14	-1.634095732e-12	169.4850476
294.6820338	-46.08710736	-0.03534106182	1.627435001e-13	-3.221022214e-12	200.0176705
294.7972275	-25.58080426	-0.01417652856	1.203473794e-13	-4.591889252e-12	192.0070883
295.110012	24.35476543	0.01890778278	-4.825434322e-14	-1.74566036e-12	176.9905461
295.2008117	-0.3041970059	0.004056278774	-1.792512662e-15	2.549699662e-12	184.4979719
295.3435352	42.98385842	0.02986734607	-1.06592035e-13	-1.833718198e-12	169.9850663
295.4504563	-46.14504189	-0.03529238481	2.419001315e-14	-5.094300996e-13	200.5176462
295.5811118	-25.61390556	-0.01416065329	4.054907332e-14	-1.333666651e-12	192.5070803
295.9267923	24.38923408	0.01887820694	4.132810884e-14	1.586496852e-12	177.4905609
296.0008095	-0.3041969816	0.004045339338	1.237618446e-14	1.370042584e-12	184.9979773
296.177782	43.04669685	0.02983003152	-2.580714659e-14	-5.324540079e-13	170.485085
296.2189182	-46.20290419	-0.03524390078	-1.105029103e-13	2.233179955e-12	201.017622
296.3650171	-25.64696395	-0.01414483318	-8.029601005e-15	1.898282217e-13	193.0070724
296.7435491	24.42365431	0.01884876393	-1.962090569e-13	-7.405471488e-12	177.9905756
296.8008073	-0.3041969574	0.00403445875	1.868162011e-15	-2.806785687e-12	185.4979828
296.9874192	-46.26069453	-0.03519560848	-5.79445943e-14	1.111745712e-12	201.5175978
297.0119787	43.10944313	0.02979286173	-1.575733206e-13	-2.896312412e-12	170.9851036
297.1489432	-25.67997961	-0.0141290679	3.091901857e-14	-1.666544624e-12	193.5070645
297.5602825	24.4580263	0.01881945275	2.560904003e-13	9.727755986e-12	178.4905903
297.6008052	-0.3041969332	0.004023636535	-6.074104511e-15	-1.876218032e-13	185.9979882
297.7559592	-46.31841316	-0.03514750666	2.962488365e-13	-6.003350787e-12	202.0175738
297.8461255	43.17209766	0.02975583575	3.447652627e-13	6.375859103e-12	171.4851221
297.93289	-25.71295269	-0.01411335713	-1.005461527e-13	3.372711626e-12	194.0070567
