200.0273466	-240.6728301	0.2942142492	-1.374950356e-13	4.682789051e-13	8.990192858
200.0359704	333.1758588	1.588366947	2.190818363e-14	-1.758181814e-13	7.080387768
200.0645103	-582.2967226	-1.71595073	4.048189192e-13	-7.405605037e-13	10.99053169
200.0807689	516.7207491	0.8443135718	2.458006296e-13	4.039477433e-13	5.938522881
200.0821932	-726.2935798	-2.767419903	3.847110901e-13	-5.103714053e-13	12.058914
200.0958341	-644.4365957	-2.1618826	4.958784212e-13	-8.15102563e-13	11.43872942
200.1033544	385.2658141	1.593152888	-2.358217897e-13	-7.638313631e-14	6.81356157
200.1087775	487.7658437	1.182241004	-5.313933058e-13	-5.614895683e-13	6.160591967
200.1339479	-387.7013524	-0.4507314796	2.726436504e-13	-8.979234578e-13	9.748357716
200.1630021	-685.5699837	-2.462948341	-5.649569555e-14	6.877261726e-14	11.74876494
200.1852826	-46.16792606	0.9152370597	3.926351229e-14	5.816815333e-13	8.302825431
200.2161152	-561.590994	-1.568723338	9.335229306e-13	-1.660506847e-12	10.85229078
200.2371711	313.4687922	1.568716519	1.326634637e-13	3.666240749e-13	7.181042783
200.2426576	-317.3463038	-0.06574731038	-1.19809051e-13	2.406460962e-13	9.368858244
200.2627806	-152.5060741	0.6224388606	1.531384458e-13	6.7934327e-14	8.645918705
200.2732324	-410.4596373	-0.5838687138	-1.44067524e-13	-5.341977332e-14	9.886128957
200.2875705	415.3018157	1.550746399	-1.806259873e-13	-3.680738632e-14	6.648308453
200.29142	466.1972353	1.348260584	4.265257602e-13	6.61400492e-13	6.321724647
200.3256141	-747.0627249	-2.918157706	6.442193217e-14	-4.558205774e-14	12.23060526
200.3324981	-540.7007321	-1.422976035	-1.774106435e-13	3.173178508e-13	10.7140992
200.3354887	525.9079803	0.7078012225	2.708493107e-13	1.519366193e-13	5.876406626
200.3506506	442.143909	1.470079354	3.925019815e-13	7.900867034e-13	6.484330688
200.3550354	-624.1862959	-2.010904264	-1.153353837e-12	1.90775951e-12	11.30036348
200.3566018	-7.088941366	1.002774527	2.030773708e-13	2.44816792e-12	8.199907516
200.3749613	-432.8651207	-0.7190836781	-8.366035023e-14	3.516341561e-13	10.02396946
200.3906337	-267.3507985	0.1767352259	1.033116587e-13	-4.184070507e-13	9.127442159
200.3981995	-213.1167354	0.4065483399	-2.735589547e-13	3.567142468e-13	8.886448389
200.4031229	292.0421353	1.541426591	5.86603512e-13	1.475498403e-12	7.281952447
200.4056831	369.3209665	1.598427794	6.29551596e-13	1.464582231e-12	6.91338574
200.4133487	-519.6105259	-1.278779933	2.179871289e-13	-4.168599305e-13	10.57595933
200.4394924	-454.9545648	-0.856274964	-2.085572963e-13	4.126596914e-13	10.16187583
200.4433	498.3895939	1.081691238	-1.103442296e-13	-2.09860718e-13	6.097276959
200.4583493	-498.3030173	-1.136210357	4.25357947e-13	-8.892812576e-13	10.43787368
200.4671748	-476.7585284	-0.9953471436	-2.033479785e-13	4.529222171e-13	10.2998449
200.4828887	-706.5070015	-2.61237711	7.303311596e-13	-9.154779705e-13	11.92041257
200.4923688	-341.5368229	-0.19164029	8.720709404e-13	-2.654943227e-12	9.50638801
200.4935732	-665.5669434	-2.309843666	3.963935517e-13	-6.379653983e-13	11.61032812
200.4953955	32.84392247	1.085407428	1.924374193e-13	1.235683803e-13	8.097153086
200.529648	-767.7639334	-3.069371855	-4.975919722e-13	6.448216319e-13	12.4023124
200.5341103	268.5745506	1.506834715	-2.317042779e-13	-1.216262038e-12	7.38310551
200.5351565	-119.2413659	0.7232028921	1.6956908e-13	2.135306316e-13	8.542559904
200.5658886	534.674328	0.5590082686	1.253591924e-12	1.203652863e-12	5.814699724
200.5799489	-603.7878776	-1.861218863	-1.284142872e-13	2.228563137e-13	11.16204063
200.6014053	72.6987797	1.162918905	-2.648714252e-14	-1.905102216e-14	7.99456937
200.6304155	242.7171077	1.465262501	2.082469945e-13	4.11612195e-13	7.48449125
200.6562792	401.2123892	1.57435217	1.475692611e-13	3.820828108e-13	6.747521594
200.6719951	352.2710782	1.595000555	-5.075143486e-13	-9.693697351e-13	7.013499981
200.6743693	111.4964559	1.235081094	1.525393624e-13	7.58187626e-13	7.892163964
200.681113	477.9210336	1.270213824	1.253923647e-13	-5.397933482e-14	6.257659539
200.6923182	214.1549878	1.417016278	1.977313686e-13	9.657333762e-13	7.586099457
200.7034619	-365.1886204	-0.3199563745	4.762780322e-14	-1.445045897e-13	9.643998546
200.7140222	148.3705633	1.301654564	-3.22945658e-14	1.445910442e-13	7.789944848
200.7141641	-293.0308441	0.05641898976	-2.728670828e-14	7.6600554e-13	9.264786034
200.7200956	182.6966739	1.362387735	7.082410026e-14	9.352936265e-13	7.687920409
200.7381253	-183.9065034	0.5150924731	1.124437215e-13	-1.636909153e-12	8.782830251
200.75354	508.5266759	0.9697968346	-2.8241948e-14	8.165408173e-14	6.034340106
200.7626784	-727.3656091	-2.76234933	1.98669198e-13	-2.725032127e-13	12.09207831
200.7702857	-583.2301796	-1.712886383	-6.360592138e-14	1.093345692e-13	11.02376288
200.7719927	543.0385332	0.3976554443	3.039847595e-13	2.198429288e-13	5.753411485
200.7758265	-83.73851806	0.8196635279	1.816784597e-13	-4.550148621e-13	8.439344549
200.7865065	429.6412808	1.513513875	7.755937602e-13	1.604603121e-12	6.582882871
200.7904573	-645.4343202	-2.15792499	-3.511170829e-14	5.333568644e-14	11.47193083
200.7951634	455.0950322	1.413119474	4.15634722e-14	-3.015412035e-13	6.419562684
200.796921	-241.0971921	0.2923902216	4.626306795e-14	-3.586192741e-13	9.023586993
200.8504698	-686.606206	-2.45842472	-4.993160094e-13	7.256752449e-13	11.78194749
200.87632	-388.3809162	-0.4505738383	-3.045224406e-13	8.674366579e-13	9.781685795
200.902577	333.966965	1.583256225	1.544227144e-13	1.261650518e-13	7.113891459
200.9257507	-562.5008096	-1.565970236	-1.098283824e-12	1.984730706e-12	10.88553234
200.9538337	551.0181183	0.2234683594	2.753734521e-13	2.480954041e-13	5.692551055
200.9845443	-46.1727673	0.9116351095	1.70786118e-14	-1.319934162e-12	8.33627883
200.9884937	386.2111688	1.588491131	-1.466946377e-13	1.965289819e-14	6.847050296
200.9983492	-317.9115292	-0.06658765352	7.994681055e-14	-2.646325653e-13	9.402219588
201.002752	-748.150985	-2.91283316	-1.837441261e-13	2.446312833e-13	12.26376111
201.011317	-411.1728965	-0.5833783422	-2.080090511e-13	5.49643252e-13	9.919445945
201.039497	518.2006936	0.8462733766	2.792144632e-13	9.60120125e-14	5.971790887
201.0460417	-541.5859508	-1.420537495	4.382121145e-13	-8.281464423e-13	10.74735125
201.046607	489.1037424	1.181465531	6.020385119e-13	8.15603009e-13	6.193951149
201.0468894	-152.7449445	0.6196873049	1.469524217e-13	5.135335476e-14	8.679343757
201.0533788	-625.1629214	-2.007246045	1.120290126e-12	-1.799975322e-12	11.33357487
201.0977146	314.2066041	1.563562287	5.284634038e-14	3.248849359e-13	7.214547924
201.1088177	-433.6104198	-0.7182624106	7.834968351e-14	-1.930581799e-13	10.05727541
201.1308498	-520.470126	-1.276659145	-2.516610426e-13	4.982730953e-13	10.60922197
201.1555373	-267.8257396	0.175240357	5.355417304e-15	-2.569384808e-14	9.160825321
201.1610596	-7.010538539	0.998922645	-1.947641609e-14	-7.304380304e-13	8.233369245
201.166924	-707.5606937	-2.60758914	2.584952017e-13	-3.64339075e-13	11.9535863
201.169178	-455.7304012	-0.8551249506	4.869837974e-13	-1.132187706e-12	10.19517083
201.1725705	-213.4847432	0.404414025	2.808587393e-14	-1.772760008e-13	8.919852866
201.1798588	-499.1359042	-1.134410363	7.5656972e-14	-1.578151873e-13	10.47114701
201.1846736	-666.5835263	-2.305611003	-2.342298859e-13	3.508761345e-13	11.64352037
201.1853989	416.346919	1.5466597	-1.642660889e-13	-2.976465075e-13	6.68177801
201.1927453	-477.563525	-0.9938708087	-5.645050286e-14	1.249614652e-13	10.33312903
201.2034803	-768.8678547	-3.063798813	6.065422644e-13	-7.846048126e-13	12.43545996
201.2155871	467.4383074	1.346084419	-3.871914977e-13	-6.17468251e-13	6.355130519
201.24359	-342.1420811	-0.1921470611	-5.425513306e-13	1.814914248e-12	9.539738235
201.2576921	292.7258307	1.536269261	-1.639230776e-13	-4.497648918e-14	7.315457691
201.2614859	443.2874631	1.466810652	-1.28039489e-13	-1.224160527e-13	6.517772978
201.2820567	-604.7426128	-1.857863553	-8.37470728e-13	1.398698326e-12	11.19526212
201.2844999	370.2146848	1.593580533	-5.569791769e-13	-1.417260053e-12	6.946880649
201.3011781	527.4333892	0.7108379514	2.832177668e-13	1.927900431e-13	5.909638735
201.305119	33.00453618	1.081321319	-2.784898432e-15	-5.551437504e-13	8.130622623
201.3242534	-119.4065726	0.7201655908	-1.283298023e-14	-4.596731133e-13	8.57599448
201.3827916	269.2030177	1.501711326	5.429425168e-13	1.476769814e-12	7.416609622
201.3878874	499.7736954	1.081733878	1.016342495e-13	1.490926276e-13	6.130608871
201.4164658	72.93863232	1.158615984	4.8456775e-14	3.340863955e-13	8.028046134
201.4433255	-728.4361344	-2.757302718	-1.603178142e-12	2.19539272e-12	12.12524342
201.4502774	-365.8314745	-0.3201300896	3.158765136e-13	-9.71560065e-13	9.67733767
201.4732935	243.2887984	1.460206958	-2.013589301e-13	-6.542106919e-13	7.517993101
201.4744682	-293.5521436	0.05525466018	2.976476438e-13	-1.07859495e-12	9.298158178
201.4762031	-584.1621842	-1.70983743	7.140849164e-13	-1.242256618e-12	11.05699458
201.4852319	-646.4305601	-2.153986851	6.55986462e-13	-1.020562216e-12	11.5051329
201.4948398	111.8112934	1.230580625	-5.158566989e-14	-7.848850617e-13	7.925647313
201.5173522	-184.2126312	0.5126557451	-1.251558635e-13	1.649994211e-12	8.816244808
201.5294754	214.66773	1.412059563	-1.558053581e-13	-1.077058256e-12	7.619598015
201.5380944	-687.6409317	-2.453922927	8.336785892e-13	-1.212048484e-12	11.81513076
201.5385983	536.2448956	0.5632101448	-9.470481662e-13	-7.840082825e-13	5.847892995
201.5399775	148.7556492	1.29697781	1.494780543e-13	9.453743607e-13	7.823434073
201.5445833	353.1127827	1.590019228	-8.492852518e-14	-2.574779495e-14	7.046999359
201.5476107	402.2065274	1.569967106	8.452623e-14	-1.90687597e-13	6.781001096
201.5516126	183.1474993	1.357558122	6.372445375e-14	-2.709850019e-14	7.721414729
201.5665555	-241.5207079	0.2905804322	8.203410647e-14	-4.771704421e-13	9.056980652
201.5699759	-83.82517246	0.8163517648	-3.852023509e-14	4.410176825e-13	8.472788275
201.6118944	479.2087815	1.26869814	2.189749411e-13	3.494274748e-13	6.291043395
201.6187927	-389.0592698	-0.4504154849	3.446968061e-13	-1.023378049e-12	9.815013849
201.6355243	-563.4091894	-1.563231001	1.107376133e-12	-2.007298527e-12	10.91877437
201.6800537	-749.237742	-2.907533469	7.343526556e-13	-9.782320683e-13	12.29691778
201.6906656	430.7342927	1.509817625	-3.569553586e-13	-8.121126986e-13	6.616339413
201.7049459	509.9566742	0.9707367103	-5.308876841e-13	-3.688329294e-13	6.06764211
201.7124703	456.2858142	1.410368887	6.053465788e-13	6.43224335e-13	6.452987704
201.7495079	-411.8849057	-0.5828893216	3.849705526e-13	-1.000748466e-12	9.952762977
201.7517806	544.653947	0.4031131044	-2.249322842e-13	-2.113828513e-13	5.786562897
201.7518705	-626.1380736	-2.003605951	9.731848117e-13	-1.567035813e-12	11.36678687
201.7541226	-318.4756977	-0.06742074985	-1.978734475e-14	2.013792662e-13	9.435580692
201.7597194	-542.4697522	-1.418111231	-2.739162788e-13	5.000401822e-13	10.78060371
201.7690289	334.7561664	1.578188194	-2.688496857e-13	-6.713371033e-13	7.147393727
201.7838118	-46.17756621	0.9080614998	-2.851923719e-14	1.462774322e-12	8.369731283
201.8310329	-152.9832913	0.6169570721	-2.046879433e-13	2.491481133e-13	8.712768098
201.8427856	-434.3544333	-0.7174444865	-4.97858611e-14	1.150333202e-13	10.09058148
201.8484809	-521.3283298	-1.27454898	3.106229056e-13	-6.220584832e-13	10.64248497
201.8511183	-708.6128883	-2.602824004	-3.535734438e-13	4.983157442e-13	11.9867608
201.8734258	387.1541311	1.583867381	9.772928961e-14	3.825081288e-14	6.880537754
201.8759279	-667.5986212	-2.301398937	-1.387948641e-13	2.650549302e-13	11.6767133
201.8774781	-769.9702745	-3.058251468	4.982842002e-13	-6.461775138e-13	12.46860838
201.8989801	-456.5049196	-0.8539802029	-4.400680147e-13	9.325385324e-13	10.22846601
201.9014942	-499.967418	-1.132619272	-1.520727401e-13	3.169831493e-13	10.50442064
201.9184372	-478.3671747	-0.9924015927	1.211680442e-13	-2.630891287e-13	10.36641339
201.9205085	-268.2997575	0.1737573075	-2.577895107e-13	1.315281528e-12	9.19420809
201.9407566	552.678055	0.2302746692	-4.906888928e-13	-4.39927144e-13	5.725657511
201.9469934	-213.8519984	0.4022962385	5.685396912e-14	-3.895909649e-14	8.953256792
201.9581201	314.9426709	1.558451104	-4.655402171e-13	-1.017771355e-12	7.24805163
201.9655127	-6.93227967	0.9951012462	-4.603260622e-14	-1.255557298e-13	8.266829958
201.9840637	490.4378377	1.180682783	-1.079577755e-12	-1.085415408e-12	6.227310574
201.9843093	-605.6958878	-1.854524969	9.504322797e-13	-1.580782813e-12	11.22848417
201.9948994	-342.7462283	-0.1926488366	-1.90823315e-13	7.817728028e-13	9.573088295
201.9977816	519.6762872	0.848192375	-5.219069226e-13	-6.386542537e-13	6.005060254
202.0829823	417.3892945	1.542604657	2.166165571e-13	2.408563603e-13	6.715246511
202.1121391	293.4079363	1.531154917	-1.526556433e-13	-6.742835715e-14	7.348961503
202.1133759	-119.5713994	0.7171518828	-1.527636295e-13	-1.057137698e-13	8.609428271
202.1148269	33.16481832	1.077267751	-1.122195742e-13	4.39875363e-13	8.164091075
202.1241336	-729.505162	-2.752279887	1.552568568e-12	-2.132427542e-12	12.15840933
202.1394266	468.6759451	1.343917794	-2.796540028e-13	-3.2333385e-14	6.388536074
202.163128	371.1061822	1.588773221	3.910961862e-13	6.526636172e-13	6.980374226
202.1720362	444.4279418	1.463564286	-2.009381371e-13	-6.690875544e-13	6.551214524
202.1801574	-647.425322	-2.150068028	-6.043235035e-14	8.79405408e-14	11.5383356
202.1822618	-585.0927433	-1.706803746	-9.8486416e-13	1.785181475e-12	11.09022679
202.1971873	-366.4731689	-0.3203009914	-1.986362229e-13	7.483420424e-13	9.7106767
202.2258752	-688.6741673	-2.449442796	-7.353270105e-13	1.168777239e-12	11.84831476
202.2313661	269.8300459	1.496630493	-1.807669341e-13	-2.697806075e-13	7.450112317
202.2314992	73.17797126	1.154347555	-1.923663593e-13	-6.830903992e-14	8.061521748
202.234847	-294.0724523	0.05409979231	3.411537884e-14	8.938065534e-14	9.331530007
202.2664007	528.9542772	0.713820625	-5.209103559e-13	-3.454436142e-13	5.942872646
202.2966225	-184.5181144	0.5102378295	2.057829957e-13	8.686074564e-14	8.849658739
202.3152712	112.1254451	1.226116471	3.15619018e-14	4.990450907e-14	7.959129451
202.3160793	243.8591975	1.455193214	1.417072762e-13	4.635103755e-13	7.55149356
202.3320801	501.1538232	1.081759374	1.700161869e-14	-5.43318134e-14	6.163941354
202.3362497	-241.9433827	0.2887847244	-7.965664798e-14	3.468243118e-13	9.090373843
202.3454354	-564.3161403	-1.560505518	-1.096052797e-12	2.025159565e-12	10.95201685
202.3575183	-750.3230019	-2.902258451	-4.932551113e-13	6.654201373e-13	12.33007528
202.3613657	-389.7364197	-0.450256431	-2.055369979e-13	1.056503368e-12	9.848341881
202.3641411	-83.91160869	0.8130658275	-1.804275088e-13	-1.875893126e-13	8.506231139
202.3658814	149.1398882	1.292339045	-2.257150932e-13	-1.070078755e-12	7.856922032
202.3665546	215.1793262	1.407143611	7.682048296e-14	-1.386541535e-13	7.653095213
202.3830651	183.5973256	1.35276799	6.700346937e-14	5.268348301e-14	7.754907734
202.4170009	353.9524336	1.5850792	2.855851151e-13	8.731675206e-13	7.08049736
202.4387172	403.198117	1.565616985	2.24733645e-13	1.636690001e-13	6.814479434
202.4505098	-627.1117593	-1.99998384	4.618453008e-14	-5.346436946e-14	11.39999946
202.4735308	-543.3521434	-1.415697142	-3.213641135e-13	5.257188077e-13	10.81385657
202.4878043	-412.5956717	-0.5824016437	8.651416442e-14	-4.051694826e-13	9.986080055
202.5099774	-319.0388152	-0.06824667797	5.971998799e-14	-4.372241102e-13	9.468941556
202.5108174	537.8107741	0.5673435882	-1.937374739e-13	-1.878990931e-13	5.881088547
202.535471	-709.6635914	-2.598081532	5.446544649e-13	-7.204772891e-13	12.01993605
202.5423272	480.492927	1.267184174	2.569782677e-14	3.90875218e-14	6.324427194
202.5516407	-771.0711989	-3.052729635	-3.818347332e-14	-3.333492688e-15	12.50175765
202.5662416	-522.1851442	-1.272449349	-4.649363812e-13	1.012334234e-12	10.67574831
202.5673355	-668.6122346	-2.297207311	-6.274497784e-13	1.018219875e-12	11.70990691
202.5768644	-435.0971677	-0.7166298788	-2.78749684e-13	7.466184027e-13	10.12388766
202.5830852	-46.18232334	0.9045158962	1.622581154e-13	-7.126533949e-13	8.403182803
202.594561	431.824416	1.506148606	4.494981242e-15	8.181183059e-14	6.649795046
202.615211	-153.2211179	0.6142479198	-6.401191574e-14	9.831400262e-13	8.746191736
202.6232548	-500.7975658	-1.130837011	1.686154569e-13	-4.033865176e-13	10.53769457
202.6288982	-457.2781269	-0.8528406767	-1.202760551e-13	6.292761969e-13	10.26176136
202.6294724	457.473356	1.40763463	-4.680848818e-13	-8.934988105e-13	6.486412179
202.6353272	335.5434769	1.573162287	-2.160624849e-13	-3.090853167e-13	7.18089459
202.6442497	-479.1694842	-0.9909394353	-9.887752746e-14	3.355649306e-13	10.39969798
202.6559348	511.3825287	0.9716485576	-4.003591176e-13	-4.496207979e-13	6.100945048
202.6855469	-268.7728577	0.1722859485	-1.062164605e-13	6.134886999e-13	9.227590468
202.6867061	-606.6477092	-1.851202976	-2.324658331e-13	3.959660221e-13	11.26170677
202.7214679	-214.2185058	0.400194797	-2.382270557e-14	2.998718918e-13	8.986660173
202.7310539	546.2645053	0.4084868047	-4.627280718e-13	-4.639514919e-13	5.819717107
202.7462966	-343.3492707	-0.1931456713	3.526426882e-13	-1.185306818e-12	9.606438189
202.7581521	388.0947194	1.579281137	2.659703921e-13	6.360769314e-13	6.914023962
202.7699612	-6.854164044	0.9913099663	1.512721045e-13	-9.699804873e-13	8.300289668
202.8051022	-730.5726979	-2.747280661	-6.68288499e-14	1.226956551e-13	12.19157602
202.8183885	315.6770053	1.553382402	3.256658644e-13	1.287568808e-13	7.28155392
202.8752331	-648.4186124	-2.146168371	-1.185639339e-13	2.739220388e-13	11.57153895
202.8884611	-586.0218636	-1.703785206	-7.147234778e-13	1.242362428e-12	11.12345951
202.9025238	-119.7358491	0.7141614973	1.630109713e-14	-1.274654848e-12	8.642861283
202.9138116	-689.7059189	-2.444984161	-1.865874961e-13	2.51405701e-13	11.88149947
202.9211506	491.768162	1.179893015	1.64319887e-13	1.06430228e-13	6.260670233
202.9245191	33.32477089	1.073246329	-1.682504919e-14	1.67744916e-13	8.197558456
202.9271406	554.3329727	0.2369803274	9.185243637e-14	8.127599814e-14	5.758767322
202.9441911	-367.1137099	-0.3204691124	-2.165446031e-13	6.366940942e-13	9.744015637
202.9556263	521.1475675	0.8500714099	3.742604379e-13	3.98423773e-13	6.038330953
202.9664648	294.0884633	1.526082998	1.931989774e-13	-2.29792967e-13	7.3824639
202.9803227	418.4289637	1.538580869	7.198285176e-13	8.319717286e-13	6.748713971
202.9952999	-294.591776	0.05295428369	3.257668525e-14	-1.139013211e-13	9.364901524
203.0351453	-751.406771	-2.897007926	-3.720336797e-13	4.967670804e-13	12.3632336
203.0415688	371.9954757	1.58400533	3.897908233e-13	7.624643653e-13	7.013866489
203.0465055	73.41679982	1.150113196	1.222906761e-13	-4.601424507e-13	8.094996227
203.0554835	-565.221669	-1.557793673	-2.838387471e-13	2.702643575e-13	10.98525979
203.062941	469.9101769	1.341760673	-2.621344598e-13	-3.549092835e-13	6.421941311
203.075936	-184.8229571	0.5078385153	-2.0807807e-13	1.008346551e-12	8.883072049
203.0798345	270.4556453	1.491591663	-2.983028426e-13	-2.614753359e-13	7.483613611
203.0823037	445.5653701	1.460340007	-6.249220794e-13	-8.2632992e-13	6.584655333
203.1040382	-390.4123724	-0.4500966882	8.24060647e-14	-2.331696727e-13	9.88166989
203.1060034	-242.3652214	0.2870029436	-1.259090712e-13	6.436860973e-13	9.123766569
203.1356637	112.4389154	1.221688186	1.584152927e-13	1.313441888e-12	7.992610394
203.149296	-628.0839849	-1.996379567	-5.367150642e-13	8.668830242e-13	11.43321265
203.1583221	-83.99782844	0.8098054158	2.646086838e-14	8.348155832e-13	8.539673153
203.1587737	244.428314	1.450220733	2.89990298e-13	-1.407474023e-13	7.584992642
203.1874751	-544.2331309	-1.413295125	4.708943889e-13	-8.974737753e-13	10.84710984
203.191734	149.5232858	1.287737794	-1.533331231e-13	-8.001338883e-14	7.89040874
203.2035562	215.6897842	1.402267903	-4.512639305e-14	4.215161909e-13	7.68659107
203.2144534	184.0461594	1.34801684	-1.946392408e-13	-1.470801805e-12	7.788399439
203.2199815	-710.7128095	-2.593361551	-8.501250407e-13	1.202735388e-12	12.05311205
203.2259675	-772.1706338	-3.047233129	-2.109655824e-13	2.745219172e-13	12.53490777
203.2262059	-413.305201	-0.5819153005	-2.966684699e-13	7.935409592e-13	10.01939718
203.2311604	530.4706836	0.7167503181	-1.158185551e-12	-1.303704805e-12	5.976108323
203.2588957	-669.6243728	-2.293035967	7.552707808e-13	-1.137479733e-12	11.7431012
203.2659132	-319.6008878	-0.06906551547	-6.15867709e-13	2.206463512e-12	9.502302184
203.2758812	502.5300113	1.081768151	6.067004721e-13	4.986220447e-13	6.197274395
203.2841312	-523.0405759	-1.270360162	9.166431632e-13	-1.824308323e-12	10.70901201
203.2892488	354.7900461	1.580179927	-4.601952658e-13	-1.179666255e-12	7.113994002
203.3110535	-435.8386298	-0.7158185613	4.679539494e-13	-1.164306644e-12	10.15719395
203.3296005	404.1871778	1.561301354	4.837751368e-13	6.006797049e-13	6.847956622
203.3451399	-501.6263542	-1.129063504	-1.059317191e-12	2.217498878e-12	10.57096878
203.3589315	-458.0500297	-0.8517063284	-1.170603923e-13	2.748296069e-13	10.29505688
203.3701822	-479.9704604	-0.9894842769	4.530843526e-13	-1.000526817e-12	10.43298281
203.3823643	-46.18703923	0.9009979697	-2.80920043e-15	6.104510654e-13	8.436633401
203.3892464	-607.5980836	-1.847897442	6.333921949e-13	-1.062228505e-12	11.29492991
203.3994235	-153.4584279	0.6115596093	8.189372625e-14	-9.683292095e-13	8.77961468
203.4506521	-269.2450455	0.1708261529	1.044334076e-13	-4.814187211e-13	9.260972462
203.4724144	481.7735002	1.265672025	1.041351586e-12	1.104961167e-12	6.357810932
203.4825502	539.3720041	0.5714099254	5.324778805e-13	4.150921974e-13	5.914286336
203.4862305	-731.6387485	-2.742304865	-3.624386502e-13	4.987409026e-13	12.2247435
203.4959938	-214.5842702	0.3981095197	1.428286438e-13	-9.047538048e-13	9.020063016
203.497781	-343.9512144	-0.1936376193	-3.32501781e-13	1.11910419e-12	9.639787921
203.4981948	432.911674	1.502506487	-3.117700157e-14	-1.411485242e-13	6.683249784
203.5014729	336.3289103	1.56817795	2.422469961e-13	4.910626355e-13	7.214394068
203.5461721	458.6576843	1.404916552	9.239215518e-13	1.040428247e-12	6.519836115
203.5704583	-649.4104378	-2.14228773	1.673436593e-12	-2.611625477e-12	11.60474292
203.574405	-6.77619095	0.9875484476	-1.729240626e-14	1.003403425e-12	8.333748385
203.5948005	-586.9495517	-1.700781688	4.572979198e-13	-7.967038368e-13	11.15669272
203.6019029	-690.7361931	-2.44054686	-1.79581512e-12	2.622995406e-12	11.9146849
203.60651	512.804275	0.9725329906	7.579020921e-13	7.752224175e-13	6.1342489
203.6426742	389.0329518	1.574731909	-7.687947334e-14	-2.07990288e-13	6.947508936
203.6785207	316.4096195	1.548355624	-1.281085658e-13	-4.455759086e-13	7.315054813
203.6912882	-367.7531038	-0.3206344847	-4.339754474e-14	1.346210015e-13	9.777354483
203.6916968	-119.8999241	0.7111941671	-7.457166725e-14	1.139294296e-12	8.676293528
203.709817	547.8702504	0.4137781427	-7.575713828e-15	-1.535884793e-14	5.852874062
203.7129341	-752.4890552	-2.891781715	1.307275734e-12	-1.748653711e-12	12.39639272
203.7341959	33.48439592	1.069256668	4.971822292e-14	4.684730425e-13	8.231024778
203.7558267	-295.1101202	0.0518180333	-4.35925667e-13	1.806312639e-12	9.398272732
203.7656678	-566.1257821	-1.555095355	-4.003893841e-14	7.288273818e-14	11.01850318
203.8206701	294.7674228	1.52105295	-2.35060665e-13	2.469199102e-14	7.415964902
203.8468098	-391.0871345	-0.449936268	-1.45100354e-13	4.150644672e-13	9.914997876
203.8482286	-629.054757	-1.992792992	1.164288221e-12	-1.88273996e-12	11.46642643
203.8552923	-185.1271633	0.5054575949	1.360348271e-13	-1.096712991e-12	8.916484747
203.8578707	493.0947471	1.179096474	-3.278747437e-13	-3.92347447e-13	6.294030118
203.861485	73.65512126	1.145912493	-2.842674558e-14	-2.408512467e-13	8.128469584
203.8758161	-242.7862294	0.2852349374	3.975286778e-13	-2.517688928e-12	9.157158835
203.8774219	419.4659479	1.534587941	-2.007194658e-13	-1.81739599e-14	6.782180402
203.9004578	-773.2685851	-3.041761769	-3.206995952e-13	4.181980736e-13	12.56805873
203.9015519	-545.1127216	-1.41090508	-5.623137688e-13	1.06974925e-12	10.8803635
203.9046491	-711.7605486	-2.588663895	1.662172273e-12	-2.35599146e-12	12.0862888
203.9129904	555.982915	0.243587222	-3.747053701e-13	-2.890760437e-13	5.791880426
203.913035	522.6145718	0.8519113031	-6.279201696e-13	-5.837715057e-13	6.071602957
203.9198237	372.8825818	1.57927634	-3.03554912e-13	-6.215929553e-13	7.047357455
203.9281975	271.0798257	1.486594293	-1.555262961e-13	-4.167099216e-13	7.517113524
203.950608	-670.6350424	-2.288884747	3.605798341e-13	-5.446371171e-13	11.77629616
203.9525188	-84.08383339	0.8065702346	4.90152016e-14	-1.236579515e-12	8.573114326
203.9560177	112.7517088	1.217295327	-2.83309803e-13	-2.119438965e-12	8.026090156
203.9647121	-414.0135002	-0.581430284	3.521426244e-13	-9.319249951e-13	10.05271434
203.986133	471.1410311	1.339613019	-1.047882532e-13	2.506964966e-13	6.455346233
203.9922906	446.6997726	1.457137568	9.425489735e-13	1.229811146e-12	6.618095414
204.0013771	244.9961565	1.445288985	-1.328379591e-13	-4.94134886e-13	7.618490367
204.0021491	-523.8946316	-1.268281333	-2.427412453e-13	4.829321253e-13	10.74227604
204.0175357	149.9058476	1.28317359	1.804097276e-14	1.845882249e-13	7.923894214
204.0219294	-320.1619213	-0.06987733884	7.790424438e-13	-2.808358586e-12	9.535662578
204.0404808	216.1991116	1.397431926	9.745311266e-14	4.27094776e-13	7.720085602
204.0453524	-436.5788263	-0.7150105077	-1.666007722e-13	3.45984234e-13	10.19050035
204.0457781	184.4940075	1.343304184	2.428423755e-13	1.293914106e-12	7.821889861
204.067149	-502.4537899	-1.127298677	9.781149185e-13	-2.044536664e-12	10.60424329
204.0890796	-458.8206348	-0.850577115	4.820799379e-13	-1.094003435e-12	10.32835257
204.0919297	-608.5470176	-1.844608234	-2.747887995e-13	4.608150743e-13	11.32815361
204.0962342	-480.77011	-0.9880360585	-5.938603459e-13	1.343296214e-12	10.46626787
204.1613284	355.6256353	1.57532087	7.211346969e-13	1.436695339e-12	7.147489304
204.1675181	-732.7033197	-2.737352328	-5.178552872e-13	7.141525846e-13	12.25791174
204.1816491	-46.19171441	0.8975073964	-1.723084549e-15	6.095859215e-13	8.470083087
204.1836701	-153.6952247	0.6088919055	-6.290059929e-15	1.59382353e-13	8.813036936
204.195461	531.9826471	0.7196280792	1.087256951e-12	1.069475003e-12	6.009345731
204.2158237	-269.7163265	0.1693777956	1.399577491e-13	-6.637426504e-13	9.294354073
204.219294	503.9022931	1.081760624	-3.463838184e-13	-3.088781941e-13	6.230607979
204.2202622	405.1737295	1.557019768	6.38147805e-14	8.536485509e-16	6.881432674
204.2493523	-344.5520655	-0.194124734	3.230900033e-13	-1.037390205e-12	9.673137491
204.2658325	-650.4008046	-2.138425956	-1.173871905e-12	1.807914642e-12	11.63794753
204.2705706	-214.9492961	0.3960402282	-2.448783079e-13	1.457350772e-12	9.053465326
204.2901486	-691.7649959	-2.436130729	7.938444377e-13	-1.165265935e-12	11.94787102
204.3012792	-587.8758141	-1.697793068	-3.020399773e-14	4.773965463e-14	11.18992644
204.3674672	337.1124803	1.563234635	-4.524604474e-13	-4.20741945e-13	7.247892179
204.3788442	-6.698359681	0.9838163377	-1.606518316e-13	-8.461939668e-14	8.367206122
204.390884	-753.5698604	-2.88657964	-1.265056271e-12	1.678356121e-12	12.42955265
204.401569	433.9960894	1.498890944	-3.144582593e-13	-1.384969233e-13	6.716703635
204.4021587	483.050531	1.264161787	-5.71994952e-13	-7.108943564e-13	6.391194607
204.4384781	-368.391357	-0.32079714	1.264865888e-13	-3.916546947e-13	9.810693238
204.4538007	540.9286258	0.575410451	-3.801133705e-13	-2.135588481e-13	5.947486318
204.4625717	459.8388253	1.402214504	-7.307212517e-13	-1.122720981e-12	6.553259517
204.4759878	-567.0284862	-1.552410452	1.87818017e-14	-4.951475572e-14	11.05174702
204.4808948	-120.0636272	0.7082496294	-1.952386973e-14	-1.622868579e-13	8.709725012
204.5164269	-295.6274907	0.05069094147	2.725012175e-13	-8.796459235e-13	9.431643635
204.5269936	389.9688463	1.570219212	-4.48467707e-13	-8.187346007e-13	6.980992693
204.5385176	317.1405259	1.543370222	-1.537629251e-13	3.203493679e-13	7.348554326
204.5438571	33.64369536	1.065298387	-2.578672221e-13	-1.378318298e-12	8.264490054
204.5473068	-630.0240821	-1.989223976	-1.721561225e-12	2.787134091e-12	11.4996408
204.556675	514.2219481	0.9733906077	-4.620620899e-13	-3.261459126e-13	6.167553646
204.5751111	-774.3650588	-3.036315374	2.769173456e-13	-3.602960438e-13	12.60121051
204.5894732	-712.806815	-2.583988396	-1.218919454e-12	1.727049216e-12	12.11946628
204.58968	-391.7607122	-0.4497751815	1.45132346e-12	-3.96878457e-12	9.948325839
204.6157604	-545.990922	-1.408526909	3.347814679e-13	-6.983715489e-13	10.91361756
204.6346913	-185.4307372	0.5030948636	-3.897662163e-14	9.961769278e-14	8.949896838
204.6424716	-671.6442495	-2.284753498	-2.388059152e-13	3.577514096e-13	11.80949178
204.6456875	-243.2064114	0.2834805559	-5.050171237e-13	2.608282065e-12	9.190550648
204.6747557	295.4448259	1.516064229	2.275067048e-13	2.214449324e-14	7.449464526
204.6764378	73.89293882	1.141745039	2.899887191e-14	-5.272388137e-15	8.161941832
204.6880743	549.4712237	0.4189886784	5.103969296e-13	4.8748823e-13	5.886033711
204.7033223	-414.7205757	-0.5809465863	-2.474852559e-13	5.985722353e-13	10.08603155
204.7202946	-524.747318	-1.266212775	-1.045067364e-13	3.007479386e-13	10.77554043
204.7467309	-84.16962518	0.8033599928	5.325732933e-14	3.885455679e-13	8.606554667
204.7742817	420.5002683	1.530625483	-6.097478379e-13	-7.754959447e-13	6.815645817
204.7763332	113.0638298	1.21293746	4.725381715e-14	1.692989712e-12	8.059568751
204.7764558	271.7025968	1.481637849	-1.627666917e-13	5.488388655e-13	7.550612072
204.7780256	-320.7219216	-0.07068222359	-2.808721002e-13	1.039488342e-12	9.569022741
204.7797606	-437.3177635	-0.7142056924	-1.821842634e-13	7.756300042e-14	10.22380686
204.7892816	-503.2798796	-1.125542458	-9.922924622e-14	1.153479364e-13	10.63751808
204.7942269	494.4176245	1.178293399	2.283525404e-13	4.725500043e-13	6.32739022
204.7947553	-609.4945177	-1.841335222	-1.233564035e-13	1.838965987e-13	11.36137784
204.797894	373.7675168	1.574585743	-1.292430743e-13	-1.410425857e-13	7.080847142
204.8193419	-459.5899486	-0.849452994	-1.236542451e-13	1.676973871e-13	10.36164843
204.8224052	-481.5684394	-0.9865947221	1.805444158e-13	-3.477584709e-13	10.49955316
204.8432868	150.2875792	1.278645976	-1.959666878e-14	-1.496838062e-13	7.957378467
204.8438901	245.5627337	1.440397452	1.571911774e-13	6.135646395e-14	7.651986752
204.8489642	-733.7664176	-2.732422877	9.820061786e-13	-1.353361519e-12	12.29108076
204.870011	524.0773366	0.8537128562	1.816168472e-13	1.331420887e-13	6.104876238
204.8770394	184.9408763	1.338629539	-2.26840016e-13	-5.034237512e-13	7.855379015
204.8773288	216.7073161	1.39263518	5.807913543e-14	-3.139682951e-13	7.753578827
204.8983103	557.6279247	0.2500971967	-3.700633221e-13	-3.270194443e-13	5.82499676
204.901999	447.8311738	1.453956725	-3.360542852e-13	-4.827016566e-13	6.651534776
204.9090051	472.3685355	1.337474796	1.870889101e-13	2.184596334e-13	6.48875084
204.9613549	-651.3897191	-2.134582903	-6.419654259e-12	1.001876317e-11	11.67115276
204.9679506	-153.9315116	0.6062445767	-1.006006536e-13	1.915643762e-13	8.846458514
204.978548	-692.7923337	-2.431735609	-3.83425983e-13	6.352819092e-13	11.98105785
204.9809395	-46.1963494	0.8940438574	-5.168160905e-14	3.554456087e-13	8.503531871
204.9810613	-270.1867059	0.1679407531	2.192446653e-13	-6.347125398e-13	9.327735308
205.0010099	-345.1518301	-0.1946070682	4.70887661e-14	-4.390562662e-13	9.706486902
205.0078966	-588.8006575	-1.694819228	-2.852809054e-13	4.989365691e-13	11.22316064
205.0332409	356.459216	1.570501505	2.386468944e-13	5.59397918e-13	7.180983283
205.0451981	-215.313588	0.3939867469	-8.678566891e-14	8.615676814e-14	9.086867108
205.0689943	-754.6491928	-2.881401529	3.62239532e-12	-4.939493598e-12	12.46271338
205.110704	406.1577914	1.552771789	-1.773104406e-13	1.760275339e-14	6.914907607
205.1593064	533.4902057	0.7224549316	-1.87253757e-13	-1.741278552e-13	6.042584836
205.1623217	505.2707017	1.081737194	-1.797986966e-13	-7.585461779e-15	6.263942094
205.1832786	-6.620669538	0.98011329	4.436893779e-14	2.519075824e-12	8.40066289
205.1857603	-369.0284755	-0.3209571095	9.705416108e-13	-2.787601291e-12	9.844031904
205.1864429	-567.929788	-1.549738856	-2.396449698e-12	4.602897524e-12	11.0849913
205.2333111	337.8942002	1.558331808	-7.336812458e-13	-1.978336196e-12	7.28138894
205.2465301	-630.9919666	-1.985672379	4.547467422e-13	-7.404462903e-13	11.53285575
205.2499267	-775.4600606	-3.030893767	4.216363037e-13	-4.948595852e-13	12.63436313
205.2701177	-120.2269609	0.7053276254	1.39274799e-13	-2.995553939e-12	8.743155746
205.2744531	-713.8516148	-2.579334889	3.565094438e-11	-5.085882404e-11	12.1526445
205.2771	-296.1438931	0.04957290992	-3.735440298e-13	2.102008244e-12	9.465014236
205.3046856	435.0776849	1.495301656	-1.019796765e-11	-1.617847404e-11	6.750156611
205.3301	-546.8677388	-1.406160514	2.63422486e-13	3.913163106e-13	10.94687202
205.3315627	484.3240487	1.262653548	-3.833308714e-12	-4.581802872e-12	6.424578215
205.3326483	-392.4331118	-0.44961344	-7.019985142e-12	2.034900984e-11	9.981653781
205.3344859	-672.6520005	-2.280642066	-1.388510438e-12	4.498082339e-13	11.84268807
205.3535029	33.8026712	1.061371112	5.172815236e-12	8.57547396e-11	8.297954296
205.3786737	461.0168049	1.399528338	-2.713322272e-12	-3.793683605e-12	6.586682389
205.3983802	317.8697365	1.538425658	-6.969428339e-13	-2.124763413e-12	7.382052478
205.4111117	390.9024208	1.565742573	-2.94847013e-12	-6.119433773e-12	7.014475248
205.4141327	-185.7336828	0.5007501196	-1.895524471e-13	1.05073578e-12	8.983308329
205.4156172	-243.6257725	0.2817396508	4.068659711e-13	-2.079428312e-12	9.223942012
205.4245729	542.4806787	0.5793464286	-2.706200714e-12	-2.614855617e-12	5.980688452
205.4385672	-525.5986416	-1.264154403	1.652928557e-12	-5.189747791e-13	10.80880515
205.442036	-415.4264339	-0.5804641998	5.105961476e-13	-1.469284062e-12	10.11934881
205.491364	74.13025569	1.137610433	1.399922413e-13	2.67320952e-13	8.195412986
205.4977226	-610.4405904	-1.838078277	1.699420885e-13	-2.500717882e-13	11.39460261
205.5064331	515.6355827	0.9742219923	-8.11857472e-13	-8.246613771e-13	6.200859267
205.5115369	-504.1046299	-1.123794775	-6.971414841e-13	1.529701701e-12	10.67079316
205.5142774	-438.0554481	-0.7134040899	9.834183843e-14	7.240890068e-13	10.25711347
205.5287224	296.1206832	1.511116304	9.606158082e-15	-4.335819453e-13	7.48296279
205.5305682	-734.8280483	-2.727516343	-1.863481456e-13	2.548868576e-13	12.32425054
205.5342014	-321.2808946	-0.07148024416	1.923890726e-13	-5.672247857e-13	9.602382675
205.5409584	-84.25520544	0.8001744041	-4.505191047e-14	8.823408036e-14	8.639994187
205.5486944	-482.3654554	-0.9851602101	5.607362803e-13	-8.024238921e-13	10.53283867
205.5497177	-460.3579778	-0.8483339233	5.185277726e-13	-1.574118821e-12	10.39494446
205.5966104	113.3752827	1.208614161	9.902777382e-15	-7.13198489e-13	8.093046195
205.62461	272.3239684	1.476721807	-1.137864986e-13	8.577409031e-13	7.584109273
205.657025	-652.3771878	-2.130758425	-3.260133503e-13	5.113744145e-13	11.70435861
205.6658299	551.0674663	0.4241199346	3.528959388e-14	4.058779224e-14	5.919196002
205.6671003	-693.8182126	-2.427361342	-1.531956158e-12	2.246673232e-12	12.01424538
205.6689875	150.6684859	1.274154501	1.160498186e-13	-2.081163015e-13	7.990861517
205.6709039	421.5319456	1.526693116	-8.235960327e-13	-1.647843236e-12	6.849110229
205.675781	374.6502971	1.569933037	4.453097692e-14	4.468448799e-13	7.114335565
205.6863134	246.1280541	1.435545621	-1.719545074e-13	-8.827452574e-13	7.685481813
205.7082377	185.3867724	1.333992432	2.33214434e-13	1.67697255e-12	7.888866919
205.7141008	217.2144051	1.387877171	-2.125701803e-14	-7.449074182e-13	7.787070761
205.7146522	-589.7240884	-1.691860048	5.776441755e-13	-1.013349029e-12	11.25639533
205.7302222	495.7368251	1.177484023	-8.461811503e-13	-1.129046533e-12	6.360750533
205.7463646	-270.6561889	0.1665149034	-3.557614841e-13	-6.727902849e-14	9.36111617
205.7472645	-755.7270581	-2.876247206	5.932687637e-13	-7.953331796e-13	12.49587491
205.7522648	-154.1672922	0.6036173948	6.520432565e-13	-4.861388034e-14	8.87987942
205.7527533	-345.7505142	-0.1950846739	-2.84725969e-12	4.015712841e-13	9.739836156
205.7802354	-46.20094473	0.8906070389	-4.233116057e-13	-9.217957851e-13	8.536979765
205.8114312	448.9595977	1.450797238	2.070551913e-12	5.765358935e-13	6.684973425
205.8198761	-215.6771506	0.3919489028	-1.034698586e-12	2.24790352e-13	9.12026837
205.8265581	525.5358981	0.8554768507	-5.861155225e-13	-5.154413229e-13	6.138150772
205.8315598	473.5927176	1.335345964	-2.353415745e-13	3.074243575e-14	6.522155135
205.883105	559.2680441	0.2565120523	3.77888813e-13	3.056180987e-13	5.858116265
205.8970324	-568.829694	-1.547080457	-6.214909417e-13	1.135560754e-12	11.11823602
205.9049873	357.290803	1.565721312	-3.176917707e-12	-4.718209958e-13	7.214475956
205.9249039	-776.5535965	-3.025496771	-7.183808013e-13	9.388800409e-13	12.66751656
205.9331345	-369.6644656	-0.3211144242	1.825121555e-13	-5.455787829e-13	9.877370481
205.9458978	-631.9584169	-1.982138066	8.860614569e-13	-1.440096604e-12	11.56607127
205.9595883	-714.8949539	-2.57470321	-8.800114772e-13	1.251694344e-12	12.18582344
205.9877083	-6.543119823	0.9764389632	-9.664027326e-12	4.001877453e-13	8.434118701
206.0009274	407.1393826	1.548556987	-4.231798312e-13	1.941201979e-13	6.948381434
206.0266503	-673.6583016	-2.276550301	3.537515227e-13	-5.366033084e-13	11.87588501
206.0378457	-296.6593328	0.0484638417	-1.931048059e-13	8.03702391e-13	9.498384539
206.0445703	-547.7431785	-1.403805797	-8.450274206e-14	1.622549306e-13	10.98012686
206.0593652	-120.3899279	0.7024278999	-2.239621498e-14	3.971824978e-13	8.776585737
206.0757141	-393.1043397	-0.4494510544	-4.852074941e-13	1.390151865e-12	10.0149817
206.0990056	338.6740834	1.553468943	-8.279490657e-12	1.026141314e-13	7.314884369
206.1049673	506.6352697	1.081698253	-3.180525124e-13	-1.762850756e-13	6.297276725
206.1227003	534.9933971	0.7252318738	-2.674796909e-13	-6.596541513e-13	6.075825604
206.1569663	-526.4486091	-1.262106133	5.116936839e-14	-1.02131998e-13	10.8420702
206.1631334	33.96132538	1.057474476	-5.917201121e-13	-1.112832389e-13	8.331417517
206.1808527	-416.1310813	-0.5799831167	-6.803471447e-13	1.816717645e-12	10.1526661
206.185605	-244.0443176	0.2800120764	-6.148282762e-13	3.424034924e-12	9.257332931
206.1936161	-186.0360041	0.4984231641	1.370609164e-13	-1.556860596e-12	9.016719228
206.200831	-611.3852421	-1.834837271	4.876076863e-13	-8.22365947e-13	11.42782791
206.2075465	436.1564827	1.491738308	1.825218802e-13	6.984317898e-13	6.783608723
206.2123295	-735.8882176	-2.722632558	-6.23987148e-13	8.610531627e-13	12.35742109
206.2339145	-504.9280473	-1.122055557	7.764035419e-13	-1.633496117e-12	10.70406852
206.2489023	-438.7918864	-0.7126056751	2.911328234e-13	-7.282765586e-13	10.29042019
206.2581094	318.5972632	1.533521405	6.43291085e-12	1.869236843e-14	7.415549286
206.2606292	485.5940824	1.261147395	-1.417475483e-13	-1.816002691e-13	6.457961753
206.2751014	-483.1611645	-0.9837324659	2.041387905e-13	-4.531964823e-13	10.56612442
206.2802067	-461.1247288	-0.8472198615	-6.138856819e-13	1.442033795e-12	10.42824066
206.2904563	-321.8388459	-0.07227147404	7.752702478e-14	-2.938558171e-13	9.635742382
206.2944802	462.1916488	1.396857908	-6.214617356e-13	-5.942476735e-13	6.620104736
206.2950301	391.8336925	1.561301525	-6.557196624e-12	1.505657013e-12	7.047956616
206.3062638	74.36707505	1.133508281	5.868183778e-13	-6.605190603e-13	8.228883057
206.3352012	-84.34057577	0.7970131865	-3.113141771e-12	6.456646157e-13	8.673432894
206.3528422	-653.3632168	-2.126952379	1.767760024e-13	-2.763455914e-13	11.73756508
206.3558052	-694.8426388	-2.423007771	1.409982175e-13	-2.052161293e-13	12.04743359
206.382571	296.7950056	1.506208648	-6.453683977e-14	-2.742047745e-13	7.516459712
206.3948707	544.028202	0.5832190918	7.630338597e-13	7.079399224e-13	6.013892697
206.4168497	113.6860718	1.204325008	1.848543631e-13	1.3373781e-12	8.1265225
206.4215454	-590.6461132	-1.688915411	-7.077954347e-13	1.241605642e-12	11.28963051
206.4256939	-756.8034623	-2.8711165	-2.020125255e-13	2.722565506e-13	12.52903722
206.4557876	517.0452129	0.9750277128	-1.104737485e-13	3.955762235e-13	6.234165743
206.4726609	272.9439498	1.471845652	-1.808457308e-13	-8.766354291e-13	7.617605145
206.4946382	151.0485731	1.269698721	-1.688072742e-13	-8.05059277e-13	8.024343376
206.5045822	-346.3481237	-0.1955576024	-3.055697826e-13	2.516231735e-13	9.773185253
206.511733	-271.1247809	0.1651001266	-6.702202743e-13	1.95415956e-13	9.394496662
206.5286475	246.6921262	1.430732992	2.747671965e-13	1.561568987e-12	7.718975567
206.5366125	-154.4025696	0.6010101349	2.780314795e-14	-2.97428655e-13	8.913299662
206.5393735	185.8317021	1.329392398	-7.418616148e-14	1.035363238e-13	7.922353587
206.5507971	217.720386	1.383157415	3.590131563e-13	1.009243819e-12	7.82056142
206.553486	375.5309384	1.565317731	-7.193993999e-14	-1.648316369e-13	7.147822742
206.5672902	422.5610003	1.522790462	5.600104571e-13	6.270378354e-13	6.882573651
206.5795369	-46.20550089	0.8871966318	-1.689225486e-13	8.335313564e-13	8.570426779
206.594604	-216.0399882	0.3899265251	2.327596876e-14	-7.018025914e-14	9.153669116
206.6000423	-777.6456721	-3.02012421	-5.807144285e-14	7.660395537e-14	12.70067081
206.6077558	-569.7282106	-1.544435149	7.853555764e-13	-1.330823445e-12	11.15148117
206.6430881	552.6590187	0.4291733983	2.284524545e-14	-1.260660367e-14	5.952360887
206.644878	-715.9368386	-2.570093198	1.312642271e-12	-1.870255431e-12	12.21900311
206.6454094	-632.9234393	-1.978620901	-1.12198396e-12	1.804482321e-12	11.59928736
206.6658595	497.0523795	1.176668572	1.046011922e-13	-1.246088312e-13	6.394111048
206.6805999	-370.2993333	-0.3212691145	-3.374299777e-14	6.611621537e-14	9.91070897
206.7189643	-674.663159	-2.272478053	-1.1465391e-13	4.363509205e-13	11.9090826
206.7205891	450.0850679	1.447658873	-1.860232666e-13	-2.537405103e-13	6.718411371
206.7537995	474.8136044	1.333226485	-1.761320314e-12	-2.381513403e-12	6.555559117
206.7591704	-548.6172476	-1.401462663	-7.436873231e-13	-2.565976778e-13	11.01338209
206.776569	358.1204108	1.560979784	4.965883224e-13	1.284108256e-12	7.247967341
206.7826796	526.9902918	0.8572040495	4.174034432e-12	4.317265723e-12	6.171426532
206.7921334	-6.465709846	0.9727930216	7.218385386e-14	7.859315315e-13	8.467573566
206.7986636	-297.1738155	0.04736364119	-3.265946502e-13	9.384493544e-13	9.531754545
206.8188769	-393.7744021	-0.4492880357	-5.288806203e-13	1.512642357e-12	10.0483096
206.8486372	-120.5525307	0.6995502018	1.791194223e-13	-1.497602043e-12	8.810014993
206.8673787	560.903315	0.2628335474	1.134867021e-13	7.294806936e-14	5.891238882
206.8754914	-527.2972268	-1.260067881	-2.953689877e-12	5.818424748e-12	10.8753356
206.890934	408.118522	1.544374941	3.925116906e-13	1.082381297e-12	6.981854169
206.8942474	-736.9469316	-2.717771356	1.41137548e-12	-2.362353373e-12	12.39059238
206.9040798	-612.3284792	-1.831612079	-3.299379455e-13	3.635626813e-13	11.46105374
206.9197718	-416.834524	-0.5795033295	-3.118275034e-12	8.735308884e-12	10.18598344
206.9556504	-244.4620515	0.2782976887	2.335670061e-12	-1.320787923e-11	9.29072341
206.9564137	-505.7501384	-1.120324734	-9.259704151e-13	1.967566892e-12	10.73734416
206.9645517	339.452143	1.548645521	-4.252177656e-13	-8.604781034e-13	7.348378483
206.9727485	34.11965981	1.053608115	-2.664710946e-13	-4.937396476e-12	8.364879729
206.9731413	-186.337705	0.4961138014	2.230181368e-13	-1.159985471e-12	9.05012954
206.9836349	-439.5270848	-0.7118104231	-1.532022287e-12	3.810556115e-12	10.32372701
207.0016256	-483.955573	-0.9823114333	1.959882569e-11	-4.344239497e-11	10.59941038
207.0108081	-461.890208	-0.8461107677	3.299271932e-11	-7.771002946e-11	10.46153703
207.0446618	-695.8656184	-2.418674739	3.19807083e-11	-4.723514483e-11	12.08062249
207.04679	-322.3957814	-0.07305598572	4.336585392e-13	-1.309311117e-12	9.669101866
207.0472339	507.996029	1.081644185	3.042665334e-13	2.304951061e-13	6.330611861
207.0488057	-654.3478125	-2.123164623	1.298429223e-12	-2.038025551e-12	11.77077215
207.0856464	536.4922585	0.7279598802	7.807600678e-13	7.912116971e-13	6.109068004
207.1042819	-757.8784111	-2.866009242	-2.941775412e-12	3.970440911e-12	12.56220031
207.1101536	437.2325046	1.488200591	-8.641316737e-13	-1.129506e-12	6.81705998
207.1177061	319.323118	1.528656943	-4.720315235e-13	-8.724056827e-13	7.449044769
207.1211372	74.60340001	1.129438194	-1.282787118e-14	1.01363447e-12	8.26235206
207.1285755	-591.5667382	-1.685985199	-1.384811241e-12	2.469833574e-12	11.32286617
207.1294591	-84.42573777	0.7938760622	7.971914721e-14	-5.67918184e-13	8.706870798
207.1787501	392.7626789	1.556895612	-1.22892697e-13	-5.694642634e-13	7.081436813
207.1893608	486.8606607	1.25964341	2.412460873e-14	1.293943544e-13	6.49134522
207.2099936	463.3633819	1.394203069	1.861735047e-13	4.855731074e-13	6.653526564
207.2363024	297.4678035	1.501340748	4.414335416e-13	2.430106538e-13	7.549955308
207.2370511	113.9962014	1.20006959	-1.930285297e-13	-6.14612535e-13	8.15999768
207.256496	-346.9446644	-0.1960259043	-4.3696796e-14	-9.30077014e-14	9.806534197
207.275341	-778.7362932	-3.014775911	2.818647129e-13	-3.689188149e-13	12.73382586
207.2771664	-271.5924869	0.1636963042	-2.587790684e-13	5.881791901e-13	9.42787679
207.3186123	-570.6253443	-1.541802826	-2.440296547e-13	5.204307538e-13	11.18472676
207.3202391	151.4278463	1.265278199	2.333805464e-13	1.543624905e-12	8.05782406
207.3206091	273.5625507	1.467008877	-1.619196047e-13	-1.71416158e-13	7.651099704
207.3209934	-154.6373472	0.5984225755	-2.379952805e-13	-1.969338605e-13	8.946719247
207.3303218	-716.9772747	-2.565504693	6.026628422e-13	-8.979694661e-13	12.25218349
207.3450641	-633.88704	-1.975120751	-4.768975771e-13	6.456415337e-13	11.63250403
207.3646982	545.5712341	0.5870296451	-1.765121255e-13	-4.312651034e-14	6.047099012
207.3693818	-216.4021053	0.3879194457	-6.431866305e-14	1.00509648e-13	9.187069352
207.3704471	186.2756717	1.32482898	-3.67222229e-13	-1.221371388e-12	7.955839034
207.3708929	247.2549582	1.425959072	1.896089408e-13	-6.487867785e-14	7.752468031
207.3788437	-46.21001838	0.8838123318	-8.775138242e-14	-1.046590514e-12	8.603872922
207.3874182	218.2252661	1.378475433	2.488427852e-14	-1.802059372e-13	7.854050819
207.4047418	518.4508722	0.9758083234	4.833665683e-13	5.912651019e-13	6.267473056
207.4114271	-675.6665788	-2.268425172	-2.575191054e-13	4.284303936e-13	11.94228084
207.4281563	-370.9330846	-0.3214212105	1.05963963e-13	9.373888506e-15	9.944047374
207.4310104	376.4094566	1.560739341	-2.371470159e-13	-1.297022423e-13	7.181308689
207.4634425	423.5874527	1.518917155	1.593207102e-13	2.720474187e-13	6.916036095
207.4739	-549.4899525	-1.399131018	4.765022133e-13	-7.627677275e-13	11.0466377
207.5595531	-297.6873464	0.04627221405	-3.089031805e-13	8.585728507e-13	9.56512426
207.5621363	-394.4433051	-0.4491243944	-2.219637898e-13	6.937975404e-13	10.08163748
207.5763214	-738.0041962	-2.712932573	-1.800814925e-13	2.489375279e-13	12.42376442
207.5941417	-528.1445013	-1.258039565	-1.577031685e-13	2.343121916e-13	10.90860132
207.5965537	-6.388438921	0.9691751344	-3.420856266e-14	-6.239971049e-13	8.501027496
207.6011415	498.3643178	1.175847265	5.111979076e-13	9.432624859e-13	6.427471758
207.6074685	-613.2703079	-1.828402575	-1.337630162e-13	1.582567293e-13	11.49428009
207.6198528	554.2459206	0.4341505221	3.034568056e-13	3.428350698e-13	5.985528316
207.6294749	451.2076078	1.444541395	-1.267543462e-13	-1.990942245e-13	6.75184862
207.6379335	-120.7147717	0.6966942837	9.914826033e-14	-1.498723227e-12	8.843443524
207.6479869	358.9480537	1.556276421	7.30125776e-14	8.987408138e-14	7.281457453
207.6587929	-417.5367684	-0.5790248309	2.536635071e-13	-7.547404847e-13	10.21930083
207.6757268	476.0312227	1.33111632	2.123578747e-13	3.508392507e-13	6.588962789
207.679034	-506.5709095	-1.118602236	1.615687636e-13	-2.561800494e-13	10.77062007
207.7184745	-440.2610497	-0.7110183096	1.057814175e-13	-2.7499384e-13	10.35703394
207.7257531	-244.8789791	0.2765963459	-1.127971994e-14	3.076533358e-14	9.324113455
207.7282664	-484.7486875	-0.9808970569	1.485000835e-13	-3.129342401e-13	10.63269657
207.7336696	-696.8871573	-2.414362095	1.297448496e-13	-1.965356747e-13	12.11381207
207.7383791	528.4405529	0.8588951962	2.42864821e-13	1.449505409e-13	6.204703493
207.7415216	-462.6544219	-0.8450066014	2.648074318e-13	-6.693192984e-13	10.49483355
207.7449151	-655.330981	-2.119395017	-5.06827791e-14	6.941251223e-14	11.80397983
207.7527081	-186.6387894	0.4938218383	8.890534209e-14	2.720348724e-13	9.083539272
207.7807256	409.0952282	1.540225236	2.380989421e-13	2.961728119e-13	7.015325825
207.7823485	34.2776764	1.049771674	3.934597721e-14	5.496149136e-14	8.398340944
207.783028	-758.9519104	-2.860925262	1.540792745e-12	-2.066473968e-12	12.59536418
207.8032019	-322.9517065	-0.07383385073	-1.75815149e-13	6.771979678e-13	9.702461128
207.8299506	340.2283919	1.543861035	1.14099518e-13	3.497686704e-13	7.381871299
207.8357419	-592.4859699	-1.683069298	-6.447261533e-13	1.027548439e-12	11.35610231
207.8511358	562.5337785	0.2690634003	5.378071408e-13	4.787781052e-13	5.924364553
207.923732	-84.51069299	0.7907627578	2.174073455e-13	-6.583046554e-13	8.740307908
207.9359844	74.83923369	1.125399792	2.603787197e-14	1.845610096e-13	8.295820007
207.9507996	-779.8254655	-3.009451704	9.522087411e-13	-1.249285721e-12	12.76698172
207.9771712	320.0473125	1.523831763	-3.195198505e-13	-9.963764116e-13	7.482538941
207.9891245	509.3530114	1.081575359	-2.415032644e-14	-1.287259446e-13	6.363947488
208.0084943	-347.5401423	-0.1964896297	2.375930398e-13	-8.087222951e-13	9.839882988
208.0125088	438.3057725	1.484688201	7.629127047e-14	-3.033495721e-13	6.850510393
208.0159189	-718.0162683	-2.560937536	-2.003670584e-13	2.851752289e-13	12.28536458
208.0296016	-571.5211014	-1.539183383	3.410847269e-14	-6.095933986e-14	11.21797278
208.0426643	-272.0593121	0.1623033194	1.769837565e-14	-1.483105166e-13	9.461256556
208.0448615	-634.8492254	-1.971637482	6.755501454e-13	-1.101571866e-12	11.66572125
208.0481484	537.9868263	0.730639902	-8.839179954e-13	-8.463613751e-13	6.142312003
208.057215	114.3056757	1.1958475	-1.798496856e-13	-5.58748408e-13	8.19347175
208.0622731	393.689397	1.552524383	-4.280171424e-13	-9.287241072e-13	7.114915854
208.0899171	298.1390876	1.496512098	-1.339670156e-14	1.920188594e-13	7.583449597
208.1040381	-676.6685672	-2.264391514	3.124970775e-13	-4.75280209e-13	11.97547972
208.1054073	-154.8716284	0.5958544984	-1.113468889e-13	4.32261206e-13	8.980138183
208.1177602	488.1238117	1.258141673	1.301977246e-14	-2.209694301e-13	6.524728611
208.1252162	464.5320294	1.391563678	5.549145852e-14	-1.102009209e-13	6.686947877
208.144209	-216.7635063	0.3859274987	-3.034875377e-13	1.18216779e-12	9.220469083
208.1457906	151.8063106	1.260892509	-5.464649109e-14	-1.745065498e-12	8.091303583
208.1684552	274.1797802	1.462210986	1.81753365e-13	4.953746079e-13	7.684592967
208.175803	-371.5657256	-0.3215707419	-2.008155678e-14	1.328306622e-13	9.977385691
208.1781559	-46.2144977	0.8804538394	6.208848374e-14	1.031323205e-12	8.637318205
208.1887584	-550.3612996	-1.396810769	-8.237288757e-13	1.581024563e-12	11.07989369
208.2014589	186.7186876	1.320301727	6.96637893e-14	8.71075018e-13	7.989323276
208.2130502	247.8165586	1.421223375	-1.315991754e-13	-1.169379748e-13	7.785959221
208.2239647	218.7290527	1.373830759	-1.949988186e-14	-1.759979518e-13	7.887538975
208.2585508	-739.0600172	-2.708116046	4.008512494e-14	-5.496406904e-14	12.4569372
208.3054917	-395.1110547	-0.4489601414	-1.10230827e-13	3.193016199e-13	10.11496534
208.3083554	377.2858673	1.556197395	7.167787131e-14	5.917595724e-13	7.21479342
208.3109964	-614.2107346	-1.825208637	-4.915245035e-13	8.333081248e-13	11.52750695
208.3129168	-528.990439	-1.256021103	1.103430783e-12	-2.22143295e-12	10.94186737
208.320514	-298.199931	0.04518946724	4.52444876e-14	-1.885537747e-13	9.598493684
208.3340591	547.109813	0.5907792644	-7.012552681e-14	-1.420945595e-13	6.080307358
208.3532989	519.8525938	0.9765643645	-4.740826709e-13	-5.190103153e-13	6.300781188
208.3593623	424.6113227	1.515072832	1.469946095e-13	6.228744381e-14	6.949497572
208.3979154	-418.2378207	-0.5785476134	-2.053266228e-13	5.504143444e-13	10.25261825
208.4009693	-6.311306365	0.9655849763	-2.952712701e-14	3.828428246e-13	8.534480501
208.4017748	-507.390367	-1.116887995	1.536896743e-14	-3.298465449e-14	10.80389627
208.422828	-697.9072617	-2.410069685	5.07272854e-13	-7.483630621e-13	12.14700232
208.4272539	-120.8766534	0.6938599017	-7.367319999e-14	1.129033343e-12	8.876871337
208.4411696	-656.3127285	-2.115643421	6.910031521e-13	-1.088082499e-12	11.83718811
208.4534207	-440.9937873	-0.7102293103	1.987254282e-13	-4.999919711e-13	10.39034098
208.4550233	-485.5405143	-0.9794892821	-3.714557504e-13	8.289946724e-13	10.66598298
208.4619314	-760.023966	-2.855864395	-5.575307359e-13	7.517787465e-13	12.62852881
208.4723464	-463.4173768	-0.8439073226	-1.745181328e-13	4.115535844e-13	10.52813024
208.4959128	-245.2951052	0.2749079082	1.290675273e-13	-7.085365319e-13	9.35750307
208.5192423	359.7737459	1.551610733	-1.943977989e-13	-3.730652875e-13	7.314946309
208.5323162	-186.9392612	0.4915470845	8.528061619e-15	-6.819218083e-14	9.116948431
208.5360711	499.6726698	1.175020315	-6.734460598e-13	-9.841152203e-13	6.460832656
208.5380907	452.3272407	1.441444577	5.867916515e-14	1.66227669e-13	6.785285181
208.543044	-593.4038146	-1.680167595	6.524165638e-13	-1.148587253e-12	11.38933892
208.5596916	-323.506627	-0.07460513962	-3.864494141e-14	1.457647983e-13	9.735820171
208.5919332	34.43537704	1.045964802	9.455275852e-14	4.524270118e-13	8.431801173
208.5961283	555.8282114	0.4390527244	-6.340688968e-13	-7.109839671e-13	6.018698243
208.5973439	477.2455987	1.329015426	-1.52836105e-12	-1.394892016e-12	6.622366152
208.6264175	-780.9131947	-3.004151416	-6.802676294e-13	8.935241136e-13	12.80013838
208.6703035	410.0695195	1.536107463	-4.016975996e-14	1.391046325e-13	7.048796418
208.69366	529.886716	0.860551017	4.595729056e-14	-6.585286771e-14	6.237981633
208.695203	341.002843	1.539114987	-7.198586909e-14	-1.512764286e-13	7.415362834
208.7016688	-719.0538252	-2.556391571	2.782437288e-13	-3.990506897e-13	12.31854639
208.7180198	-84.59544299	0.7876730038	-9.475757489e-15	-1.163538698e-13	8.773744233
208.7407228	-572.4154883	-1.536576717	-4.284545076e-13	7.890801802e-13	11.25121922
208.7448008	-635.8100016	-1.968170965	-5.953444973e-13	9.723301192e-13	11.69893903
208.7508056	75.07457913	1.121392697	1.546441796e-13	4.893228788e-14	8.32928691
208.7605766	-348.1345631	-0.1969488278	-4.832888385e-13	1.650332155e-12	9.873231628
208.7967969	-677.6691302	-2.260376932	1.006120028e-13	-1.535106332e-13	12.00867923
208.8082263	-272.5252617	0.160921057	2.829315606e-13	-1.345674271e-12	9.494635965
208.8343806	564.1594752	0.2752032895	-2.723309726e-13	-3.013982804e-13	5.957493224
208.8365055	320.7698581	1.519045363	-5.372760864e-13	-1.45033184e-12	7.516031821
208.8773415	114.6144989	1.191658339	-7.437961504e-14	3.984569959e-13	8.226944722
208.889854	-155.1054161	0.5933056884	1.908732076e-13	3.126565962e-13	9.013556477
208.9037449	-551.2312953	-1.394501822	1.596590013e-12	-3.07031367e-12	11.11315006
208.9146141	439.3763075	1.481200838	-1.798477051e-13	-2.894002296e-13	6.883959972
208.9190854	-217.1241954	0.3839505206	1.05167372e-13	-9.011016349e-13	9.253868316
208.9235397	-372.1972622	-0.3217177381	3.049388987e-13	-7.720563905e-13	10.01072392
208.9306421	510.7062481	1.081492138	4.724425954e-13	2.398170855e-13	6.397283595
208.9409351	-740.1144004	-2.703321613	6.437022979e-13	-8.942653357e-13	12.49011072
208.9434162	298.808868	1.491722199	9.270011463e-14	-6.20881501e-14	7.616942593
208.9456006	394.6138636	1.548187397	6.608910405e-13	9.511471084e-13	7.148393753
208.9712929	152.1839712	1.256541226	-2.317470486e-14	-1.215015235e-13	8.124781959
208.9774734	-46.21893933	0.8771208595	1.718042238e-15	-2.166880844e-13	8.670762638
209.0102098	539.4771366	0.7332728677	1.123923307e-12	1.214163822e-12	6.175557571
209.0146629	-615.1497655	-1.822030141	1.652612569e-13	-2.792194992e-13	11.56073434
209.0162	274.7956476	1.457451489	-1.621457739e-13	1.563826967e-13	7.71808495
209.031816	-529.8350462	-1.254012415	-1.293061247e-12	2.644442979e-12	10.97513375
209.0324092	187.1607559	1.315810198	-1.634197904e-13	-9.064886448e-13	8.022806327
209.04015	465.6976155	1.388939594	4.008394253e-13	5.809983123e-13	6.72036868
209.0458299	489.3835634	1.256642258	-1.494687303e-13	-2.528243778e-13	6.558111925
209.0489427	-395.7776571	-0.448795287	3.572533233e-13	-1.011964e-12	10.14829318
209.05512	248.3769353	1.416525425	-6.742251535e-14	-7.22873806e-15	7.819449152
209.0604369	219.231753	1.36922293	2.177840095e-13	3.674389596e-13	7.921025902
209.0815459	-298.7115747	0.04411530895	-1.566374288e-13	7.56038826e-13	9.631862823
209.1121363	-698.9259375	-2.405797359	-9.320330739e-14	1.36717643e-13	12.18019325
209.1246355	-508.2085173	-1.115181943	-6.854561198e-13	1.420592092e-12	10.83717273
209.1371387	-418.9376869	-0.5780716697	-2.271660959e-13	4.120894792e-13	10.28593572
209.1375688	-657.293061	-2.111909698	-3.064743038e-13	4.733255138e-13	11.87039699
209.1409916	-761.0945835	-2.850826476	-5.354054902e-13	7.238258255e-13	12.66169422
209.1818957	-486.3310597	-0.9780880547	5.378897105e-13	-1.204068964e-12	10.6992696
209.1855222	378.1601859	1.551691424	-2.314837476e-13	-4.164285708e-13	7.248276953
209.1884729	-441.7253038	-0.7094434013	-1.246038181e-13	3.126836531e-13	10.42364811
209.2032821	-464.1790789	-0.8428128918	-1.583461984e-13	3.745722665e-13	10.5614271
209.2053802	-6.234311502	0.9620222267	1.156728111e-13	8.161019658e-13	8.567932592
209.2165983	-121.0381784	0.6910468158	2.575793344e-13	-1.296447612e-14	8.910298439
209.2504813	-594.3202785	-1.677279977	5.341604965e-13	-9.431200023e-13	11.422576
209.2550515	425.6326301	1.511257136	-7.656636738e-13	-1.183014983e-12	6.982958095
209.2661292	-245.7104343	0.2732322374	-1.550994272e-13	1.181001075e-12	9.390892259
209.301462	521.2504104	0.977296363	-2.356483193e-13	-1.653507788e-13	6.334090121
209.3021939	-781.9994864	-2.998874882	6.78892041e-13	-8.931562233e-13	12.83329583
209.3029573	548.6439762	0.5944690983	2.958298512e-13	2.563181888e-13	6.113517697
209.3119654	-187.2391242	0.4892893526	5.314421105e-14	-1.476787159e-14	9.150357022
209.3162588	-324.0605484	-0.07536992206	9.181996529e-14	-2.932607938e-13	9.769178997
209.3875709	-720.0899514	-2.551866641	-8.188570526e-13	1.183737563e-12	12.35172889
209.3903363	360.5975013	1.546982238	1.415852948e-13	2.639510396e-13	7.348433925
209.4015029	34.5927636	1.042187152	-6.812399005e-14	-1.46160651e-12	8.465260428
209.4448816	-636.7693747	-1.96472107	4.422212157e-13	-7.374836135e-13	11.73215737
209.4464384	453.4439891	1.438368193	-2.366171997e-13	4.497836026e-14	6.81872106
209.4519756	-573.3085113	-1.533982726	1.856436355e-13	-3.05244864e-13	11.28446609
209.470651	500.9774647	1.174187928	-1.34374884e-13	6.930112525e-14	6.494193736
209.4897026	-678.6682738	-2.256381282	-2.439860417e-13	3.851713738e-13	12.04187938
209.5123224	-84.6799893	0.7846065348	-2.023151021e-17	6.740134625e-15	8.807179782
209.5127426	-348.7279325	-0.1974035474	1.317062965e-13	-8.247733343e-13	9.906580118
209.5186534	478.4567585	1.326923764	6.763851372e-13	1.087169476e-12	6.655769208
209.5596693	411.0414142	1.532021223	-2.451680627e-13	-3.640902304e-13	7.082265959
209.5603102	341.7755089	1.534406886	8.851588287e-15	1.298394441e-13	7.448853104
209.5656009	75.30943938	1.117416542	-1.834073031e-14	1.684675465e-13	8.362752782
209.5719185	557.40593	0.443881391	3.371737466e-13	3.645379689e-13	6.05187062
209.573852	-272.9903405	0.1595494034	-2.809608006e-14	6.250048073e-13	9.52801502
209.6188591	-552.0999458	-1.392204086	-1.234244396e-12	2.296067036e-12	11.1464068
209.6234736	-741.1673516	-2.698549115	-3.161937962e-13	4.428713202e-13	12.52328497
209.6485256	531.3288153	0.86217222	-1.412503962e-13	-1.493592502e-13	6.271260926
209.6713659	-372.8277002	-0.3218622279	-2.17157265e-13	6.189185668e-13	10.04406207
209.6743333	-155.3387138	0.5907759336	-7.998532714e-14	-5.039858941e-13	9.046974136
209.6940106	-217.4841771	0.3819883503	6.40121809e-14	-3.854598679e-13	9.287267055
209.6957099	321.4907664	1.514297252	7.423027785e-13	1.838747744e-12	7.549523425
209.6974307	114.922675	1.187501714	1.162865952e-14	1.679668071e-13	8.26041661
209.7184675	-616.0874068	-1.818866969	4.589510151e-13	-6.383333687e-13	11.59396223
