200.5233274	0	-0.004865388038	1.356620669e-13	-8.404134119e-12	527.0097308
200.5780366	0	0.005113501	1.177052464e-13	7.061071147e-12	476.989773
201.3038842	0	-0.004856200251	-1.672865554e-13	1.137675037e-11	529.0097124
201.3984693	0	0.005102837865	-1.025452524e-13	-6.174732237e-12	478.9897943
202.0844777	0	-0.004847064319	2.18080589e-13	-1.426323797e-11	531.0096941
202.2188594	0	0.00509224116	-4.373648801e-14	-2.502534664e-12	480.9898155
202.8651076	0	-0.004837979756	2.310833111e-13	-1.547931566e-11	533.009676
203.0392073	0	0.005081710198	1.384648226e-14	8.506096092e-13	482.9898366
203.6457738	0	-0.004828946083	-4.985963493e-13	3.246783286e-11	535.0096579
203.8595132	0	0.005071244302	9.964666292e-14	6.267393399e-12	484.9898575
204.426476	0	-0.004819962825	1.781761974e-13	-1.170116003e-11	537.0096399
204.6797773	0	0.005060842806	-9.469559029e-14	-6.07546774e-12	486.9898783
205.207214	0	-0.004811029516	4.49633499e-14	-3.042736608e-12	539.0096221
205.5	0	0.005050505051	-5.174089515e-14	-3.234354167e-12	488.989899
205.9879877	0	-0.004802145694	-1.394997721e-13	9.094142716e-12	541.0096043
206.3201814	0	0.005040230388	7.987650477e-14	5.105978849e-12	490.9899195
206.7687968	0	-0.004793310905	1.886800455e-13	-1.22872685e-11	543.0095866
207.1403219	0	0.00503001818	5.158126232e-14	3.822504512e-12	492.98994
207.5496412	0	-0.004784524698	-1.754239253e-13	1.192995713e-11	545.009569
207.9604217	0	0.005019867794	1.021231488e-13	6.457784246e-12	494.9899603
208.3305205	0	-0.004775786631	1.801965784e-13	-1.206789856e-11	547.0095516
208.780481	0	0.005009778612	-1.96123425e-13	-1.261602456e-11	496.9899804
209.1114348	0	-0.004767096265	-1.130887899e-13	7.104364012e-12	549.0095342
209.6005	0	0.004999750019	-1.729069699e-14	-1.037740192e-12	498.9900005
209.8923837	0	-0.004758453168	9.089152304e-14	-5.921949719e-12	551.0095169
210.420479	0	0.004989781411	1.342408861e-13	8.456680699e-12	500.9900204
210.6733671	0	-0.004749856913	-1.908685855e-13	1.250426646e-11	553.0094997
211.2404183	0	0.004979872194	-1.51253388e-14	-8.704072731e-13	502.9900403
211.4543848	0	-0.004741307078	3.101236493e-14	-1.966082979e-12	555.0094826
212.0603181	0	0.00497002178	7.837196699e-14	4.800059803e-12	504.99006
212.2354366	0	-0.004732803247	2.947501351e-14	-1.658732715e-12	557.0094656
212.8801786	0	0.004960229589	-1.308649629e-13	-8.32530709e-12	506.9900795
213.0165223	0	-0.004724345009	-8.598788821e-14	5.881603531e-12	559.0094487
213.7	0	0.00495049505	-9.352551682e-14	-5.774129184e-12	508.990099
213.7976418	0	-0.004715931958	9.517627291e-14	-6.541274727e-12	561.0094319
214.5197826	0	0.004940817599	-2.398283553e-13	-1.52263546e-11	510.9901184
214.5787948	0	-0.004707563693	-9.712576072e-14	6.596660385e-12	563.0094151
215.3395266	0	0.004931196681	3.488071377e-13	2.232045351e-11	512.9901376
215.3599812	0	-0.004699239818	1.425015719e-13	-9.327816564e-12	565.0093985
216.1412008	0	-0.004690959943	-2.199419855e-13	1.418280351e-11	567.0093819
216.1592323	0	0.004921631748	-8.085686404e-14	-5.165136669e-12	514.9901567
216.9224535	0	-0.00468272368	1.86526535e-13	-1.292598869e-11	569.0093654
216.9788997	0	0.004912122259	4.411492628e-14	2.84662025e-12	516.9901758
217.703739	0	-0.004674530648	-4.523185759e-14	3.055839191e-12	571.0093491
217.7985293	0	0.004902667679	2.002063133e-13	1.286559392e-11	518.9901947
218.4850572	0	-0.004666380471	1.091876563e-13	-7.447912516e-12	573.0093328
218.6181212	0	0.004893267483	-1.945835519e-13	-1.263034068e-11	520.9902135
219.2664079	0	-0.004658272776	-1.537815693e-13	1.040456912e-11	575.0093165
219.4376755	0	0.004883921151	-6.350310116e-14	-3.73895313e-12	522.9902322
220.0477909	0	-0.004650207195	1.574570577e-13	-1.086934095e-11	577.0093004
220.2571926	0	0.004874628171	3.373721327e-14	2.415942422e-12	524.9902507
220.8292062	0	-0.004642183365	8.696823212e-14	-6.175015982e-12	579.0092844
221.0766726	0	0.004865388038	2.747248668e-14	1.980388714e-12	526.9902692
221.6106534	0	-0.004634200927	-3.359386552e-13	2.288319695e-11	581.0092684
221.8961158	0	0.004856200251	-3.293280632e-13	-2.111501611e-11	528.9902876
222.3921325	0	-0.004626259526	1.170535504e-13	-7.872748751e-12	583.0092525
222.7155223	0	0.004847064319	2.956946818e-13	1.922989252e-11	530.9903059
223.1736433	0	-0.004618358812	-1.124706945e-15	-7.415732254e-15	585.0092367
223.5348924	0	0.004837979756	-4.887325666e-14	-3.369082771e-12	532.990324
223.9551856	0	-0.004610498439	8.157911817e-14	-5.72791174e-12	587.009221
224.3542262	0	0.004828946083	1.558790195e-13	1.010826294e-11	534.9903421
224.7367592	0	-0.004602678065	-2.147863009e-13	1.509769408e-11	589.0092054
225.173524	0	0.004819962825	-3.087435276e-14	-2.386163622e-12	536.9903601
225.5183641	0	-0.004594897351	1.966559552e-13	-1.38230228e-11	591.0091898
225.992786	0	0.004811029516	8.090583297e-14	5.267558292e-12	538.9903779
226.3	0	-0.004587155963	-3.318296814e-14	2.020826029e-12	593.0091743
226.8120123	0	0.004802145694	-2.45200463e-13	-1.606139789e-11	540.9903957
227.0816668	0	-0.004579453572	6.452153649e-14	-4.597096498e-12	595.0091589
227.6312032	0	0.004793310905	8.023924453e-14	5.556908101e-12	542.9904134
227.8633643	0	-0.00457178985	-3.520263325e-14	2.196091146e-12	597.0091436
228.4503588	0	0.004784524698	-2.184441147e-14	-1.65261795e-12	544.990431
228.6450924	0	-0.004564164476	-8.340295463e-14	5.547787719e-12	599.0091283
229.2694795	0	0.004775786631	1.336737962e-13	8.697704444e-12	546.9904484
229.426851	0	-0.004556577131	-1.407090988e-14	1.502341563e-12	601.0091132
230.0885652	0	0.004767096265	-1.678560099e-13	-1.102619838e-11	548.9904658
230.2086398	0	-0.004549027499	-8.413718802e-15	6.50013615e-13	603.0090981
230.9076163	0	0.004758453168	1.669309179e-13	1.085774706e-11	550.9904831
230.9904587	0	-0.00454151527	5.02144059e-14	-3.274846788e-12	605.009083
231.7266329	0	0.004749856913	-5.984124376e-14	-3.803617376e-12	552.9905003
231.7723076	0	-0.004534040134	6.399228529e-14	-4.781260547e-12	607.0090681
232.5456152	0	0.004741307078	1.381257929e-14	9.041072987e-13	554.9905174
232.5541863	0	-0.004526601789	-6.841951378e-14	4.799533822e-12	609.0090532
233.3360947	0	-0.004519199934	1.151515403e-14	-6.302579929e-13	611.0090384
233.3645634	0	0.004732803247	6.092348348e-14	4.12383115e-12	556.9905344
234.1180327	0	-0.00451183427	7.041768278e-14	-4.704651025e-12	613.0090237
234.1834777	0	0.004724345009	-1.363753617e-13	-8.867059037e-12	558.9905513
234.9	0	-0.004504504505	-1.483325322e-13	1.085006386e-11	615.009009
235.0023582	0	0.004715931958	1.465083451e-13	1.003745739e-11	560.9905681
235.6819966	0	-0.004497210346	2.8981533e-13	-2.08163659e-11	617.0089944
235.8212052	0	0.004707563693	-1.479897296e-13	-9.874595296e-12	562.9905849
236.4640223	0	-0.004489951508	-1.450251043e-13	1.014319248e-11	619.0089799
236.6400188	0	0.004699239818	-3.13666603e-14	-2.591564835e-12	564.9906015
237.2460769	0	-0.004482727705	-5.225475371e-15	4.135496893e-13	621.0089655
237.4587992	0	0.004690959943	4.303597114e-14	2.548035242e-12	566.9906181
238.0281604	0	-0.004475538658	-3.947860193e-14	2.790153138e-12	623.0089511
238.2775465	0	0.00468272368	6.426969167e-14	4.169108959e-12	568.9906346
238.8102726	0	-0.004468384087	-8.911296612e-14	6.228848654e-12	625.0089368
239.096261	0	0.004674530648	-1.115478858e-14	-8.381997609e-13	570.9906509
239.5924133	0	-0.00446126372	-6.223566489e-14	4.319292897e-12	627.0089225
239.9149428	0	0.004666380471	-7.191069728e-15	-6.269624374e-13	572.9906672
240.3745824	0	-0.004454177282	3.263748192e-13	-2.307795707e-11	629.0089084
240.7335921	0	0.004658272776	-3.287285498e-14	-2.351102844e-12	574.9906835
241.1567798	0	-0.004447124507	-1.551617342e-13	1.104309971e-11	631.0088942
241.5522091	0	0.004650207195	9.003156179e-14	6.041503472e-12	576.9906996
241.9390054	0	-0.004440105129	-1.317508739e-14	1.038261894e-12	633.0088802
242.3707938	0	0.004642183365	-1.909962122e-14	-1.222339532e-12	578.9907156
242.7212589	0	-0.004433118884	-4.393578849e-14	3.195733157e-12	635.0088662
243.1893466	0	0.004634200927	-1.307437209e-13	-8.921286863e-12	580.9907316
243.5035404	0	-0.004426165513	8.602048036e-14	-5.975887954e-12	637.0088523
244.0078675	0	0.004626259526	6.178875735e-14	4.161099234e-12	582.9907475
244.2858496	0	-0.004419244759	3.924685116e-14	-2.417376301e-12	639.0088385
244.8263567	0	0.004618358812	9.511087163e-14	6.517366793e-12	584.9907633
245.0681864	0	-0.004412356368	-1.160730368e-13	8.473550403e-12	641.0088247
245.6448144	0	0.004610498439	-9.423533956e-14	-6.333796026e-12	586.990779
245.8505507	0	-0.004405500088	-9.077707186e-14	6.625368116e-12	643.008811
246.4632408	0	0.004602678065	4.671809243e-14	2.969447828e-12	588.9907946
246.6329423	0	-0.00439867567	1.455465812e-13	-1.052391133e-11	645.0087974
247.2816359	0	0.004594897351	-9.770258794e-15	-7.949987456e-13	590.9908102
247.4153612	0	-0.004391882869	-4.145952678e-14	2.784659827e-12	647.0087838
248.1	0	0.004587155963	1.079091398e-14	4.743632849e-13	592.9908257
248.1978072	0	-0.004385121441	-4.09805046e-14	2.849265096e-12	649.0087702
248.9183332	0	0.004579453572	5.902340146e-14	3.805273709e-12	594.9908411
248.9802802	0	-0.004378391146	1.003591017e-13	-7.324484641e-12	651.0087568
249.7366357	0	0.00457178985	-3.359948853e-15	-3.30776906e-13	596.9908564
249.7627801	0	-0.004371691744	-3.734571622e-14	2.734073989e-12	653.0087434
250.5453066	0	-0.004365023002	-4.688261794e-15	6.117278578e-14	655.00873
250.5549076	0	0.004564164476	-1.593536263e-13	-1.105294202e-11	598.9908717
251.3278598	0	-0.004358384684	8.612778732e-14	-6.107259213e-12	657.0087168
251.373149	0	0.004556577131	1.2887271e-13	8.942290145e-12	600.9908868
252.1104395	0	-0.004351776562	-6.427573508e-14	4.561306129e-12	659.0087036
252.1913602	0	0.004549027499	-6.098387443e-14	-3.634648907e-12	602.9909019
252.8930456	0	-0.004345198406	1.875298162e-13	-1.338637242e-11	661.0086904
253.0095413	0	0.00454151527	8.268188953e-14	5.529789441e-12	604.990917
253.6756779	0	-0.004338649991	-2.058133291e-13	1.468066987e-11	663.0086773
253.8276924	0	0.004534040134	-1.058663747e-13	-7.170888033e-12	606.9909319
254.4583363	0	-0.004332131093	7.440574431e-14	-5.380718186e-12	665.0086643
254.6458137	0	0.004526601789	1.54063452e-13	1.077908861e-11	608.9909468
255.2410208	0	-0.004325641492	-7.194116888e-14	5.290544258e-12	667.0086513
255.4639053	0	0.004519199934	-5.077924565e-14	-3.392288275e-12	610.9909616
256.0237312	0	-0.004319180967	7.262282312e-14	-5.417561859e-12	669.0086384
256.2819673	0	0.00451183427	8.707737193e-14	6.725681519e-12	612.9909763
256.8064673	0	-0.004312749304	-1.673138523e-13	1.205140963e-11	671.0086255
257.1	0	0.004504504505	-2.585174274e-13	-1.868256376e-11	614.990991
257.5892291	0	-0.004306346288	1.514237879e-13	-1.079458431e-11	673.0086127
257.9180034	0	0.004497210346	2.233927638e-13	1.555627532e-11	616.9910056
258.3720165	0	-0.004299971706	-7.966971256e-14	5.621946625e-12	675.0085999
258.7359777	0	0.004489951508	-1.029551122e-13	-6.997941781e-12	618.9910201
259.1548293	0	-0.004293625349	-2.618478453e-14	1.988079589e-12	677.0085873
259.5539231	0	0.004482727705	-3.398517223e-14	-2.505735532e-12	620.9910345
259.9376675	0	-0.00428730701	1.803248341e-13	-1.305417827e-11	679.0085746
260.3718396	0	0.004475538658	5.883629871e-15	2.627247441e-13	622.9910489
260.7205308	0	-0.004281016482	-1.675308183e-13	1.253608551e-11	681.008562
261.1897274	0	0.004468384087	3.674403221e-15	2.711432904e-13	624.9910632
261.5034193	0	-0.004274753562	7.664236996e-14	-5.415782656e-12	683.0085495
262.0075867	0	0.00446126372	9.023050938e-14	6.353161942e-12	626.9910775
262.2863328	0	-0.004268518049	-2.246256421e-14	1.573339112e-12	685.008537
262.8254176	0	0.004454177282	6.758710659e-15	6.007426005e-13	628.9910916
263.0692711	0	-0.004262309744	-1.041705518e-13	7.575913867e-12	687.0085246
263.6432202	0	0.004447124507	3.497759307e-14	2.716577851e-12	630.9911058
263.8522343	0	-0.004256128449	2.247249185e-13	-1.678125524e-11	689.0085123
264.4609946	0	0.004440105129	-2.666934231e-13	-1.916298557e-11	632.9911198
264.6352221	0	-0.004249973969	-2.016386379e-13	1.520334611e-11	691.0084999
265.2787411	0	0.004433118884	1.984894235e-13	1.423552431e-11	634.9911338
265.4182344	0	-0.004243846111	8.080280576e-14	-5.821472832e-12	693.0084877
266.0964596	0	0.004426165513	9.179506782e-14	6.879491024e-12	636.9911477
266.2012713	0	-0.004237744683	-3.004882428e-14	2.665635897e-12	695.0084755
266.9141504	0	0.004419244759	-2.745586705e-13	-1.936294179e-11	638.9911615
266.9843324	0	-0.004231669495	-3.08170548e-13	2.302087127e-11	697.0084633
267.7318136	0	0.004412356368	2.119048998e-13	1.539148494e-11	640.9911753
267.7674179	0	-0.004225620361	3.772922282e-13	-2.855884869e-11	699.0084512
268.5494493	0	0.004405500088	-2.89268607e-14	-2.161820513e-12	642.991189
268.5505274	0	-0.004219597095	-3.659226032e-14	2.461628872e-12	701.0084392
269.3336611	0	-0.004213599512	8.898636251e-14	-6.396524574e-12	703.0084272
269.3670577	0	0.00439867567	7.760818977e-14	5.331284515e-12	644.9912026
270.1168186	0	-0.004207627432	-2.374078901e-13	1.787032864e-11	705.0084153
270.1846388	0	0.004391882869	-2.757362732e-13	-1.996135701e-11	646.9912162
270.9	0	-0.004201680672	1.397903399e-13	-1.049597899e-11	707.0084034
271.0021928	0	0.004385121441	8.020588622e-14	5.80481284e-12	648.9912298
271.6832051	0	-0.004195759056	-8.75859722e-15	6.955998903e-13	709.0083915
271.8197198	0	0.004378391146	1.334939686e-13	9.645312705e-12	650.9912432
272.4664339	0	-0.004189862406	7.544038897e-14	-5.572148829e-12	711.0083797
272.6372199	0	0.004371691744	-8.365067929e-14	-6.480830245e-12	652.9912566
273.2496862	0	-0.004183990548	5.650784188e-15	-1.878249569e-13	713.008368
273.4546934	0	0.004365023002	-8.032554983e-14	-5.726023227e-12	654.99127
274.0329619	0	-0.004178143308	-5.856589886e-14	4.523239511e-12	715.0083563
274.2721402	0	0.004358384684	1.498598386e-13	1.09165895e-11	656.9912832
274.816261	0	-0.004172320515	-4.029950729e-14	2.960515033e-12	717.0083446
275.0895605	0	0.004351776562	-1.295191202e-13	-9.224647851e-12	658.9912964
275.5995833	0	-0.004166521998	3.531836826e-14	-2.944715573e-12	719.008333
275.9069544	0	0.004345198406	2.926655378e-13	2.102680765e-11	660.9913096
276.3829288	0	-0.00416074759	4.115889221e-14	-3.01512501e-12	721.0083215
276.7243221	0	0.004338649991	-7.852183625e-14	-5.510768148e-12	662.9913227
277.1662973	0	-0.004154997125	-7.711577405e-14	5.783452972e-12	723.00831
277.5416637	0	0.004332131093	-1.216480064e-13	-8.939422685e-12	664.9913357
277.9496888	0	-0.004149270436	-4.819863664e-14	3.663316009e-12	725.0082985
278.3589792	0	0.004325641492	3.251614933e-14	2.439224378e-12	666.9913487
278.7331031	0	-0.00414356736	1.836229381e-13	-1.418859374e-11	727.0082871
279.1762688	0	0.004319180967	6.697860843e-14	4.651008526e-12	668.9913616
279.5165402	0	-0.004137887737	-8.216048362e-14	6.389059061e-12	729.0082758
279.9935327	0	0.004312749304	-1.394868673e-13	-1.026327552e-11	670.9913745
280.3	0	-0.004132231405	-3.081062475e-14	2.61644831e-12	731.0082645
280.8107709	0	0.004306346288	7.551815825e-14	5.413653648e-12	672.9913873
281.0834823	0	-0.004126598206	8.197625828e-15	-7.371683097e-13	733.0082532
281.6279835	0	0.004299971706	8.913318661e-15	6.957170604e-13	674.9914001
281.8669872	0	-0.004120987982	8.920565812e-15	-6.159801595e-13	735.008242
282.4451707	0	0.004293625349	-5.977816626e-14	-4.458013869e-12	676.9914127
282.6505144	0	-0.004115400578	-2.150767281e-14	1.571051258e-12	737.0082308
283.2623325	0	0.00428730701	-3.63475479e-14	-2.377870958e-12	678.9914254
283.4340639	0	-0.004109835839	3.055693918e-14	-2.102829221e-12	739.0082197
284.0794692	0	0.004281016482	3.742160052e-14	3.220779602e-12	680.991438
284.2176357	0	-0.004104293613	-2.573865264e-15	6.999573804e-15	741.0082086
284.8965807	0	0.004274753562	4.408276618e-14	3.24487694e-12	682.9914505
285.0012296	0	-0.004098773748	-1.139300401e-14	7.929947377e-13	743.0081975
285.7136672	0	0.004268518049	-6.914446907e-17	-1.126262643e-13	684.991463
285.7848455	0	-0.004093276095	3.053834938e-14	-2.440365645e-12	745.0081866
286.5307289	0	0.004262309744	1.835078071e-14	1.366641414e-12	686.9914754
286.5684833	0	-0.004087800504	-9.129763929e-14	7.209792922e-12	747.0081756
287.3477657	0	0.004256128449	-4.214870562e-14	-3.163499859e-12	688.9914877
287.352143	0	-0.004082346829	-4.924289997e-14	3.552765507e-12	749.0081647
288.1358245	0	-0.004076914923	3.601514455e-14	-2.935755873e-12	751.0081538
288.1647779	0	0.004249973969	-8.429919424e-14	-6.347398741e-12	690.9915001
288.9195277	0	-0.004071504643	-2.948690968e-14	1.99968883e-12	753.008143
288.9817656	0	0.004243846111	6.644293338e-14	5.607139827e-12	692.9915123
289.7032525	0	-0.004066115845	-1.073212961e-13	8.557153218e-12	755.0081322
289.7987287	0	0.004237744683	-1.109947765e-13	-7.969358651e-12	694.9915245
290.4869987	0	-0.004060748387	1.917395571e-13	-1.526227799e-11	757.0081215
290.6156676	0	0.004231669495	1.563615442e-13	1.15358712e-11	696.9915367
291.2707664	0	-0.004055402129	2.941373028e-15	-6.95359446e-15	759.0081108
291.4325821	0	0.004225620361	-1.701248306e-14	-1.401413725e-12	698.9915488
292.0545555	0	-0.004050076932	4.586006476e-14	-3.681861089e-12	761.0081002
292.2494726	0	0.004219597095	3.953582389e-14	3.05612064e-12	700.9915608
292.8383658	0	-0.004044772658	-9.295794091e-14	7.31407177e-12	763.0080895
293.0663389	0	0.004213599512	9.571453204e-14	6.836652907e-12	702.9915728
293.6221973	0	-0.004039489169	-6.568858985e-14	5.27805356e-12	765.008079
293.8831814	0	0.004207627432	-1.981352822e-13	-1.483759112e-11	704.9915847
294.4060499	0	-0.004034226332	1.525365862e-13	-1.177894914e-11	767.0080685
294.7	0	0.004201680672	-1.309257389e-14	-9.270849998e-13	706.9915966
295.1899234	0	-0.004028984011	1.157577504e-13	-9.041500487e-12	769.008058
295.5167949	0	0.004195759056	-3.250240142e-14	-2.403729238e-12	708.9916085
295.973818	0	-0.004023762074	-1.958778946e-13	1.571479565e-11	771.0080475
296.3335661	0	0.004189862406	9.335882587e-14	7.121748391e-12	710.9916203
296.7577333	0	-0.004018560388	2.404103425e-13	-1.88513999e-11	773.0080371
297.1503138	0	0.004183990548	-1.527577332e-14	-1.140687482e-12	712.991632
297.5416695	0	-0.004013378824	-1.720443637e-13	1.338646177e-11	775.0080268
297.9670381	0	0.004178143308	3.065136989e-15	2.913404507e-13	714.9916437
298.3256263	0	-0.004008217252	9.574847199e-15	-9.053752056e-13	777.0080164
298.783739	0	0.004172320515	-1.532482012e-15	-2.575451981e-13	716.9916554
299.1096037	0	-0.004003075543	-9.178422894e-14	7.0486684e-12	779.0080062
299.6004167	0	0.004166521998	-1.368054157e-14	-1.050123867e-12	718.991667
299.8936016	0	-0.003997953572	-2.084684791e-14	1.938932319e-12	781.0079959
300.4170712	0	0.00416074759	7.77411179e-14	6.047399559e-12	720.9916785
300.67762	0	-0.00399285121	-2.326839471e-13	1.816882475e-11	783.0079857
301.2337027	0	0.004154997125	-1.483663062e-13	-1.141623118e-11	722.99169
301.4616588	0	-0.003987768335	3.494755662e-13	-2.769288399e-11	785.0079755
302.0503112	0	0.004149270436	-4.814818596e-14	-3.894139327e-12	724.9917015
302.2457179	0	-0.003982704821	4.33138785e-14	-3.375799753e-12	787.0079654
302.8668969	0	0.00414356736	1.23165813e-13	9.600487384e-12	726.9917129
303.0297971	0	-0.003977660548	-2.416675621e-14	1.964893284e-12	789.0079553
303.6834598	0	0.004137887737	-8.925259562e-14	-6.764275699e-12	728.9917242
303.8138966	0	-0.003972635392	-1.57446376e-13	1.241764524e-11	791.0079453
304.5	0	0.004132231405	1.520207569e-13	1.170213617e-11	730.9917355
304.598016	0	-0.003967629233	7.982255884e-14	-6.209021716e-12	793.0079353
305.3165177	0	0.004126598206	-1.070895324e-13	-8.048117837e-12	732.9917468
305.3821555	0	-0.003962641953	-5.418680782e-14	4.37419585e-12	795.0079253
306.1330128	0	0.004120987982	-1.095840058e-13	-8.445897249e-12	734.991758
306.1663149	0	-0.003957673433	7.97250143e-15	-7.79024455e-13	797.0079153
306.9494856	0	0.004115400578	2.053801484e-13	1.606957538e-11	736.9917692
306.9504941	0	-0.003952723555	-1.620888603e-14	1.648231711e-12	799.0079054
307.7346931	0	-0.003947792203	3.300410202e-13	-2.659034764e-11	801.0078956
307.7659361	0	0.004109835839	-2.389618851e-14	-2.06501366e-12	738.9917803
308.5189117	0	-0.003942879262	-2.144112081e-13	1.727273777e-11	803.0078858
308.5823643	0	0.004104293613	-3.873235742e-14	-3.091665876e-12	740.9917914
309.30315	0	-0.003937984617	-2.74542868e-13	2.204943222e-11	805.007876
309.3987704	0	0.004098773748	-2.600177666e-14	-2.254423072e-12	742.9918025
310.0874078	0	-0.003933108156	2.817810194e-13	-2.269782801e-11	807.0078662
310.2151545	0	0.004093276095	4.235772054e-14	3.283111604e-12	744.9918134
310.8716851	0	-0.003928249766	-4.303251734e-14	3.374454716e-12	809.0078565
311.0315167	0	0.004087800504	-3.252579872e-14	-2.40511168e-12	746.9918244
311.6559818	0	-0.003923409336	5.772484804e-14	-4.855968229e-12	811.0078468
311.847857	0	0.004082346829	-7.260240853e-14	-5.806021441e-12	748.9918353
312.4402978	0	-0.003918586755	-5.135779912e-14	4.193174466e-12	813.0078372
312.6641755	0	0.004076914923	2.146821556e-13	1.617570574e-11	750.9918462
313.2246331	0	-0.003913781914	-5.357258154e-14	4.216768579e-12	815.0078276
313.4804723	0	0.004071504643	-4.164525514e-13	-3.224629312e-11	752.991857
314.0089875	0	-0.003908994704	1.834480984e-13	-1.454049144e-11	817.007818
314.2967475	0	0.004066115845	3.522946656e-13	2.707819263e-11	754.9918678
314.7933611	0	-0.003904225018	-1.895271316e-13	1.56817403e-11	819.0078085
315.1130013	0	0.004060748387	-3.17628185e-14	-2.228494338e-12	756.9918785
315.5777537	0	-0.003899472749	1.005337383e-13	-8.418635399e-12	821.0077989
315.9292336	0	0.004055402129	8.64741017e-14	6.660885475e-12	758.9918892
316.3621653	0	-0.003894737792	1.89803646e-13	-1.531897947e-11	823.0077895
316.7454445	0	0.004050076932	-8.663862593e-14	-6.677765748e-12	760.9918998
317.1465958	0	-0.003890020041	-2.694053336e-13	2.190534449e-11	825.00778
317.5616342	0	0.004044772658	-4.493521781e-14	-3.501333921e-12	762.9919105
317.9310451	0	-0.003885319392	1.141110265e-13	-9.165075722e-12	827.0077706
318.3778027	0	0.004039489169	4.804291089e-14	4.017576024e-12	764.991921
318.7155132	0	-0.003880635744	-6.901922163e-14	5.828139581e-12	829.0077613
319.1939501	0	0.004034226332	-2.349307909e-14	-1.83737726e-12	766.9919315
319.5	0	-0.003875968992	5.204650538e-14	-4.237338101e-12	831.0077519
320.0100766	0	0.004028984011	-2.27329109e-14	-1.626300463e-12	768.991942
320.2845054	0	-0.003871319037	-1.18177302e-13	9.507507676e-12	833.0077426
320.826182	0	0.004023762074	3.078052188e-15	2.9279308e-13	770.9919525
321.0690294	0	-0.003866685777	8.998617725e-14	-7.535775021e-12	835.0077334
321.6422667	0	0.004018560388	-2.572819754e-14	-1.990176216e-12	772.9919629
321.8535719	0	-0.003862069112	-1.351578451e-13	1.086987227e-11	837.0077241
322.4583305	0	0.004013378824	-6.354257365e-14	-4.99010809e-12	774.9919732
322.6381329	0	-0.003857468945	1.297413007e-13	-1.063866115e-11	839.0077149
323.2743737	0	0.004008217252	2.15562168e-14	1.552409963e-12	776.9919836
323.4227121	0	-0.003852885177	-1.77688947e-15	-9.217448324e-14	841.0077058
324.0903963	0	0.004003075543	4.625410628e-14	3.786525342e-12	778.9919938
324.2073097	0	-0.00384831771	-2.236019653e-14	1.986579457e-12	843.0076966
324.9063984	0	0.003997953572	-1.950617437e-14	-1.61300159e-12	780.9920041
324.9919256	0	-0.003843766449	7.186630303e-14	-5.658224801e-12	845.0076875
325.72238	0	0.00399285121	-1.379371146e-13	-1.090794681e-11	782.9920143
325.7765596	0	-0.003839231297	-1.008957652e-13	8.472575895e-12	847.0076785
326.5383412	0	0.003987768335	2.188070084e-13	1.704443578e-11	784.9920245
326.5612117	0	-0.00383471216	2.737514091e-13	-2.254864774e-11	849.0076694
327.3458819	0	-0.003830208944	-2.464685963e-13	2.030581725e-11	851.0076604
327.3542821	0	0.003982704821	-7.422511642e-14	-5.881890227e-12	786.9920346
328.13057	0	-0.003825721556	5.559659082e-14	-4.529445193e-12	853.0076514
328.1702029	0	0.003977660548	1.493907031e-14	1.30888025e-12	788.9920447
328.9152761	0	-0.003821249903	-9.160372622e-14	7.523558944e-12	855.0076425
328.9861034	0	0.003972635392	-4.636382495e-14	-3.403525409e-12	790.9920547
329.7	0	-0.003816793893	1.502044857e-13	-1.24116172e-11	857.0076336
329.801984	0	0.003967629233	4.765474767e-14	3.623259686e-12	792.9920647
330.4847417	0	-0.003812353436	-1.033390602e-13	8.667714526e-12	859.0076247
330.6178445	0	0.003962641953	6.639867249e-15	4.43155756e-13	794.9920747
331.2695012	0	-0.00380792844	1.669945918e-14	-1.510847224e-12	861.0076159
331.4336851	0	0.003957673433	4.935170933e-14	4.112281164e-12	796.9920847
332.0542783	0	-0.003803518818	8.777126305e-14	-7.336282723e-12	863.007607
332.2495059	0	0.003952723555	7.030669859e-15	3.780659514e-13	798.9920946
332.839073	0	-0.003799124479	2.359950911e-14	-1.91918831e-12	865.0075982
333.0653069	0	0.003947792203	-1.677050746e-13	-1.313883752e-11	800.9921044
333.6238852	0	-0.003794745335	-2.63735381e-13	2.201225351e-11	867.0075895
333.8810883	0	0.003942879262	2.971700311e-13	2.390480469e-11	802.9921142
334.408715	0	-0.0037903813	1.235771905e-13	-1.079259423e-11	869.0075808
334.69685	0	0.003937984617	-7.419498812e-14	-5.829627829e-12	804.992124
335.1935622	0	-0.003786032287	1.160527896e-13	-9.941617406e-12	871.0075721
335.5125922	0	0.003933108156	-4.729698115e-14	-3.853535032e-12	806.9921338
335.9784267	0	-0.00378169821	-9.495831988e-14	7.734151741e-12	873.0075634
336.3283149	0	0.003928249766	2.2350804e-15	-1.526501111e-13	808.9921435
336.7633086	0	-0.003777378982	-6.542732434e-14	5.465597308e-12	875.0075548
337.1440182	0	0.003923409336	3.98084901e-14	3.007375542e-12	810.9921532
337.5482077	0	-0.003773074521	4.00718611e-14	-3.448539522e-12	877.0075461
337.9597022	0	0.003918586755	-7.514495314e-14	-6.172153612e-12	812.9921628
338.333124	0	-0.003768784741	-4.516404405e-15	7.775499741e-13	879.0075376
338.7753669	0	0.003913781914	-7.159037995e-14	-5.493464467e-12	814.9921724
339.1180574	0	-0.00376450956	2.03126752e-13	-1.74265822e-11	881.007529
339.5910125	0	0.003908994704	1.185926167e-13	9.87461371e-12	816.992182
339.9030079	0	-0.003760248895	-1.23867414e-13	1.032392066e-11	883.0075205
340.4066389	0	0.003904225018	5.10898171e-14	4.140482183e-12	818.9921915
340.6879754	0	-0.003756002663	-5.894031822e-14	5.041318118e-12	885.007512
341.2222463	0	0.003899472749	4.960496109e-14	4.044838731e-12	820.9922011
341.4729598	0	-0.003751770785	4.899402221e-14	-4.248940488e-12	887.0075035
342.0378347	0	0.003894737792	-5.389371895e-14	-4.527214833e-12	822.9922105
342.2579612	0	-0.003747553178	2.059485033e-14	-1.571136113e-12	889.0074951
342.8534042	0	0.003890020041	-1.072711983e-13	-8.495585862e-12	824.99222
343.0429794	0	-0.003743349763	-1.564209464e-14	1.135661236e-12	891.0074867
343.6689549	0	0.003885319392	1.547717598e-13	1.256469574e-11	826.9922294
343.8280144	0	-0.003739160461	-1.2926584e-13	1.097052353e-11	893.0074783
344.4844868	0	0.003880635744	-1.656019017e-13	-1.347084047e-11	828.9922387
344.6130661	0	-0.003734985193	-4.676488974e-15	4.256194384e-13	895.00747
345.3	0	0.003875968992	-5.704953286e-15	-2.435536379e-13	830.9922481
345.3981345	0	-0.00373082388	-2.638497332e-15	6.837276561e-13	897.0074616
346.1154946	0	0.003871319037	5.776926092e-14	4.613909361e-12	832.9922574
346.1832195	0	-0.003726676445	1.022093247e-13	-8.867021508e-12	899.0074534
346.9309706	0	0.003866685777	-2.738060564e-14	-2.634720854e-12	834.9922666
346.968321	0	-0.003722542811	-2.196717433e-14	1.931462826e-12	901.0074451
347.7464281	0	0.003862069112	-2.245415511e-16	-1.80700445e-13	836.9922759
347.7534391	0	-0.003718422902	4.388713761e-14	-3.820790925e-12	903.0074368
348.5385736	0	-0.003714316642	-6.488711753e-14	5.534702074e-12	905.0074286
348.5618671	0	0.003857468945	6.589775852e-14	5.381286991e-12	838.9922851
349.3237246	0	-0.003710223955	7.941132854e-14	-6.871483132e-12	907.0074204
349.3772879	0	0.003852885177	2.086162309e-14	1.746639297e-12	840.9922942
350.1088918	0	-0.003706144768	-2.982151625e-14	2.736035287e-12	909.0074123
350.1926903	0	0.00384831771	-9.996937473e-14	-8.184479764e-12	842.9923034
350.8940754	0	-0.003702079005	-1.514192808e-14	1.174850339e-12	911.0074042
351.0080744	0	0.003843766449	-6.121678236e-15	-3.303146532e-13	844.9923125
351.6792752	0	-0.003698026594	1.110257457e-13	-9.817074049e-12	913.0073961
351.8234404	0	0.003839231297	1.226906301e-13	1.027448459e-11	846.9923215
352.4644911	0	-0.003693987461	2.875231859e-14	-2.562291191e-12	915.007388
352.6387883	0	0.00383471216	-1.51770162e-13	-1.230777445e-11	848.9923306
353.2497233	0	-0.003689961535	-9.912964786e-14	8.607255048e-12	917.0073799
353.4541181	0	0.003830208944	1.142067525e-13	9.292703233e-12	850.9923396
354.0349714	0	-0.003685948744	-6.659372306e-14	5.565489835e-12	919.0073719
354.26943	0	0.003825721556	-1.886830595e-13	-1.589024789e-11	852.9923486
354.8202356	0	-0.003681949015	-8.339134132e-14	7.121812228e-12	921.0073639
355.0847239	0	0.003821249903	1.294326473e-13	1.092656776e-11	854.9923575
355.6055158	0	-0.003677962279	1.209414733e-13	-1.034920383e-11	923.0073559
355.9	0	0.003816793893	-6.12595928e-14	-5.138431493e-12	856.9923664
356.3908119	0	-0.003673988465	-1.498255246e-13	1.281251274e-11	925.007348
356.7152583	0	0.003812353436	-6.752971332e-15	-6.504669731e-13	858.9923753
357.1761239	0	-0.003670027504	1.926781201e-13	-1.646483999e-11	927.0073401
357.5304988	0	0.00380792844	1.041832859e-14	9.393296655e-13	860.9923841
357.9614517	0	-0.003666079326	-4.131457795e-14	3.296137481e-12	929.0073322
358.3457217	0	0.003803518818	9.131961745e-14	7.654893162e-12	862.992393
358.7467952	0	-0.003662143864	-1.933622222e-13	1.662358225e-11	931.0073243
359.160927	0	0.003799124479	-8.440097298e-14	-6.846805626e-12	864.9924018
359.5321545	0	-0.003658221047	6.173638592e-14	-5.220227837e-12	933.0073164
359.9761148	0	0.003794745335	5.365465064e-14	4.152129221e-12	866.9924105
360.3175295	0	-0.003654310811	1.398293245e-13	-1.222708036e-11	935.0073086
360.791285	0	0.0037903813	1.201200192e-14	1.01629574e-12	868.9924192
361.10292	0	-0.003650413086	-9.06506256e-14	7.954485447e-12	937.0073008
361.6064378	0	0.003786032287	-1.65234155e-13	-1.418114369e-11	870.9924279
361.8883261	0	-0.003646527807	5.378242882e-14	-4.556932459e-12	939.0072931
362.4215733	0	0.00378169821	-2.612586822e-14	-2.298974505e-12	872.9924366
362.6737478	0	-0.003642654907	9.445588301e-14	-8.207210663e-12	941.0072853
363.2366914	0	0.003777378982	2.883020559e-13	2.400477754e-11	874.9924452
363.4591849	0	-0.003638794321	-1.804078898e-13	1.595634054e-11	943.0072776
364.0517923	0	0.003773074521	-2.700382279e-13	-2.257992206e-11	876.9924539
364.2446374	0	-0.003634945983	1.324701872e-13	-1.17460974e-11	945.0072699
364.866876	0	0.003768784741	5.564869531e-14	4.308931181e-12	878.9924624
365.0301053	0	-0.00363110983	5.577457209e-14	-4.994278107e-12	947.0072622
365.6819426	0	0.00376450956	1.844262977e-13	1.564254851e-11	880.992471
365.8155885	0	-0.003627285797	-1.350793349e-13	1.1485526e-11	949.0072546
366.4969921	0	0.003760248895	-7.566843183e-14	-6.35260894e-12	882.9924795
366.601087	0	-0.00362347382	1.553882184e-13	-1.375359888e-11	951.0072469
367.3120246	0	0.003756002663	1.71884626e-13	1.421161527e-11	884.992488
367.3866007	0	-0.003619673836	-4.056853947e-14	3.296908952e-12	953.0072393
368.1270402	0	0.003751770785	-1.928257006e-13	-1.609648801e-11	886.9924965
368.1721296	0	-0.003615885782	-1.891591029e-13	1.65135876e-11	955.0072318
368.9420388	0	0.003747553178	-3.776326163e-14	-3.063364538e-12	888.9925049
368.9576736	0	-0.003612109596	5.1808515e-14	-4.705637512e-12	957.0072242
369.7432327	0	-0.003608345216	-1.081424028e-13	9.694946209e-12	959.0072167
369.7570206	0	0.003743349763	2.329351285e-13	1.990028969e-11	890.9925133
370.5288068	0	-0.003604592581	2.37261385e-14	-2.228073313e-12	961.0072092
370.5719856	0	0.003739160461	-1.454876238e-13	-1.247229192e-11	892.9925217
371.3143959	0	-0.00360085163	1.660462152e-13	-1.480613061e-11	963.0072017
371.3869339	0	0.003734985193	-1.706372072e-14	-1.084331861e-12	894.99253
372.1	0	-0.003597122302	8.525455768e-14	-7.488658606e-12	965.0071942
372.2018655	0	0.00373082388	4.567911583e-14	3.737005056e-12	896.9925384
372.885619	0	-0.003593404537	-2.804156323e-13	2.42729267e-11	967.0071868
373.0167805	0	0.003726676445	-2.578339074e-14	-2.178202699e-12	898.9925466
373.6712527	0	-0.003589698276	2.636643191e-13	-2.325803105e-11	969.0071794
373.831679	0	0.003722542811	-1.090685466e-13	-9.295085747e-12	900.9925549
374.4569013	0	-0.00358600346	-1.003438284e-13	8.829546983e-12	971.007172
374.6465609	0	0.003718422902	1.733422489e-13	1.478184846e-11	902.9925632
375.2425647	0	-0.003582320028	3.782459789e-14	-3.267692001e-12	973.0071646
375.4614264	0	0.003714316642	-2.435176164e-14	-2.228125868e-12	904.9925714
376.0282428	0	-0.003578647924	-8.311360518e-14	7.216412797e-12	975.0071573
376.2762754	0	0.003710223955	7.078672287e-14	6.178442021e-12	906.9925796
376.8139355	0	-0.00357498709	-1.85518624e-14	1.733578751e-12	977.00715
377.0911082	0	0.003706144768	-1.363447527e-13	-1.174148449e-11	908.9925877
377.5996429	0	-0.003571337467	6.069311464e-14	-5.209154091e-12	979.0071427
377.9059246	0	0.003702079005	-8.856998503e-14	-7.765092613e-12	910.9925958
378.3853648	0	-0.003567698999	-1.313944556e-14	1.041935477e-12	981.0071354
378.7207248	0	0.003698026594	2.892343385e-13	2.481917252e-11	912.9926039
379.1711013	0	-0.003564071629	-9.212313061e-14	7.888928645e-12	983.0071281
379.5355089	0	0.003693987461	-3.348267463e-13	-2.867779973e-11	914.992612
379.9568522	0	-0.0035604553	1.291027461e-13	-1.160784148e-11	985.0071209
380.3502767	0	0.003689961535	2.048635978e-13	1.741664494e-11	916.9926201
380.7426176	0	-0.003556849958	-6.257998157e-14	5.52427826e-12	987.0071137
381.1650286	0	0.003685948744	-7.673035428e-14	-6.488992689e-12	918.9926281
381.5283974	0	-0.003553255545	-6.54468146e-14	5.975878083e-12	989.0071065
381.9797644	0	0.003681949015	-1.811271737e-14	-1.709041449e-12	920.9926361
382.3141915	0	-0.003549672008	6.55692443e-14	-5.461159562e-12	991.0070993
382.7944842	0	0.003677962279	2.865558232e-15	1.512277765e-13	922.9926441
383.1	0	-0.003546099291	-2.93788925e-14	2.508367318e-12	993.0070922
383.6091881	0	0.003673988465	5.508857518e-14	4.74850467e-12	924.992652
383.8858227	0	-0.00354253734	9.737433741e-14	-8.968926598e-12	995.0070851
384.4238761	0	0.003670027504	-3.376493242e-14	-3.139681778e-12	926.9926599
384.6716597	0	-0.003538986101	-8.92850716e-14	8.035188613e-12	997.007078
385.2385483	0	0.003666079326	-2.121294854e-14	-1.747425604e-12	928.9926678
385.4575108	0	-0.003535445521	1.48516543e-13	-1.325454704e-11	999.0070709
386.0532048	0	0.003662143864	6.018573462e-14	5.178093254e-12	930.9926757
386.2433761	0	-0.003531915546	-3.440919415e-14	3.262362169e-12	1001.007064
386.8678455	0	0.003658221047	-3.408757301e-14	-3.141456376e-12	932.9926836
387.0292555	0	-0.003528396123	-8.838618769e-14	7.927441364e-12	1003.007057
387.6824705	0	0.003654310811	-1.106045409e-14	-8.848641786e-13	934.9926914
387.8151489	0	-0.003524887201	5.219487086e-14	-4.820037405e-12	1005.00705
388.49708	0	0.003650413086	1.351518568e-14	1.152925155e-12	936.9926992
388.6010564	0	-0.003521388726	1.389054388e-13	-1.245762546e-11	1007.007043
389.3116739	0	0.003646527807	3.116432615e-14	2.75298819e-12	938.9927069
389.3869778	0	-0.003517900648	-1.895284337e-13	1.703831594e-11	1009.007036
390.1262522	0	0.003642654907	-1.378497096e-13	-1.182693163e-11	940.9927147
390.1729132	0	-0.003514422914	-6.988982276e-14	6.571774821e-12	1011.007029
390.9408151	0	0.003638794321	9.50714453e-14	8.270362315e-12	942.9927224
390.9588624	0	-0.003510955474	4.111582138e-14	-3.76474636e-12	1013.007022
391.7448255	0	-0.003507498277	-1.648738705e-14	1.563551815e-12	1015.007015
391.7553626	0	0.003634945983	2.803954133e-14	2.526668569e-12	944.9927301
392.5308024	0	-0.003504051273	1.032087761e-13	-9.539442512e-12	1017.007008
392.5698947	0	0.00363110983	1.461847937e-13	1.237151672e-11	946.9927378
393.3167931	0	-0.003500614412	4.136562162e-14	-3.996875461e-12	1019.007001
393.3844115	0	0.003627285797	-3.69297489e-13	-3.235274691e-11	948.9927454
394.1027975	0	-0.003497187643	-2.811711665e-13	2.530111045e-11	1021.006994
394.198913	0	0.00362347382	3.168567313e-13	2.743746139e-11	950.9927531
394.8888156	0	-0.003493770919	2.306541241e-13	-2.083413093e-11	1023.006988
395.0133993	0	0.003619673836	-1.12800669e-13	-9.977937656e-12	952.9927607
395.6748473	0	-0.003490364189	-5.899916047e-15	5.203530418e-13	1025.006981
395.8278704	0	0.003615885782	1.029049449e-14	9.446331477e-13	954.9927682
396.4608926	0	-0.003486967405	3.378104219e-14	-3.149600955e-12	1027.006974
396.6423264	0	0.003612109596	-8.137084101e-14	-6.99977804e-12	956.9927758
397.2469515	0	-0.00348358052	-7.551728206e-14	7.071373536e-12	1029.006967
397.4567673	0	0.003608345216	1.629585676e-17	-3.222363477e-13	958.9927833
398.033024	0	-0.003480203484	-5.402186423e-15	1.446540789e-13	1031.00696
398.2711932	0	0.003604592581	-1.228582103e-13	-1.093340201e-11	960.9927908
398.8191099	0	-0.00347683625	1.592205328e-13	-1.448782638e-11	1033.006954
399.0856041	0	0.00360085163	3.672710845e-13	3.22515704e-11	962.9927983
399.6052093	0	-0.003473478771	-1.991244766e-13	1.82351737e-11	1035.006947
399.9	0	0.003597122302	-8.134772671e-14	-7.353041407e-12	964.9928058
400.3913221	0	-0.003470131001	6.293024384e-14	-5.792355858e-12	1037.00694
400.714381	0	0.003593404537	-2.837700674e-13	-2.494116672e-11	966.9928132
401.1774482	0	-0.003466792891	5.18699319e-15	-4.187286933e-13	1039.006934
401.5287473	0	0.003589698276	1.549387257e-13	1.321801539e-11	968.9928206
401.9635877	0	-0.003463464396	2.913785881e-14	-2.554051704e-12	1041.006927
402.3430987	0	0.00358600346	3.557962852e-14	3.101309597e-12	970.992828
402.7497405	0	-0.00346014547	1.115143287e-14	-9.77298466e-13	1043.00692
403.1574353	0	0.003582320028	-7.240283307e-14	-6.365678122e-12	972.9928354
403.5359065	0	-0.003456836067	-7.486443879e-14	7.016458812e-12	1045.006914
403.9717572	0	0.003578647924	9.386993182e-14	8.403083959e-12	974.9928427
404.3220858	0	-0.003453536142	-1.224423125e-13	1.130767731e-11	1047.006907
404.7860645	0	0.00357498709	-2.003260187e-13	-1.776244684e-11	976.99285
405.1082782	0	-0.003450245649	2.648739474e-13	-2.418847018e-11	1049.0069
405.6003571	0	0.003571337467	2.062623493e-13	1.824076627e-11	978.9928573
405.8944838	0	-0.003446964544	-1.920563665e-14	1.645216165e-12	1051.006894
406.4146352	0	0.003567698999	-6.559726846e-14	-5.790120836e-12	980.9928646
406.6807025	0	-0.003443692781	-2.870313256e-13	2.655284881e-11	1053.006887
407.2288987	0	0.003564071629	1.064832384e-13	9.491984842e-12	982.9928719
407.4669343	0	-0.003440430317	2.230473695e-13	-2.054591508e-11	1055.006881
408.0431478	0	0.0035604553	-1.715952356e-13	-1.543649823e-11	984.9928791
408.253179	0	-0.003437177108	-6.113603717e-14	5.297272536e-12	1057.006874
408.8573824	0	0.003556849958	7.103480993e-14	6.100716712e-12	986.9928863
409.0394368	0	-0.003433933111	2.497628588e-14	-2.262187306e-12	1059.006868
409.6716026	0	0.003553255545	1.15341547e-13	1.055325694e-11	988.9928935
409.8257076	0	-0.003430698281	-1.171921477e-13	1.114773164e-11	1061.006861
410.4858085	0	0.003549672008	-1.766811866e-13	-1.569410832e-11	990.9929007
410.6119912	0	-0.003427472575	2.68721024e-14	-2.464053603e-12	1063.006855
411.3	0	0.003546099291	9.071864339e-14	7.971458934e-12	992.9929078
411.3982878	0	-0.003424255951	-2.374546293e-14	2.322339823e-12	1065.006849
412.1141773	0	0.00354253734	-4.081873327e-15	-3.97266389e-13	994.9929149
412.1845972	0	-0.003421048367	3.770759067e-13	-3.47508089e-11	1067.006842
412.9283403	0	0.003538986101	-9.034583461e-15	-8.48941183e-13	996.992922
412.9709194	0	-0.00341784978	-1.836980001e-13	1.693963126e-11	1069.006836
413.7424892	0	0.003535445521	-1.260734641e-14	-1.023298827e-12	998.9929291
413.7572544	0	-0.003414660147	-1.072587747e-13	9.88494593e-12	1071.006829
414.5436021	0	-0.003411479428	-1.128671037e-13	1.083557823e-11	1073.006823
414.5566239	0	0.003531915546	-2.531882909e-14	-2.07872758e-12	1000.992936
415.3299625	0	-0.003408307581	3.029692405e-13	-2.813905338e-11	1075.006817
415.3707445	0	0.003528396123	-1.594071081e-13	-1.434122672e-11	1002.992943
416.1163356	0	-0.003405144565	-2.758722184e-13	2.562829407e-11	1077.00681
416.1848511	0	0.003524887201	1.661367301e-13	1.476534425e-11	1004.99295
416.9027213	0	-0.003401990338	4.858023125e-15	-4.521569533e-13	1079.006804
416.9989436	0	0.003521388726	1.188115669e-14	1.023456203e-12	1006.992957
417.6891197	0	-0.003398844861	4.96432427e-14	-4.611267239e-12	1081.006798
417.8130222	0	0.003517900648	-2.488808971e-14	-2.082330477e-12	1008.992964
418.4755306	0	-0.003395708092	5.777731761e-14	-5.340691019e-12	1083.006791
418.6270868	0	0.003514422914	9.128112899e-14	8.136720172e-12	1010.992971
419.261954	0	-0.003392579993	1.194063079e-13	-1.120227313e-11	1085.006785
419.4411376	0	0.003510955474	4.959334185e-14	4.625466027e-12	1012.992978
420.0483899	0	-0.003389460521	-8.676081348e-14	7.869726377e-12	1087.006779
420.2551745	0	0.003507498277	9.914984294e-14	8.8298451e-12	1014.992985
420.8348383	0	-0.00338634964	-1.755095865e-14	1.79076081e-12	1089.006773
421.0691976	0	0.003504051273	-1.908744475e-13	-1.724728666e-11	1016.992992
421.6212991	0	-0.003383247308	-5.796849161e-14	5.342880834e-12	1091.006766
421.8832069	0	0.003500614412	2.181986066e-14	1.817574255e-12	1018.992999
422.4077723	0	-0.003380153487	1.180315088e-13	-1.098789923e-11	1093.00676
422.6972025	0	0.003497187643	-5.592917033e-14	-5.205867035e-12	1020.993006
423.1942579	0	-0.003377068138	2.00625746e-13	-1.87769252e-11	1095.006754
423.5111844	0	0.003493770919	-6.200689003e-15	-6.879795613e-13	1022.993012
423.9807558	0	-0.003373991222	-2.920122462e-13	2.715605483e-11	1097.006748
424.3251527	0	0.003490364189	1.225469413e-14	1.080269271e-12	1024.993019
424.7672659	0	-0.003370922701	1.046101387e-13	-9.804890555e-12	1099.006742
425.1391074	0	0.003486967405	1.379317473e-13	1.275995938e-11	1026.993026
425.5537884	0	-0.003367862538	-9.236914024e-14	8.425900542e-12	1101.006736
425.9530485	0	0.00348358052	-7.879515218e-14	-7.124197652e-12	1028.993033
426.340323	0	-0.003364810693	6.905957723e-14	-6.655434675e-12	1103.00673
426.766976	0	0.003480203484	8.063962553e-14	7.357010016e-12	1030.99304
427.1268699	0	-0.00336176713	-1.507942297e-13	1.424692706e-11	1105.006724
427.5808901	0	0.00347683625	-5.503826157e-14	-5.427022135e-12	1032.993046
427.9134289	0	-0.00335873181	6.663901624e-14	-6.221899126e-12	1107.006717
428.3947907	0	0.003473478771	8.265403342e-14	7.42926773e-12	1034.993053
428.7	0	-0.003355704698	9.57874141e-14	-9.185833637e-12	1109.006711
429.2086779	0	0.003470131001	-1.01520474e-13	-9.094687822e-12	1036.99306
429.4865832	0	-0.003352685756	-5.446009613e-14	5.130397779e-12	1111.006705
430.0225518	0	0.003466792891	8.00170272e-14	7.303599558e-12	1038.993066
430.2731785	0	-0.003349674947	-1.625359529e-13	1.540533647e-11	1113.006699
430.8364123	0	0.003463464396	-1.84563672e-13	-1.685799266e-11	1040.993073
431.0597858	0	-0.003346672234	3.107214509e-13	-2.933824903e-11	1115.006693
431.6502595	0	0.00346014547	3.310456536e-14	3.099403986e-12	1042.99308
431.8464051	0	-0.003343677583	-1.857885426e-13	1.717183304e-11	1117.006687
432.4640935	0	0.003456836067	1.185129521e-13	1.100278615e-11	1044.993086
432.6330364	0	-0.003340690956	-7.348979833e-14	7.417261419e-12	1119.006681
433.2779142	0	0.003453536142	-4.838550151e-14	-4.255278305e-12	1046.993093
433.4196796	0	-0.003337712318	2.1610288e-13	-2.046659499e-11	1121.006675
434.0917218	0	0.003450245649	4.800352834e-14	4.326817625e-12	1048.9931
434.2063347	0	-0.003334741633	-1.357564245e-13	1.30379548e-11	1123.006669
434.9055162	0	0.003446964544	-6.013145629e-14	-5.305130099e-12	1050.993106
434.9930016	0	-0.003331778866	2.941349363e-13	-2.791974226e-11	1125.006664
435.7192975	0	0.003443692781	1.277113522e-13	1.161768426e-11	1052.993113
435.7796804	0	-0.003328823982	-2.786305681e-13	2.656409274e-11	1127.006658
436.5330657	0	0.003440430317	-1.713144055e-13	-1.594471065e-11	1054.993119
436.566371	0	-0.003325876946	-2.526458691e-14	2.514387038e-12	1129.006652
437.346821	0	0.003437177108	8.519123984e-14	7.803752968e-12	1056.993126
437.3530734	0	-0.003322937723	1.142993894e-13	-1.091119557e-11	1131.006646
438.1397875	0	-0.003320006279	-2.234072942e-13	2.143226364e-11	1133.00664
438.1605632	0	0.003433933111	-2.127487079e-13	-1.920150178e-11	1058.993132
438.9265133	0	-0.003317082579	2.758914408e-13	-2.635815545e-11	1135.006634
438.9742924	0	0.003430698281	2.027608009e-13	1.889353751e-11	1060.993139
439.7132508	0	-0.00331416659	-7.370630212e-14	7.007699864e-12	1137.006628
439.7880088	0	0.003427472575	-6.962543485e-14	-6.574385868e-12	1062.993145
440.5	0	-0.003311258278	-8.832087647e-14	8.43433188e-12	1139.006623
440.6017122	0	0.003424255951	3.505710571e-14	3.099060386e-12	1064.993151
441.2867608	0	-0.003308357609	2.231829715e-13	-2.1306218e-11	1141.006617
441.4154028	0	0.003421048367	-1.269622212e-14	-1.149108139e-12	1066.993158
442.0735331	0	-0.003305464549	-3.21090187e-13	3.088677513e-11	1143.006611
442.2290806	0	0.00341784978	7.298349386e-14	6.662458654e-12	1068.993164
442.860317	0	-0.003302579066	1.470462836e-13	-1.426266719e-11	1145.006605
443.0427456	0	0.003414660147	-4.865440244e-14	-4.363358393e-12	1070.993171
443.6471125	0	-0.003299701127	5.936623322e-14	-5.464786623e-12	1147.006599
443.8563979	0	0.003411479428	-3.056842528e-14	-2.77780609e-12	1072.993177
444.4339194	0	-0.003296830698	-1.449616037e-13	1.419504456e-11	1149.006594
444.6700375	0	0.003408307581	2.399832021e-14	2.50013695e-12	1074.993183
445.2207378	0	-0.003293967746	1.972843246e-13	-1.859503498e-11	1151.006588
445.4836644	0	0.003405144565	3.168838719e-14	2.991205216e-12	1076.99319
446.0075677	0	-0.003291112241	-1.503780146e-13	1.447379372e-11	1153.006582
446.2972787	0	0.003401990338	-1.191544291e-13	-1.105873042e-11	1078.993196
446.7944089	0	-0.003288264149	1.437343787e-13	-1.400402393e-11	1155.006577
447.1108803	0	0.003398844861	2.912810331e-14	2.652805011e-12	1080.993202
447.5812616	0	-0.003285423438	-1.98915743e-13	1.896990524e-11	1157.006571
447.9244694	0	0.003395708092	3.95376469e-14	3.729867656e-12	1082.993209
448.3681255	0	-0.003282590077	2.49592172e-13	-2.427840348e-11	1159.006565
448.738046	0	0.003392579993	-5.248527441e-14	-4.933601735e-12	1084.993215
449.1550008	0	-0.003279764033	-3.93114171e-14	3.823144223e-12	1161.00656
449.5516101	0	0.003389460521	2.749261516e-14	2.617365161e-12	1086.993221
449.9418874	0	-0.003276945276	-4.501528745e-14	4.187507123e-12	1163.006554
450.3651617	0	0.00338634964	1.244706034e-13	1.141366239e-11	1088.993227
450.7287852	0	-0.003274133775	-1.8204658e-14	1.889429086e-12	1165.006548
451.1787009	0	0.003383247308	-2.653155141e-13	-2.489786881e-11	1090.993234
451.5156943	0	-0.003271329497	8.653120454e-14	-8.576682433e-12	1167.006543
451.9922277	0	0.003380153487	1.235817692e-13	1.161649948e-11	1092.99324
452.3026146	0	-0.003268532413	-2.072944988e-13	2.009851906e-11	1169.006537
452.8057421	0	0.003377068138	7.920631588e-14	7.519318484e-12	1094.993246
453.0895461	0	-0.003265742491	1.898045898e-14	-1.590215767e-12	1171.006531
453.6192442	0	0.003373991222	-8.53631868e-14	-8.003897558e-12	1096.993252
453.8764887	0	-0.003262959701	8.283914687e-14	-8.157589234e-12	1173.006526
454.4327341	0	0.003370922701	7.702338209e-14	7.006756809e-12	1098.993258
454.6634424	0	-0.003260184013	7.349288762e-15	-4.273611569e-13	1175.00652
455.2462116	0	0.003367862538	1.064784582e-13	9.972185095e-12	1100.993264
455.4504072	0	-0.003257415396	-1.309407356e-13	1.267775561e-11	1177.006515
456.059677	0	0.003364810693	-1.262334403e-13	-1.20973211e-11	1102.99327
456.237383	0	-0.003254653821	4.157096072e-14	-4.039112188e-12	1179.006509
456.8731301	0	0.00336176713	-9.846302236e-14	-9.444077402e-12	1104.993276
457.0243699	0	-0.003251899257	4.596478566e-14	-4.503341272e-12	1181.006504
457.6865711	0	0.00335873181	1.491533317e-13	1.40285126e-11	1106.993283
457.8113678	0	-0.003249151676	-5.426522866e-14	5.371318962e-12	1183.006498
458.5	0	0.003355704698	-4.277446831e-15	-3.00262735e-13	1108.993289
458.5983767	0	-0.003246411047	1.974488562e-13	-1.96593699e-11	1185.006493
459.3134168	0	0.003352685756	-2.269200539e-14	-2.11084491e-12	1110.993295
459.3853965	0	-0.003243677342	-2.392795467e-13	2.308947906e-11	1187.006487
460.1268215	0	0.003349674947	7.131735446e-14	6.743107954e-12	1112.993301
460.1724273	0	-0.003240950531	6.98324712e-14	-7.154815388e-12	1189.006482
460.9402142	0	0.003346672234	-1.554119024e-13	-1.473733471e-11	1114.993307
460.9594689	0	-0.003238230586	-7.673719772e-14	7.523907009e-12	1191.006476
461.7465214	0	-0.003235517477	1.0445126e-13	-1.053873361e-11	1193.006471
461.7535949	0	0.003343677583	1.113938754e-13	1.068295076e-11	1116.993313
462.5335848	0	-0.003232811176	6.147287742e-14	-5.991033124e-12	1195.006466
462.5669636	0	0.003340690956	-8.106937843e-15	-1.094484343e-12	1118.993319
463.3206589	0	-0.003230111655	-7.204024438e-14	7.174127793e-12	1197.00646
463.3803204	0	0.003337712318	-1.953143088e-14	-1.386127258e-12	1120.993325
464.1077439	0	-0.003227418885	-1.478678892e-14	1.324488412e-12	1199.006455
464.1936653	0	0.003334741633	1.538374995e-14	1.44345371e-12	1122.993331
464.8948396	0	-0.003224732838	-2.936948797e-14	2.84472604e-12	1201.006449
465.0069984	0	0.003331778866	-2.342850654e-14	-2.125380778e-12	1124.993336
465.681946	0	-0.003222053487	-3.22185981e-14	3.088883736e-12	1203.006444
465.8203196	0	0.003328823982	1.157097154e-13	1.124895508e-11	1126.993342
466.4690631	0	-0.003219380803	4.584339457e-14	-4.609274857e-12	1205.006439
466.633629	0	0.003325876946	-1.081416248e-13	-1.034469951e-11	1128.993348
467.2561909	0	-0.003216714759	-7.493892035e-14	7.456060739e-12	1207.006433
467.4469266	0	0.003322937723	-2.000758397e-14	-1.750813818e-12	1130.993354
468.0433294	0	-0.003214055327	7.892101918e-14	-7.786842806e-12	1209.006428
468.2602125	0	0.003320006279	-7.943085542e-14	-7.583722093e-12	1132.99336
468.8304785	0	-0.003211402481	6.497224341e-15	-4.338645173e-13	1211.006423
469.0734867	0	0.003317082579	1.626084468e-13	1.541642968e-11	1134.993366
469.6176382	0	-0.003208756193	5.665670865e-14	-5.891277729e-12	1213.006418
469.8867492	0	0.00331416659	-5.332626235e-14	-5.165078217e-12	1136.993372
470.4048084	0	-0.003206116436	-2.09630201e-13	2.071133071e-11	1215.006412
470.7	0	0.003311258278	-1.244927485e-13	-1.178591342e-11	1138.993377
471.1919892	0	-0.003203483183	5.921024059e-14	-5.556860687e-12	1217.006407
471.5132392	0	0.003308357609	1.242063694e-13	1.199515361e-11	1140.993383
471.9791806	0	-0.003200856408	2.678543068e-13	-2.653215708e-11	1219.006402
472.3264669	0	0.003305464549	-8.232429735e-14	-8.207454468e-12	1142.993389
472.7663824	0	-0.003198236084	-2.127822983e-13	2.08886293e-11	1221.006396
473.139683	0	0.003302579066	9.16130598e-14	8.882917792e-12	1144.993395
473.5535947	0	-0.003195622184	1.75142313e-15	-9.982575479e-14	1223.006391
473.9528875	0	0.003299701127	3.755404793e-14	3.902152504e-12	1146.993401
474.3408174	0	-0.003193014683	1.888999313e-14	-2.027154755e-12	1225.006386
474.7660806	0	0.003296830698	-7.824906584e-14	-7.165202392e-12	1148.993406
475.1280505	0	-0.003190413555	5.106067656e-15	-3.955676042e-13	1227.006381
475.5792622	0	0.003293967746	1.398714141e-13	1.353554658e-11	1150.993412
475.9152941	0	-0.003187818773	3.304814125e-14	-3.252664298e-12	1229.006376
476.3924323	0	0.003291112241	-3.025828938e-14	-2.726876386e-12	1152.993418
476.702548	0	-0.003185230312	3.626965823e-14	-3.671964685e-12	1231.00637
477.2055911	0	0.003288264149	-7.139537021e-14	-7.093637195e-12	1154.993423
477.4898122	0	-0.003182648146	-6.239370292e-14	6.204611157e-12	1233.006365
478.0187384	0	0.003285423438	-1.251575224e-13	-1.221421926e-11	1156.993429
478.2770868	0	-0.00318007225	-1.151222307e-14	1.032381166e-12	1235.00636
478.8318745	0	0.003282590077	8.026750724e-14	7.910305684e-12	1158.993435
479.0643716	0	-0.003177502598	4.789711196e-15	-3.785698833e-13	1237.006355
479.6449992	0	0.003279764033	-7.82533783e-15	-9.788228714e-13	1160.99344
479.8516668	0	-0.003174939165	3.157902233e-14	-3.252446098e-12	1239.00635
480.4581126	0	0.003276945276	1.968207151e-14	1.810279104e-12	1162.993446
480.6389721	0	-0.003172381926	-9.537104299e-14	9.420398227e-12	1241.006345
481.2712148	0	0.003274133775	5.861472825e-15	3.662066893e-13	1164.993452
481.4262877	0	-0.003169830857	-1.300188999e-13	1.292263319e-11	1243.00634
482.0843057	0	0.003271329497	-2.726109222e-14	-2.708834302e-12	1166.993457
482.2136135	0	-0.003167285932	2.868346875e-13	-2.867747682e-11	1245.006335
482.8973854	0	0.003268532413	2.401243149e-15	5.127908667e-13	1168.993463
483.0009494	0	-0.003164747126	-8.611233052e-14	8.710607143e-12	1247.006329
483.7104539	0	0.003265742491	-1.079736662e-13	-1.035718478e-11	1170.993469
483.7882955	0	-0.003162214417	-8.911152584e-15	9.108520963e-13	1249.006324
484.5235113	0	0.003262959701	1.542218385e-13	1.529070295e-11	1172.993474
484.5756517	0	-0.003159687778	4.514140354e-14	-4.585815396e-12	1251.006319
485.3365576	0	0.003260184013	-9.684999023e-14	-9.331494114e-12	1174.99348
485.363018	0	-0.003157167185	-3.347107932e-14	2.962607758e-12	1253.006314
486.1495928	0	0.003257415396	1.341573308e-13	1.289621395e-11	1176.993485
486.1503943	0	-0.003154652616	7.900082438e-14	-8.071365759e-12	1255.006309
486.9377807	0	-0.003152144045	-6.0913305e-14	6.269245044e-12	1257.006304
486.962617	0	0.003254653821	-7.720345547e-14	-7.461990528e-12	1178.993491
487.7251772	0	-0.003149641449	-3.933245799e-14	3.932632749e-12	1259.006299
487.7756301	0	0.003251899257	-2.219975313e-14	-2.119555504e-12	1180.993496
488.5125836	0	-0.003147144805	1.410976485e-13	-1.421421485e-11	1261.006294
488.5886322	0	0.003249151676	1.185879398e-13	1.126706454e-11	1182.993502
489.3	0	-0.003144654088	-1.640571001e-13	1.661773837e-11	1263.006289
489.4016233	0	0.003246411047	1.254570157e-13	1.203365458e-11	1184.993507
490.0874264	0	-0.003142169275	1.675095522e-13	-1.697443764e-11	1265.006284
490.2146035	0	0.003243677342	-1.354425728e-13	-1.336207608e-11	1186.993513
490.8748626	0	-0.003139690344	-1.219052569e-13	1.227232991e-11	1267.006279
491.0275727	0	0.003240950531	-1.332937004e-13	-1.29866053e-11	1188.993518
491.6623088	0	-0.00313721727	3.758837505e-15	-4.51993245e-13	1269.006274
491.8405311	0	0.003238230586	1.079979768e-13	1.002422852e-11	1190.993524
492.4497649	0	-0.003134750031	-1.215334994e-13	1.198002671e-11	1271.00627
492.6534786	0	0.003235517477	-1.341033082e-13	-1.318853e-11	1192.993529
493.2372308	0	-0.003132288604	1.65988719e-13	-1.652565994e-11	1273.006265
493.4664152	0	0.003232811176	2.635997425e-14	2.506248762e-12	1194.993534
494.0247066	0	-0.003129832966	-1.824865436e-13	1.853803026e-11	1275.00626
494.2793411	0	0.003230111655	-6.512631145e-14	-6.273776983e-12	1196.99354
494.8121921	0	-0.003127383094	1.671993917e-13	-1.686221276e-11	1277.006255
495.0922561	0	0.003227418885	1.270585008e-13	1.239563218e-11	1198.993545
495.5996875	0	-0.003124938967	-1.526730584e-14	1.309537531e-12	1279.00625
495.9051604	0	0.003224732838	1.172592051e-15	8.176142611e-14	1200.993551
496.3871926	0	-0.00312250056	-2.402227873e-14	2.620840776e-12	1281.006245
496.718054	0	0.003222053487	-3.720384997e-14	-3.65474907e-12	1202.993556
497.1747075	0	-0.003120067853	6.137128626e-14	-6.237026096e-12	1283.00624
497.5309369	0	0.003219380803	-3.328602491e-14	-3.383632196e-12	1204.993561
497.9622321	0	-0.003117640824	-1.083491771e-13	1.097243913e-11	1285.006235
498.3438091	0	0.003216714759	2.466841845e-13	2.431603818e-11	1206.993567
498.7497664	0	-0.003115219449	-1.340479512e-14	1.307551658e-12	1287.00623
499.1566706	0	0.003214055327	-2.318318696e-13	-2.252970244e-11	1208.993572
499.5373103	0	-0.003112803707	-6.080288975e-14	6.254501596e-12	1289.006226
499.9695215	0	0.003211402481	-1.123611141e-13	-1.132279952e-11	1210.993577
500.3248639	0	-0.003110393576	-3.450069503e-14	3.614714237e-12	1291.006221
500.7823618	0	0.003208756193	1.032712785e-13	1.010075426e-11	1212.993582
501.1124272	0	-0.003107989035	2.714002477e-13	-2.770254546e-11	1293.006216
501.5951916	0	0.003206116436	1.115522777e-13	1.096197414e-11	1214.993588
501.9	0	-0.003105590062	-3.774266487e-14	3.557543667e-12	1295.006211
502.4080108	0	0.003203483183	-5.117359155e-14	-4.922981263e-12	1216.993593
502.6875824	0	-0.003103196636	-2.029689569e-14	2.068071495e-12	1297.006206
503.2208194	0	0.003200856408	1.206985385e-14	1.199150997e-12	1218.993598
503.4751744	0	-0.003100808734	2.155352399e-15	-4.814381026e-13	1299.006202
504.0336176	0	0.003198236084	5.258158346e-14	5.211557869e-12	1220.993604
504.262776	0	-0.003098426337	-2.676405458e-13	2.732581941e-11	1301.006197
504.8464053	0	0.003195622184	-7.390175869e-14	-7.422752006e-12	1222.993609
505.050387	0	-0.003096049423	2.343331454e-13	-2.359346571e-11	1303.006192
505.6591826	0	0.003193014683	6.353957879e-14	6.44646212e-12	1224.993614
505.8380075	0	-0.00309367797	-9.344234962e-14	9.550062935e-12	1305.006187
506.4719495	0	0.003190413555	-4.269501037e-14	-4.26788325e-12	1226.993619
506.6256376	0	-0.003091311959	2.906047246e-15	-2.926804939e-13	1307.006183
507.2847059	0	0.003187818773	-7.65795822e-14	-7.595329308e-12	1228.993624
507.413277	0	-0.003088951367	1.369125744e-13	-1.414135166e-11	1309.006178
508.097452	0	0.003185230312	8.740768258e-14	8.739720387e-12	1230.99363
508.200926	0	-0.003086596175	4.236203841e-14	-4.302216159e-12	1311.006173
508.9101878	0	0.003182648146	1.543999612e-13	1.507793444e-11	1232.993635
508.9885843	0	-0.003084246363	-2.503269609e-13	2.554178854e-11	1313.006168
509.7229132	0	0.00318007225	-1.195661946e-13	-1.181357507e-11	1234.99364
509.776252	0	-0.003081901908	9.66560304e-14	-9.796136942e-12	1315.006164
510.5356284	0	0.003177502598	-1.928437524e-13	-1.92864817e-11	1236.993645
510.563929	0	-0.003079562792	9.66367329e-14	-9.674553642e-12	1317.006159
511.3483332	0	0.003174939165	2.546467241e-13	2.52520998e-11	1238.99365
511.3516155	0	-0.003077228994	-8.820278775e-14	9.560537112e-12	1319.006154
512.1393112	0	-0.003074900494	-1.934369111e-14	1.898414673e-12	1321.00615
512.1610279	0	0.003172381926	-6.026334132e-14	-6.052334712e-12	1240.993655
512.9270163	0	-0.003072577272	-3.641806021e-14	3.638231543e-12	1323.006145
512.9737123	0	0.003169830857	-2.262404263e-13	-2.264684766e-11	1242.99366
513.7147306	0	-0.003070259307	1.524290279e-13	-1.555367592e-11	1325.006141
513.7863865	0	0.003167285932	1.531523119e-13	1.545021571e-11	1244.993665
514.5024542	0	-0.003067946581	-8.506415579e-14	8.483037278e-12	1327.006136
514.5990506	0	0.003164747126	-2.434703235e-14	-2.475619877e-12	1246.993671
515.290187	0	-0.003065639073	1.34586023e-13	-1.394970684e-11	1329.006131
515.4117045	0	0.003162214417	1.844077713e-13	1.833152258e-11	1248.993676
516.0779291	0	-0.003063336764	-9.906488423e-14	1.037901302e-11	1331.006127
516.2243483	0	0.003159687778	-1.16490072e-13	-1.185762536e-11	1250.993681
516.8656803	0	-0.003061039635	-8.624360307e-14	8.875040848e-12	1333.006122
517.036982	0	0.003157167185	7.452832316e-15	7.442058584e-13	1252.993686
517.6534407	0	-0.003058747665	1.456544848e-13	-1.510563191e-11	1335.006117
517.8496057	0	0.003154652616	9.168801637e-14	9.225972741e-12	1254.993691
518.4412103	0	-0.003056460836	-1.277599239e-13	1.327996117e-11	1337.006113
518.6622193	0	0.003152144045	3.821764926e-14	3.676071234e-12	1256.993696
519.228989	0	-0.003054179128	1.366135134e-13	-1.335065982e-11	1339.006108
519.4748228	0	0.003149641449	-2.777761017e-13	-2.799443898e-11	1258.993701
520.0167769	0	-0.003051902523	7.364922814e-14	-7.749449607e-12	1341.006104
520.2874164	0	0.003147144805	5.973287305e-14	6.182916002e-12	1260.993706
520.8045738	0	-0.003049631002	-4.742032333e-14	4.905401851e-12	1343.006099
521.1	0	0.003144654088	7.539626054e-14	7.606978014e-12	1262.993711
521.5923798	0	-0.003047364545	-8.924791415e-14	9.504760891e-12	1345.006095
521.9125736	0	0.003142169275	4.817862396e-14	4.739562555e-12	1264.993716
522.3801949	0	-0.003045103133	-2.001323867e-13	2.066752639e-11	1347.00609
522.7251374	0	0.003139690344	-6.172187517e-14	-6.467176158e-12	1266.993721
523.168019	0	-0.003042846749	2.063309339e-13	-2.147168123e-11	1349.006086
523.5376912	0	0.00313721727	-5.658217337e-16	-2.201971182e-13	1268.993726
523.9558521	0	-0.003040595373	-5.874239165e-14	6.105148674e-12	1351.006081
524.3502351	0	0.003134750031	-3.86402503e-14	-3.65101528e-12	1270.99373
524.7436942	0	-0.003038348987	8.497816603e-14	-8.912525822e-12	1353.006077
525.1627692	0	0.003132288604	6.228652358e-14	6.509013677e-12	1272.993735
525.5315453	0	-0.003036107572	5.417807474e-14	-6.018741327e-12	1355.006072
525.9752934	0	0.003129832966	-6.951455338e-14	-6.790844494e-12	1274.99374
526.3194054	0	-0.003033871111	-2.098155613e-13	2.157248324e-11	1357.006068
526.7878079	0	0.003127383094	1.695097076e-13	1.683851688e-11	1276.993745
527.1072743	0	-0.003031639585	2.67351427e-13	-2.766865487e-11	1359.006063
527.6003125	0	0.003124938967	-1.619755134e-13	-1.646356181e-11	1278.99375
527.8951522	0	-0.003029412975	-2.833139658e-13	2.950617834e-11	1361.006059
528.4128074	0	0.00312250056	9.94211056e-14	9.978770552e-12	1280.993755
528.683039	0	-0.003027191265	2.207177645e-13	-2.336326096e-11	1363.006054
529.2252925	0	0.003120067853	-1.127065109e-13	-1.121329287e-11	1282.99376
529.4709347	0	-0.003024974435	-2.17986434e-13	2.261107212e-11	1365.00605
530.0377679	0	0.003117640824	1.212477671e-13	1.23689763e-11	1284.993765
530.2588392	0	-0.003022762469	7.699252254e-14	-8.208102891e-12	1367.006046
530.8502336	0	0.003115219449	-3.505866422e-14	-3.396455539e-12	1286.99377
531.0467526	0	-0.003020555348	5.595836696e-14	-5.783829812e-12	1369.006041
531.6626897	0	0.003112803707	-7.135240926e-14	-7.410714133e-12	1288.993774
531.8346748	0	-0.003018353054	-4.380795288e-14	4.59365e-12	1371.006037
532.4751361	0	0.003110393576	2.646991266e-13	2.665354573e-11	1290.993779
532.6226058	0	-0.00301615557	-5.098933479e-14	5.143589872e-12	1373.006032
533.2875728	0	0.003107989035	-1.611574816e-13	-1.644956294e-11	1292.993784
533.4105455	0	-0.00301396288	1.265462457e-13	-1.323176313e-11	1375.006028
534.1	0	0.003105590062	2.964262143e-14	3.201730435e-12	1294.993789
534.198494	0	-0.003011774964	1.911991575e-14	-1.869746474e-12	1377.006024
534.9124176	0	0.003103196636	-7.332027543e-14	-7.818789556e-12	1296.993794
534.9864513	0	-0.003009591806	-2.866251553e-14	2.939758189e-12	1379.006019
535.7248256	0	0.003100808734	-2.32323084e-15	-1.316276301e-13	1298.993798
535.7744173	0	-0.003007413389	-1.539699882e-13	1.637964796e-11	1381.006015
536.537224	0	0.003098426337	9.986247889e-14	1.040044264e-11	1300.993803
536.562392	0	-0.003005239695	1.65090852e-13	-1.728541894e-11	1383.00601
537.349613	0	0.003096049423	1.900388074e-13	1.955807644e-11	1302.993808
537.3503754	0	-0.003003070708	-1.118882791e-13	1.141282754e-11	1385.006006
538.1383674	0	-0.003000906411	2.215549394e-13	-2.309562841e-11	1387.006002
538.1619925	0	0.00309367797	-3.803663948e-13	-3.88351563e-11	1304.993813
538.9263681	0	-0.002998746786	-3.148571798e-14	3.045969628e-12	1389.005997
538.9743624	0	0.003091311959	4.805437958e-14	4.450469561e-12	1306.993817
539.7143774	0	-0.002996591817	-1.82271693e-13	1.922478965e-11	1391.005993
539.786723	0	0.003088951367	1.335373395e-13	1.381202027e-11	1308.993822
540.5023954	0	-0.002994441487	1.683660585e-13	-1.759973205e-11	1393.005989
540.599074	0	0.003086596175	5.272579244e-15	5.423350737e-13	1310.993827
541.2904219	0	-0.002992295779	-1.845177109e-13	1.961519211e-11	1395.005985
541.4114157	0	0.003084246363	-2.633363971e-13	-2.694965179e-11	1312.993832
542.078457	0	-0.002990154678	2.272971539e-13	-2.370245662e-11	1397.00598
542.223748	0	0.003081901908	-6.174290778e-14	-6.365130284e-12	1314.993836
542.8665007	0	-0.002988018166	-2.111308577e-13	2.234813793e-11	1399.005976
543.036071	0	0.003079562792	-4.535718496e-14	-4.227858068e-12	1316.993841
543.6545529	0	-0.002985886228	-1.019964698e-13	1.082458431e-11	1401.005972
543.8483845	0	0.003077228994	3.260416775e-13	3.369898942e-11	1318.993846
544.4426136	0	-0.002983758846	1.596227077e-13	-1.699061658e-11	1403.005968
544.6606888	0	0.003074900494	3.003144891e-14	3.099717027e-12	1320.99385
545.2306828	0	-0.002981636005	1.007313399e-13	-1.050248009e-11	1405.005963
545.4729837	0	0.003072577272	-1.074566521e-13	-1.096647234e-11	1322.993855
546.0187605	0	-0.002979517688	3.347950211e-14	-3.627574405e-12	1407.005959
546.2852694	0	0.003070259307	1.233409596e-13	1.255929255e-11	1324.993859
546.8068466	0	-0.00297740388	-8.405933991e-14	8.50619684e-12	1409.005955
547.0975458	0	0.003067946581	-2.39016842e-13	-2.461676833e-11	1326.993864
547.5949412	0	-0.002975294565	-6.707748897e-14	7.163138878e-12	1411.005951
547.909813	0	0.003065639073	1.052623367e-13	1.088544605e-11	1328.993869
548.3830443	0	-0.002973189726	3.35472913e-14	-3.817690811e-12	1413.005946
548.7220709	0	0.003063336764	7.951286186e-14	8.061946563e-12	1330.993873
549.1711557	0	-0.002971089348	-2.124130397e-13	2.24155603e-11	1415.005942
549.5343197	0	0.003061039635	-9.16780026e-14	-9.546881894e-12	1332.993878
549.9592756	0	-0.002968993415	1.82377035e-13	-1.948436679e-11	1417.005938
550.3465593	0	0.003058747665	3.669777291e-14	3.84059798e-12	1334.993883
550.7474038	0	-0.002966901912	2.064724636e-13	-2.220416651e-11	1419.005934
551.1587897	0	0.003056460836	-1.728583873e-13	-1.748204023e-11	1336.993887
551.5355403	0	-0.002964814822	-2.668624879e-13	2.858255731e-11	1421.00593
551.971011	0	0.003054179128	5.766815471e-14	6.158811672e-12	1338.993892
552.3236852	0	-0.002962732131	2.19396579e-13	-2.310180486e-11	1423.005925
552.7832231	0	0.003051902523	-2.340710693e-13	-2.3977544e-11	1340.993896
553.1118385	0	-0.002960653822	-2.015621143e-13	2.150923202e-11	1425.005921
553.5954262	0	0.003049631002	2.153433302e-13	2.213905138e-11	1342.993901
553.9	0	-0.002958579882	5.197688541e-14	-5.425382221e-12	1427.005917
554.4076202	0	0.003047364545	3.651122818e-13	3.76056832e-11	1344.993905
554.6881698	0	-0.002956510293	-6.691720022e-15	7.099639627e-13	1429.005913
555.2198051	0	0.003045103133	-2.249816142e-13	-2.321799298e-11	1346.99391
555.4763479	0	-0.002954445042	4.088177097e-15	-4.545065576e-13	1431.005909
556.031981	0	0.003042846749	4.254670477e-14	4.68570262e-12	1348.993914
556.2645343	0	-0.002952384112	-1.163697053e-14	2.099160905e-12	1433.005905
556.8441479	0	0.003040595373	1.095404704e-13	1.155423816e-11	1350.993919
557.0527288	0	-0.00295032749	3.136724161e-14	-3.154476106e-12	1435.005901
557.6563058	0	0.003038348987	3.876342646e-15	1.927142459e-13	1352.993923
557.8409316	0	-0.002948275159	-5.739770892e-14	6.011751572e-12	1437.005897
558.4684547	0	0.003036107572	-1.886437272e-13	-2.016901832e-11	1354.993928
558.6291426	0	-0.002946227106	1.224893802e-13	-1.286099726e-11	1439.005892
559.2805946	0	0.003033871111	2.951394502e-14	3.040058143e-12	1356.993932
559.4173618	0	-0.002944183314	-7.20412492e-14	8.004030171e-12	1441.005888
560.0927257	0	0.003031639585	1.017300826e-14	1.15668504e-12	1358.993937
560.2055892	0	-0.00294214377	-9.092745768e-14	1.014109408e-11	1443.005884
560.9048478	0	0.003029412975	1.401902788e-14	1.514055959e-12	1360.993941
560.9938247	0	-0.002940108459	1.549834841e-13	-1.663539688e-11	1445.00588
561.716961	0	0.003027191265	-2.22156991e-15	-4.768585365e-13	1362.993946
561.7820683	0	-0.002938077366	6.613389116e-14	-6.855664337e-12	1447.005876
562.5290653	0	0.003024974435	3.580125881e-15	-9.269592005e-14	1364.99395
562.57032	0	-0.002936050476	1.218959228e-14	-1.403714416e-12	1449.005872
563.3411608	0	0.003022762469	-2.070535618e-14	-2.172797835e-12	1366.993954
563.3585799	0	-0.002934027776	5.387393659e-14	-5.713707661e-12	1451.005868
564.1468478	0	-0.00293200925	-1.700838824e-13	1.837256882e-11	1453.005864
564.1532474	0	0.003020555348	5.126711536e-14	5.409835592e-12	1368.993959
564.9351238	0	-0.002929994885	-1.719549054e-13	1.893258407e-11	1455.00586
564.9653252	0	0.003018353054	-1.072062588e-13	-1.137596243e-11	1370.993963
565.7234078	0	-0.002927984665	2.33753242e-13	-2.521009441e-11	1457.005856
565.7773942	0	0.00301615557	6.330637628e-14	6.61599277e-12	1372.993968
566.5116999	0	-0.002925978578	8.905316004e-14	-9.393872296e-12	1459.005852
566.5894545	0	0.00301396288	1.340113174e-13	1.408880087e-11	1374.993972
567.3	0	-0.002923976608	-1.392093296e-13	1.503137007e-11	1461.005848
567.401506	0	0.003011774964	-1.287056885e-14	-1.339028804e-12	1376.993976
568.0883081	0	-0.002921978742	-1.130436145e-15	2.593579552e-13	1463.005844
568.2135487	0	0.003009591806	-3.717647608e-15	-1.90749533e-14	1378.993981
568.8766242	0	-0.002919984966	2.786562975e-14	-3.01430233e-12	1465.00584
569.0255827	0	0.003007413389	2.90006021e-14	3.231810787e-12	1380.993985
569.6649482	0	-0.002917995265	7.101139081e-14	-7.604022071e-12	1467.005836
569.837608	0	0.003005239695	-2.987563029e-13	-3.146824907e-11	1382.99399
570.4532802	0	-0.002916009626	-1.02331167e-13	1.091496802e-11	1469.005832
570.6496246	0	0.003003070708	-2.34270004e-14	-2.44432271e-12	1384.993994
571.2416201	0	-0.002914028035	-1.418917462e-13	1.556916467e-11	1471.005828
571.4616326	0	0.003000906411	2.557100413e-13	2.639011267e-11	1386.993998
572.029968	0	-0.002912050479	1.144091466e-14	-1.146433567e-12	1473.005824
572.2736319	0	0.002998746786	-1.45414079e-13	-1.506299943e-11	1388.994003
572.8183237	0	-0.002910076943	1.266024687e-13	-1.378987656e-11	1475.00582
573.0856226	0	0.002996591817	8.747277778e-14	9.248334228e-12	1390.994007
573.6066873	0	-0.002908107414	8.53399875e-14	-9.240876107e-12	1477.005816
573.8976046	0	0.002994441487	5.489394172e-14	5.63442271e-12	1392.994011
574.3950588	0	-0.002906141879	-1.716012181e-14	1.540230852e-12	1479.005812
574.7095781	0	0.002992295779	-1.541218685e-14	-1.158312598e-12	1394.994015
575.1834382	0	-0.002904180324	-1.442277682e-14	1.341133652e-12	1481.005808
575.521543	0	0.002990154678	-4.216601088e-14	-4.460646347e-12	1396.99402
575.9718254	0	-0.002902222735	2.629888349e-14	-2.933882143e-12	1483.005804
576.3334993	0	0.002988018166	-8.403997656e-14	-8.953784909e-12	1398.994024
576.7602204	0	-0.002900269099	-1.607111111e-13	1.791649727e-11	1485.005801
577.1454471	0	0.002985886228	9.590083815e-14	1.016976845e-11	1400.994028
577.5486232	0	-0.002898319404	9.705878428e-14	-1.066337606e-11	1487.005797
577.9573864	0	0.002983758846	-2.844493519e-14	-2.62345274e-12	1402.994032
578.3370339	0	-0.002896373635	-2.478194942e-13	2.698150157e-11	1489.005793
578.7693172	0	0.002981636005	-1.521386051e-13	-1.632811467e-11	1404.994037
579.1254522	0	-0.00289443178	4.637875827e-13	-5.057553247e-11	1491.005789
579.5812395	0	0.002979517688	3.063184199e-13	3.220111546e-11	1406.994041
579.9138784	0	-0.002892493826	-3.406361925e-13	3.731272193e-11	1493.005785
580.3931534	0	0.00297740388	-2.536016303e-13	-2.686764737e-11	1408.994045
580.7023123	0	-0.002890559758	-3.991787369e-14	4.166908575e-12	1495.005781
581.2050588	0	0.002975294565	1.826439433e-13	1.919698905e-11	1410.994049
581.4907539	0	-0.002888629566	2.978855012e-13	-3.269704437e-11	1497.005777
582.0169557	0	0.002973189726	-5.441085116e-14	-5.750193642e-12	1412.994054
582.2792033	0	-0.002886703235	1.007320442e-13	-1.083780057e-11	1499.005773
582.8288443	0	0.002971089348	4.418102964e-14	4.56363836e-12	1414.994058
583.0676603	0	-0.002884780752	-3.690704613e-13	4.029345868e-11	1501.00577
583.6407244	0	0.002968993415	3.807085253e-15	1.340175033e-13	1416.994062
583.856125	0	-0.002882862106	1.41393559e-13	-1.560011864e-11	1503.005766
584.4525962	0	0.002966901912	1.881294556e-13	1.995110612e-11	1418.994066
584.6445974	0	-0.002880947282	-5.514239625e-14	6.002854408e-12	1505.005762
585.2644597	0	0.002964814822	-2.933525492e-13	-3.133356437e-11	1420.99407
585.4330774	0	-0.002879036269	2.67105955e-13	-2.937778816e-11	1507.005758
586.0763148	0	0.002962732131	-9.468179448e-15	-8.413226549e-13	1422.994075
586.2215651	0	-0.002877129054	-5.923775936e-13	6.504805151e-11	1509.005754
586.8881615	0	0.002960653822	-6.375443624e-14	-6.392460826e-12	1424.994079
587.0100604	0	-0.002875225624	6.769951037e-13	-7.443701172e-11	1511.00575
587.7	0	0.002958579882	2.163065516e-13	2.310721587e-11	1426.994083
587.7985633	0	-0.002873325967	-3.153057857e-13	3.469279437e-11	1513.005747
588.5118302	0	0.002956510293	-4.090861646e-14	-4.305148524e-12	1428.994087
588.5870738	0	-0.00287143007	-1.654459506e-13	1.819278084e-11	1515.005743
589.3236521	0	0.002954445042	-1.673704424e-15	4.963675295e-14	1430.994091
589.3755918	0	-0.002869537922	-4.430696915e-15	7.783614801e-13	1517.005739
590.1354657	0	0.002952384112	-7.926693474e-14	-8.368303246e-12	1432.994095
590.1641175	0	-0.002867649508	2.550604303e-13	-2.821265906e-11	1519.005735
590.9472712	0	0.00295032749	-1.30384231e-14	-9.113952237e-13	1434.994099
590.9526506	0	-0.002865764819	-9.525767663e-14	1.065864759e-11	1521.005732
591.7411913	0	-0.00286388384	-4.349718039e-15	4.459698692e-13	1523.005728
591.7590684	0	0.002948275159	-4.958113883e-15	-3.072804092e-13	1436.994103
592.5297396	0	-0.00286200656	-1.799504402e-13	1.986867186e-11	1525.005724
592.5708574	0	0.002946227106	-1.808291284e-13	-1.929662945e-11	1438.994108
593.3182953	0	-0.002860132967	1.528816693e-13	-1.662290264e-11	1527.00572
593.3826382	0	0.002944183314	-3.232666032e-14	-3.260253748e-12	1440.994112
594.1068585	0	-0.002858263049	1.598499904e-14	-1.872471738e-12	1529.005717
594.1944108	0	0.00294214377	3.1604227e-13	3.402655314e-11	1442.994116
594.8954292	0	-0.002856396794	-1.371907306e-13	1.544916785e-11	1531.005713
595.0061753	0	0.002940108459	-1.50744257e-13	-1.604746006e-11	1444.99412
595.6840073	0	-0.002854534189	1.281360679e-13	-1.443683179e-11	1533.005709
595.8179317	0	0.002938077366	-1.263552789e-13	-1.350354378e-11	1446.994124
596.4725929	0	-0.002852675224	3.067973657e-13	-3.360200857e-11	1535.005705
596.62968	0	0.002936050476	-3.232766269e-13	-3.451080878e-11	1448.994128
597.2611859	0	-0.002850819885	-1.090335264e-13	1.246810314e-11	1537.005702
597.4414201	0	0.002934027776	3.011559757e-13	3.244781858e-11	1450.994132
598.0497863	0	-0.002848968162	-1.584086502e-13	1.738498342e-11	1539.005698
598.2531522	0	0.00293200925	2.466783115e-13	2.680785401e-11	1452.994136
598.8383942	0	-0.002847120043	3.1377736e-14	-3.654708851e-12	1541.005694
599.0648762	0	0.002929994885	-1.256742326e-13	-1.37332041e-11	1454.99414
599.6270094	0	-0.002845275516	1.124856104e-13	-1.260590556e-11	1543.005691
599.8765922	0	0.002927984665	5.681391969e-14	6.470479376e-12	1456.994144
600.4156319	0	-0.002843434568	-3.260856358e-13	3.647355565e-11	1545.005687
600.6883001	0	0.002925978578	5.151296693e-14	5.816414022e-12	1458.994148
601.2042619	0	-0.00284159719	1.759438525e-13	-1.918244807e-11	1547.005683
601.5	0	0.002923976608	-4.198555804e-13	-4.545031538e-11	1460.994152
601.9928992	0	-0.002839763369	6.053332438e-14	-6.705057294e-12	1549.00568
602.3116919	0	0.002921978742	1.821513912e-13	1.94248868e-11	1462.994156
602.7815438	0	-0.002837933094	-7.666665226e-14	8.318256071e-12	1551.005676
603.1233758	0	0.002919984966	1.787554661e-13	1.953830245e-11	1464.99416
603.5701957	0	-0.002836106353	5.769547236e-14	-6.329515418e-12	1553.005672
603.9350518	0	0.002917995265	1.021661415e-13	1.110320093e-11	1466.994164
604.3588549	0	-0.002834283135	8.947147546e-15	-8.922322935e-13	1555.005669
604.7467198	0	0.002916009626	-1.021624989e-13	-1.063923404e-11	1468.994168
605.1475214	0	-0.002832463429	4.148573341e-15	-5.579060874e-13	1557.005665
605.5583799	0	0.002914028035	-2.816319604e-13	-3.058197028e-11	1470.994172
605.9361952	0	-0.002830647223	-2.336728712e-13	2.599780873e-11	1559.005661
606.370032	0	0.002912050479	2.965655948e-13	3.207980542e-11	1472.994176
606.7248762	0	-0.002828834506	1.683753344e-13	-1.88055501e-11	1561.005658
607.1816763	0	0.002910076943	-9.084031888e-14	-9.772176907e-12	1474.99418
607.5135645	0	-0.002827025268	-1.582590514e-13	1.748670493e-11	1563.005654
607.9933127	0	0.002908107414	3.01171531e-13	3.250885197e-11	1476.994184
608.30226	0	-0.002825219496	-8.578541346e-14	9.630589309e-12	1565.00565
608.8049412	0	0.002906141879	-1.241389707e-13	-1.368410547e-11	1478.994188
609.0909628	0	-0.002823417181	-1.26074583e-13	1.403286119e-11	1567.005647
609.6165618	0	0.002904180324	-9.047400358e-14	-9.946227367e-12	1480.994192
609.8796727	0	-0.00282161831	4.237885394e-13	-4.737986419e-11	1569.005643
610.4281746	0	0.002902222735	2.252093507e-13	2.471267085e-11	1482.994196
610.6683898	0	-0.002819822873	-1.13464481e-13	1.284198359e-11	1571.00564
611.2397796	0	0.002900269099	-6.596821106e-15	-9.266325861e-13	1484.994199
611.4571141	0	-0.00281803086	-9.16163259e-14	1.022027398e-11	1573.005636
612.0513768	0	0.002898319404	-1.82573568e-14	-1.859359152e-12	1486.994203
612.2458456	0	-0.002816242258	1.210272395e-13	-1.366867072e-11	1575.005632
612.8629661	0	0.002896373635	-2.67456421e-13	-2.915415479e-11	1488.994207
613.0345842	0	-0.002814457058	1.823807971e-14	-2.041372408e-12	1577.005629
613.6745478	0	0.00289443178	7.156808633e-14	7.837499409e-12	1490.994211
613.8233299	0	-0.002812675248	9.80433035e-14	-1.121468856e-11	1579.005625
614.4861216	0	0.002892493826	5.67589519e-14	6.179136603e-12	1492.994215
614.6120828	0	-0.002810896819	-1.143217736e-13	1.295115114e-11	1581.005622
615.2976877	0	0.002890559758	7.261340016e-14	7.930413606e-12	1494.994219
615.4008427	0	-0.002809121758	-1.017461091e-13	1.141673707e-11	1583.005618
616.1092461	0	0.002888629566	7.884148142e-14	8.605172367e-12	1496.994223
616.1896098	0	-0.002807350056	8.007417042e-14	-9.039630675e-12	1585.005615
616.9207967	0	0.002886703235	-1.208424709e-13	-1.328791895e-11	1498.994227
616.9783839	0	-0.002805581702	-2.718781205e-13	3.046562288e-11	1587.005611
617.7323397	0	0.002884780752	-2.026288987e-13	-2.198930865e-11	1500.99423
617.7671651	0	-0.002803816686	3.741852532e-13	-4.2106557e-11	1589.005608
618.543875	0	0.002882862106	5.446680543e-14	5.953189993e-12	1502.994234
618.5559534	0	-0.002802054996	1.067697951e-13	-1.228442882e-11	1591.005604
619.3447487	0	-0.002800296623	-6.130659859e-14	6.819586556e-12	1593.005601
619.3554026	0	0.002880947282	2.385790668e-14	2.277775864e-12	1504.994238
620.133551	0	-0.002798541556	1.060692837e-14	-1.218486854e-12	1595.005597
620.1669226	0	0.002879036269	-1.521212017e-13	-1.690650495e-11	1506.994242
620.9223603	0	-0.002796789785	-1.064622175e-13	1.217433891e-11	1597.005594
620.9784349	0	0.002877129054	1.072783937e-13	1.189409529e-11	1508.994246
621.7111767	0	-0.0027950413	-2.354286047e-13	2.659425785e-11	1599.00559
621.7899396	0	0.002875225624	2.269697646e-13	2.486340822e-11	1510.99425
622.5	0	-0.002793296089	1.071957994e-13	-1.231139201e-11	1601.005587
622.6014367	0	0.002873325967	-4.608951111e-14	-5.034609422e-12	1512.994253
623.2888303	0	-0.002791554144	1.587197824e-13	-1.79563798e-11	1603.005583
623.4129262	0	0.00287143007	-1.567532417e-13	-1.696053355e-11	1514.994257
624.0776676	0	-0.002789815454	-1.547969507e-13	1.766819261e-11	1605.00558
624.2244082	0	0.002869537922	1.621574572e-13	1.774240033e-11	1516.994261
624.8665118	0	-0.002788080008	1.123873002e-13	-1.244583495e-11	1607.005576
625.0358825	0	0.002867649508	-1.771625126e-13	-1.939207988e-11	1518.994265
625.6553629	0	-0.002786347797	-1.371047655e-13	1.566791941e-11	1609.005573
625.8473494	0	0.002865764819	-1.247092713e-13	-1.36676717e-11	1520.994268
626.444221	0	-0.002784618811	1.447855229e-13	-1.625686828e-11	1611.005569
626.6588087	0	0.00286388384	3.008437405e-13	3.324478066e-11	1522.994272
627.233086	0	-0.002782893039	-3.675977342e-16	-5.158256504e-15	1613.005566
627.4702604	0	0.00286200656	-1.325766661e-13	-1.4604302e-11	1524.994276
628.0219578	0	-0.002781170472	1.489497482e-13	-1.737209743e-11	1615.005562
628.2817047	0	0.002860132967	-3.185941452e-14	-3.623898292e-12	1526.99428
628.8108366	0	-0.002779451099	-1.537936601e-13	1.760870364e-11	1617.005559
629.0931415	0	0.002858263049	5.823043927e-14	6.914372848e-12	1528.994283
629.5997222	0	-0.002777734912	-5.399439332e-14	6.220174871e-12	1619.005555
629.9045708	0	0.002856396794	-6.337907219e-14	-7.034868755e-12	1530.994287
630.3886147	0	-0.002776021899	2.77059136e-13	-3.120270689e-11	1621.005552
630.7159927	0	0.002854534189	-9.622061498e-15	-1.019168842e-12	1532.994291
631.177514	0	-0.002774312052	-2.745068387e-13	3.13328375e-11	1623.005549
631.5274071	0	0.002852675224	9.435243974e-14	1.044474294e-11	1534.994295
631.9664202	0	-0.002772605361	1.101652205e-14	-1.179920526e-12	1625.005545
632.3388141	0	0.002850819885	-3.156506969e-13	-3.482726302e-11	1536.994298
632.7553332	0	-0.002770901815	3.345955257e-13	-3.805986348e-11	1627.005542
633.1502137	0	0.002848968162	4.318837376e-13	4.800032368e-11	1538.994302
633.544253	0	-0.002769201406	-1.070381691e-13	1.24226969e-11	1629.005538
