400	2j, with total spin j
1000	maximum n (fock state) that is contained in truncated Hamiltonian
0.7853981634	delta
0	gamma
1e-08	tolerance
101	Number of gammas
0.9	gamma_min
1.1	gamma_max
0.9
0.9045245424
0.9090033939
0.9134389753
0.9178336428
0.9221896913
0.9265093585
0.9307948278
0.935048232
0.9392716564
0.9434671421
0.9476366888
0.9517822581
0.9559057762
0.9600091369
0.9640942043
0.9681628155
0.9722167833
0.9762578988
0.9802879339
0.9843086439
0.9883217702
0.9923290422
0.9963321802
1.000332898
1.004332904
1.008333905
1.012337609
1.016345725
1.020359968
1.024382061
1.028413736
1.032456736
1.036512821
1.040583766
1.044671368
1.048777443
1.052903834
1.05705241
1.06122507
1.065423747
1.069650407
1.073907056
1.07819574
1.08251855
1.086877623
1.091275146
1.095713361
