200.326	0.228267
200.385	0.0588625
200.596	0.211229
200.732	0.136278
200.758	0.0255006
200.784	0.0258895
200.795	0.0108648
201.112	0.317447
201.36	0.247992
201.39	0.0295308
201.592	0.201813
201.719	0.127046
201.752	0.033449
201.772	0.0197502
201.782	0.0102992
202.126	0.344422
202.394	0.267664
202.394	0.000277357
202.587	0.19242
202.705	0.117835
202.72	0.0155481
202.749	0.028616
202.806	0.0572362
203.141	0.33467
203.399	0.258383
203.428	0.0288986
203.582	0.154151
203.689	0.106333
203.691	0.00231291
203.726	0.0351496
203.83	0.104058
204.155	0.324943
204.404	0.24885
204.462	0.0579977
204.578	0.115705
204.657	0.0793449
204.677	0.0201342
204.703	0.0261556
204.854	0.150764
205.169	0.315242
205.408	0.239341
205.496	0.0870204
205.573	0.0773586
205.625	0.0524173
205.663	0.0379161
205.68	0.0171818
205.878	0.197357
206.183	0.305566
206.413	0.229856
206.529	0.115967
206.568	0.0391102
206.594	0.0255502
206.649	0.0556589
206.658	0.00822809
206.902	0.243837
207.197	0.295916
207.418	0.220395
207.562	0.144542
207.563	0.000297465
207.564	0.000959342
207.635	0.0714004
207.636	0.000705558
207.925	0.289499
208.212	0.28629
208.422	0.210957
208.531	0.108538
208.559	0.0280041
208.596	0.0370947
208.612	0.0163098
208.622	0.00961934
208.949	0.326841
209.226	0.27669
209.427	0.201543
209.5	0.0726155
209.554	0.0546921
209.59	0.0354493
209.608	0.0185134
209.629	0.0210899
209.972	0.343002
210.24	0.267114
210.432	0.192152
210.469	0.0367739
210.55	0.0813212
210.567	0.0175344
210.595	0.0273878
210.663	0.0679929
210.996	0.33326
211.254	0.257562
211.436	0.182784
211.437	0.00101263
211.545	0.107552
211.545	0.000340309
211.581	0.0359024
211.696	0.114781
212.019	0.323544
212.268	0.248035
212.406	0.13877
212.441	0.0346688
212.523	0.0815602
212.541	0.0181752
212.568	0.0269031
212.729	0.161454
213.043	0.313854
213.281	0.238532
213.375	0.0938461
213.446	0.070271
213.5	0.0546174
213.536	0.0359706
213.554	0.0179241
213.762	0.208013
214.066	0.304188
214.295	0.229053
214.344	0.0490231
214.45	0.105795
214.478	0.0277352
214.532	0.0537266
214.541	0.00896532
214.795	0.25446
215.09	0.294548
215.309	0.219598
215.313	0.00430081
215.455	0.14124
215.456	0.000913306
215.527	0.0714436
215.527	2.66001e-05
215.828	0.300795
216.113	0.284933
216.283	0.169844
216.323	0.0403215
216.433	0.110437
216.459	0.0258487
216.514	0.0543809
216.523	0.00889219
216.861	0.338127
217.136	0.275342
217.252	0.115913
217.337	0.0848445
217.411	0.0745018
217.464	0.0525513
217.5	0.036419
217.518	0.0177912
217.893	0.375341
218.159	0.265776
218.221	0.062103
218.351	0.129269
218.389	0.0386475
218.468	0.0791948
218.487	0.0184975
218.514	0.0266705
218.926	0.412466
219.182	0.256234
219.191	0.00841444
219.364	0.173595
219.367	0.00287379
219.473	0.10578
219.474	0.000616235
219.509	0.0355303
219.959	0.449501
220.16	0.201563
220.205	0.0451539
220.345	0.13985
220.378	0.03282
220.46	0.0822611
220.477	0.0172251
220.505	0.0271455
220.991	0.486448
221.13	0.13862
221.228	0.0986029
221.323	0.0949192
221.392	0.0684344
221.447	0.0553136
221.482	0.0350269
221.5	0.0181649
222.023	0.523306
222.099	0.0758203
222.251	0.151933
222.301	0.0500895
222.405	0.10397
222.434	0.0284268
222.486	0.0527892
222.496	0.00920446
223.056	0.560078
223.069	0.0131616
223.274	0.205146
223.279	0.00536061
223.419	0.139427
223.42	0.00160033
223.491	0.0705125
223.491	0.000264125
224.039	0.547406
224.088	0.0493565
224.258	0.169616
224.297	0.0392683
224.407	0.110372
224.432	0.0251662
224.487	0.0543744
224.495	0.00865626
225.008	0.51297
225.12	0.111735
225.236	0.115687
225.32	0.0837978
225.394	0.0744375
225.446	0.0518733
225.482	0.0364126
225.5	0.0175568
225.978	0.478342
226.152	0.173975
226.214	0.0618803
226.342	0.128229
226.381	0.038584
226.459	0.0785212
226.478	0.0184912
226.504	0.0264377
226.948	0.443787
227.184	0.236077
227.192	0.00819423
227.365	0.172561
227.368	0.00281092
227.473	0.10511
227.473	0.00060995
227.509	0.0352991
227.918	0.409304
228.171	0.252671
228.216	0.0453717
228.355	0.138543
228.388	0.0328822
228.469	0.0815277
228.486	0.0172314
228.513	0.0269096
228.888	0.374892
229.149	0.261054
229.248	0.0988182
229.342	0.0936209
229.41	0.0684959
229.465	0.0545852
229.5	0.035033
229.518	0.0179305
229.858	0.340552
230.128	0.269421
230.28	0.152146
230.329	0.0488005
230.433	0.104031
230.46	0.0277034
230.513	0.0527953
230.522	0.00897168
230.828	0.306282
231.106	0.277771
231.311	0.205356
231.316	0.00408066
231.455	0.139487
231.456	0.000881876
231.526	0.0705185
231.527	3.28841e-05
231.799	0.272083
232.085	0.286106
232.303	0.21791
232.343	0.0405392
232.452	0.108447
232.477	0.0258798
232.531	0.053437
232.54	0.00888598
232.769	0.229067
233.063	0.294424
233.29	0.226367
233.375	0.0850598
233.447	0.0725255
233.5	0.0525821
233.535	0.0354814
233.553	0.017785
233.739	0.186108
234.042	0.302726
234.277	0.234806
234.406	0.129482
234.443	0.0366849
234.522	0.0792252
234.54	0.0175662
234.566	0.0266644
234.71	0.143237
235.021	0.311012
235.264	0.243229
235.438	0.173806
235.439	0.000924588
235.544	0.105501
235.544	0.000308879
235.58	0.0352154
235.68	0.100454
235.999	0.319282
236.251	0.251635
236.434	0.183277
236.469	0.0347559
236.548	0.0794359
236.567	0.0181441
236.593	0.0262206
236.651	0.0577594
236.978	0.327536
237.238	0.260024
237.43	0.191805
237.5	0.0703571
237.553	0.0525073
237.589	0.0359398
237.606	0.017246
237.621	0.0151513
237.957	0.335775
238.225	0.268397
238.426	0.200317
238.531	0.10588
238.557	0.0256392
238.592	0.0346176
238.611	0.0190786
238.619	0.00829167
238.936	0.316628
239.212	0.276754
239.421	0.208811
239.561	0.140155
239.562	0.000964961
239.563	0.000203802
239.632	0.0696021
239.633	0.000642688
239.915	0.281758
240.2	0.285094
240.417	0.217288
240.533	0.116152
240.566	0.0326212
240.594	0.027917
240.645	0.0516179
240.655	0.00955716
240.894	0.238685
241.187	0.293418
241.413	0.225748
241.504	0.0912328
241.57	0.0661412
241.625	0.054606
241.658	0.0336742
241.677	0.0184519
241.873	0.195702
242.174	0.301726
242.408	0.234192
242.475	0.0663612
242.574	0.0995954
242.656	0.0812361
242.671	0.0157707
242.699	0.027327
242.852	0.152808
243.162	0.310018
243.404	0.242618
243.446	0.0415374
243.579	0.132984
243.684	0.105715
243.687	0.00209276
243.721	0.0340898
243.831	0.110002
244.149	0.318295
244.4	0.251028
244.417	0.0167609
244.583	0.166308
244.697	0.114404
244.717	0.0199165
244.742	0.0251023
244.81	0.067284
245.136	0.326555
245.388	0.251453
245.396	0.00796834
245.587	0.191599
245.71	0.123076
245.748	0.0377008
245.764	0.016135
245.789	0.0246529
246.124	0.3348
246.359	0.235147
246.391	0.0326507
246.592	0.200112
246.723	0.131729
246.768	0.0447422
246.779	0.0107037
246.786	0.00718777
247.111	0.325137
247.33	0.218871
247.387	0.0572865
247.596	0.208608
247.736	0.140364
247.747	0.0110628
247.808	0.0603498
247.809	0.00173952
248.098	0.289153
248.301	0.202626
248.383	0.0818759
248.6	0.217086
248.727	0.126431
248.749	0.0225499
248.829	0.0801727
248.84	0.010647
249.086	0.24607
249.272	0.18641
249.379	0.106419
249.604	0.225547
249.706	0.101484
249.762	0.0560962
249.851	0.0889139
249.87	0.0195348
250.073	0.203078
250.244	0.170224
250.375	0.130917
250.609	0.233992
250.685	0.0765849
250.775	0.0895766
250.872	0.0976366
250.901	0.028403
251.061	0.160174
251.215	0.154068
251.37	0.155369
251.613	0.242419
251.665	0.0517338
251.788	0.122992
251.894	0.106341
251.931	0.0372519
252.048	0.117358
252.186	0.137941
252.366	0.179775
252.617	0.25083
252.644	0.0269304
252.8	0.156341
252.915	0.115027
252.961	0.0460814
253.036	0.0746299
253.158	0.121843
253.362	0.204137
253.621	0.259225
253.623	0.00217428
253.813	0.189626
253.937	0.123694
253.992	0.0548918
254.024	0.0319891
254.129	0.105774
254.358	0.228453
254.603	0.245068
254.625	0.0225347
254.826	0.200312
254.958	0.132343
255.011	0.0531181
255.022	0.010565
255.101	0.0791697
255.354	0.252725
255.582	0.228767
255.63	0.0471969
255.838	0.208806
255.979	0.140975
255.999	0.0194225
256.052	0.053033
256.073	0.0206908
256.35	0.276953
256.562	0.212496
256.634	0.0718126
256.851	0.217283
256.986	0.135382
257.001	0.0142063
257.044	0.0435351
257.082	0.037674
257.345	0.263463
257.542	0.196256
257.638	0.0963819
257.864	0.225744
257.974	0.110415
258.016	0.0417875
258.022	0.00598116
258.112	0.089944
258.341	0.229351
258.521	0.180045
258.642	0.120905
258.876	0.234187
258.962	0.0854962
258.988	0.0258619
259.043	0.0554031
259.142	0.0986604
259.337	0.195309
259.501	0.163864
259.646	0.145383
259.889	0.242613
259.95	0.0606257
259.96	0.00996449
260.064	0.104731
260.172	0.107358
260.333	0.161336
260.481	0.147713
260.65	0.169815
260.902	0.251023
260.931	0.029898
260.937	0.00590493
261.085	0.148061
261.201	0.116038
261.329	0.127431
261.46	0.131591
261.655	0.194202
261.903	0.248697
261.914	0.0107188
261.925	0.0110276
262.106	0.181362
