200.142	0.142028
200.228	0.0864095
200.236	0.00783763
200.268	0.0316517
200.28	0.0119439
200.282	0.00248207
200.511	0.22823
200.559	0.0480125
200.803	0.24415
200.901	0.0977956
201	0.0994583
201.15	0.149977
201.245	0.0948552
201.252	0.00746149
201.269	0.0171253
201.307	0.0371457
201.312	0.00583791
201.473	0.160325
201.543	0.0703595
201.795	0.251848
201.87	0.0751064
202	0.129959
202.158	0.157906
202.222	0.0638862
202.268	0.0464791
202.31	0.0420195
202.331	0.0204229
202.345	0.014135
202.435	0.0901095
202.528	0.0926573
202.787	0.259527
202.84	0.0524688
203	0.160389
203.166	0.165814
203.199	0.0329913
203.284	0.0854019
203.351	0.0668456
203.377	0.0261559
203.397	0.020065
203.512	0.114906
203.779	0.267188
203.809	0.0298826
204	0.190749
204.174	0.173704
204.176	0.00216988
204.3	0.12423
204.36	0.0595718
204.379	0.0191484
204.392	0.0128839
204.409	0.0177774
204.497	0.0872966
204.772	0.274831
204.779	0.00734739
205	0.221039
205.153	0.152995
205.182	0.0285785
205.316	0.134387
205.322	0.00620193
205.403	0.0806251
205.432	0.0294687
205.442	0.00942223
205.481	0.0397422
205.749	0.267319
205.764	0.0151372
206	0.236123
206.13	0.130169
206.189	0.0592544
206.285	0.0953095
206.332	0.0470441
206.427	0.0949126
206.466	0.0394053
206.473	0.00660289
206.474	0.00109015
206.719	0.2448
206.756	0.0375715
207	0.243841
207.107	0.107396
207.197	0.0898583
207.247	0.0501328
207.348	0.100167
207.451	0.102977
207.451	0.000273953
207.506	0.0550099
207.513	0.007219
207.689	0.17547
207.748	0.0599558
208	0.251541
208.085	0.0846748
208.205	0.120391
208.21	0.00505836
208.363	0.153168
208.436	0.072259
208.474	0.0387618
208.538	0.0634475
208.553	0.0155054
208.658	0.105222
208.741	0.0822904
209	0.259222
209.062	0.0620059
209.173	0.110938
209.213	0.0399146
209.379	0.166133
209.42	0.0413412
209.498	0.0777025
209.57	0.0715896
209.593	0.0237693
209.629	0.0351454
209.733	0.104576
210	0.266885
210.039	0.0393887
210.136	0.0964563
210.221	0.0847868
210.395	0.174019
210.405	0.0104971
210.522	0.116549
210.599	0.0769597
210.601	0.00275049
210.633	0.0320108
210.725	0.0920509
211	0.274531
211.017	0.0168228
211.099	0.0820053
211.228	0.129559
211.39	0.161613
211.41	0.0202738
211.545	0.135028
211.569	0.0235403
211.633	0.0642692
211.673	0.0402301
211.718	0.0445006
211.994	0.276466
212	0.00569227
212.062	0.0618919
212.236	0.174231
212.375	0.138762
212.426	0.050972
212.539	0.113235
212.569	0.0297548
212.665	0.0958878
212.71	0.0454967
212.713	0.00293068
212.972	0.258681
213	0.0281567
213.025	0.0250361
213.244	0.218805
213.36	0.115965
213.441	0.0815981
213.509	0.0680049
213.592	0.0829265
213.696	0.103945
213.703	0.00635908
213.753	0.0502437
213.949	0.196546
213.988	0.0388311
214	0.0117399
214.252	0.251541
214.345	0.0932198
214.457	0.112152
214.48	0.0228775
214.616	0.135976
214.695	0.0792986
214.728	0.0326829
214.793	0.0647566
214.927	0.13456
214.952	0.0244987
215	0.0484366
215.259	0.259222
215.33	0.070527
215.45	0.120488
215.472	0.022148
215.639	0.166755
215.688	0.0483675
215.759	0.0716299
215.832	0.0728889
215.905	0.0727239
215.915	0.0101956
216	0.0850545
216.267	0.266885
216.315	0.0478859
216.421	0.105976
216.488	0.0670722
216.662	0.174637
216.68	0.0175101
216.79	0.110483
216.871	0.0809998
216.878	0.00695639
216.882	0.00407847
217	0.117516
217.275	0.274531
217.3	0.0252963
217.391	0.0914949
217.503	0.111896
217.672	0.169226
217.686	0.013274
217.822	0.135968
217.842	0.0202584
217.86	0.0183237
217.911	0.0505076
218	0.0892246
218.282	0.282158
218.285	0.00275787
218.362	0.0770439
218.519	0.15662
218.665	0.146358
218.709	0.0439853
218.806	0.0966365
218.838	0.0325401
218.853	0.0147461
218.95	0.0971584
219	0.0499957
219.27	0.270038
219.29	0.0197298
219.333	0.0428931
219.534	0.201244
219.657	0.123543
219.732	0.0746245
219.769	0.0371789
219.816	0.0467281
219.884	0.0679506
219.989	0.105206
220	0.010863
220.255	0.255193
220.297	0.0421671
220.303	0.00606462
220.549	0.24577
220.65	0.100781
220.733	0.0830445
220.755	0.0221473
220.794	0.0387404
220.915	0.121032
221	0.0850595
221.028	0.0281742
221.24	0.212207
221.274	0.0338703
221.305	0.0306841
221.564	0.259514
221.643	0.0780707
221.697	0.0543449
221.772	0.0750191
221.778	0.0063241
221.946	0.167668
222	0.0541239
222.067	0.0671166
222.226	0.158484
222.245	0.0195383
222.312	0.0673536
222.58	0.267175
222.635	0.0554126
222.661	0.025704
222.75	0.0891225
222.801	0.051287
222.977	0.175544
223	0.023262
223.106	0.105965
223.211	0.104888
223.216	0.00523554
223.32	0.103944
223.595	0.274819
223.625	0.0299278
223.628	0.00287832
223.728	0.10032
223.824	0.0961491
224	0.175873
224.008	0.00752661
224.145	0.137193
224.187	0.0423795
224.196	0.00903807
224.328	0.131419
224.589	0.261293
224.61	0.0211518
224.62	0.0102508
224.706	0.0858433
224.847	0.140911
225	0.152995
225.038	0.0382425
225.158	0.119928
225.181	0.0232827
225.183	0.00192854
225.335	0.15168
225.553	0.217929
225.613	0.059869
225.625	0.0122536
225.684	0.0591434
225.87	0.185573
226	0.130169
226.069	0.0688863
226.129	0.0604158
226.167	0.0374986
226.222	0.055151
226.343	0.1206
226.517	0.174657
226.605	0.0882781
226.64	0.0347075
226.662	0.0222734
226.893	0.230137
227	0.107396
227.099	0.0994583
227.1	0.00103538
227.152	0.051686
227.26	0.108251
227.35	0.0895938
227.481	0.131474
227.598	0.11663
227.641	0.0425946
227.655	0.0145166
227.915	0.260086
228	0.0846748
228.072	0.0717449
228.13	0.0582143
228.138	0.00763057
228.299	0.161228
228.357	0.058662
228.446	0.0883805
228.591	0.144925
228.619	0.028238
228.67	0.0512271
228.938	0.267743
229	0.0620059
229.043	0.0430553
229.123	0.0799755
229.16	0.0373585
229.337	0.176726
229.365	0.0278038
229.41	0.0453756
229.583	0.173164
229.597	0.0139109
229.685	0.0878586
229.961	0.275383
230	0.0393887
230.014	0.0144245
230.109	0.0940781
230.191	0.0822467
230.372	0.181593
230.375	0.00245898
230.375	0.000522291
230.576	0.200438
230.576	0.000386934
230.7	0.124025
230.983	0.283004
230.986	0.00267505
231	0.0141477
231.094	0.094005
231.221	0.127034
231.339	0.118339
231.38	0.0403701
231.413	0.0336938
231.554	0.140755
231.569	0.0146556
231.715	0.146231
231.957	0.242254
232	0.0426618
232.006	0.00569227
232.08	0.0738455
232.251	0.171723
232.304	0.0527668
232.387	0.083112
232.451	0.0643342
232.533	0.0812043
232.562	0.0288954
232.73	0.168389
232.929	0.19892
233	0.0711182
233.028	0.0281567
233.065	0.036944
233.269	0.203645
233.281	0.0126665
233.395	0.113101
233.489	0.094903
233.511	0.0217857
233.554	0.0431064
233.745	0.190498
233.9	0.155676
234	0.099517
234.051	0.050571
234.051	0.000122813
234.234	0.182841
234.311	0.0779614
234.402	0.0903753
234.49	0.0878989
234.527	0.0375019
234.547	0.0197868
234.76	0.21256
234.872	0.112522
235	0.127859
235.036	0.0363166
235.073	0.0366187
235.198	0.125458
235.342	0.143119
235.409	0.0677016
235.468	0.0591686
235.54	0.0714427
235.565	0.0252167
235.774	0.209357
235.844	0.069457
236	0.156144
236.022	0.0219691
236.095	0.073281
236.163	0.0680714
236.371	0.20814
236.417	0.0450796
236.447	0.0304974
236.533	0.0855683
236.603	0.0701192
236.789	0.186421
236.816	0.0264806
237	0.184373
237.008	0.007651
237.118	0.109865
237.128	0.0108025
237.401	0.273025
237.424	0.0225088
237.426	0.00188508
237.525	0.0996659
237.64	0.114921
237.787	0.147131
237.804	0.0164078
237.993	0.189499
238	0.0066378
238.093	0.0933831
238.14	0.0463491
238.404	0.264746
238.431	0.0266689
238.431	1.11466e-05
238.518	0.0870556
238.678	0.159624
238.759	0.0815002
238.819	0.0592087
238.979	0.160556
239	0.0208975
239.059	0.0585162
239.162	0.103384
239.383	0.221362
239.438	0.0551647
239.461	0.0224805
239.511	0.0501323
239.715	0.204228
239.731	0.0160093
239.833	0.101923
239.965	0.131672
240	0.0351283
240.024	0.0237168
240.184	0.160303
240.362	0.178069
240.446	0.0836029
240.491	0.0448997
240.504	0.0132893
240.703	0.19939
240.753	0.049343
240.848	0.0952071
240.951	0.102849
240.989	0.038315
241	0.0110153
241.206	0.206092
241.341	0.134865
241.453	0.111984
241.497	0.0437951
241.52	0.0234739
241.675	0.155109
241.79	0.114557
241.862	0.0725341
241.936	0.0740859
241.954	0.0178231
242	0.0456807
242.228	0.228116
242.32	0.0917512
242.46	0.140307
242.49	0.0294309
242.55	0.0601577
242.647	0.0976584
242.827	0.179635
242.877	0.0499127
242.92	0.0427512
242.922	0.00263066
243	0.0776489
243.25	0.250093
243.299	0.0487262
243.467	0.168574
243.482	0.0150963
243.579	0.0967628
243.62	0.0403261
243.864	0.244576
243.885	0.0210327
243.891	0.00630975
243.908	0.0167369
244	0.0917657
244.272	0.272023
244.278	0.00578954
244.475	0.196785
244.475	0.000791149
244.592	0.116401
244.609	0.0168886
244.851	0.242043
244.894	0.043425
244.901	0.00702645
244.906	0.00482306
