200.4255542	0	4.30211422e-15	1.186130393e-13	-6.973541492e-12	411
200.4497475	0	-6.383782392e-16	-4.721226403e-14	-2.748037607e-12	391
201.4132525	0	8.326672685e-15	-1.416931202e-13	8.136016144e-12	413
201.4623583	0	2.525757381e-15	4.282556157e-14	2.42426522e-12	393
202.4009805	0	-8.298917109e-15	-3.761744395e-14	2.291148947e-12	415
202.4749372	0	8.493206138e-15	-7.284614739e-14	-3.740038284e-12	395
203.3887379	0	-3.469446952e-15	1.151924348e-13	-6.290268536e-12	417
203.4874843	0	-3.885780586e-16	-4.596223276e-14	-2.599375802e-12	397
204.3765246	0	-4.440892099e-16	-6.487799451e-14	4.015663676e-12	419
204.5	0	-4.857225733e-15	1.062968247e-13	5.92235426e-12	399
205.3643404	0	3.275157923e-15	5.089494518e-14	-2.861768648e-12	421
205.5124844	0	-2.386979503e-15	3.249793686e-14	1.951148735e-12	401
206.3521849	0	-2.609024108e-15	-3.058734805e-14	1.592229151e-12	423
206.5249378	0	-1.387778781e-15	-1.507823105e-14	-2.891295655e-13	403
207.3400581	0	1.665334537e-16	5.443062784e-16	-2.65801688e-13	425
207.5373604	0	-4.218847494e-15	-2.245948667e-14	-1.825071825e-12	405
208.3279598	0	-1.58206781e-15	8.364902684e-14	-4.923233349e-12	427
208.5497525	0	1.265654248e-14	3.251877002e-14	1.582586052e-12	407
209.3158897	0	4.718447855e-16	-1.028886437e-13	5.591533777e-12	429
209.5621142	0	9.298117831e-15	-7.077640688e-14	-3.597217735e-12	409
210.3038476	0	-3.275157923e-15	2.55299934e-14	-1.548018364e-12	431
210.5744458	0	-4.080069615e-15	-2.579427519e-15	-2.868297686e-13	411
211.2918333	0	9.211241103e-30	-4.101615553e-14	2.661624621e-12	433
211.5867475	0	-8.604228441e-15	3.522297327e-15	-1.647972796e-13	413
212.2798467	0	-7.327471963e-15	6.567811336e-14	-4.616738402e-12	435
212.5990195	0	7.771561172e-15	4.985639436e-14	3.276415256e-12	415
213.2678876	0	-2.636779683e-15	-6.965977072e-14	3.888073261e-12	437
213.6112621	0	3.60822483e-15	-7.441244604e-14	-4.127076648e-12	417
214.2559558	0	1.33226763e-15	7.849767401e-14	-4.820450859e-12	439
214.6234754	0	3.885780586e-16	5.227144682e-14	3.162132891e-12	419
215.244051	0	2.414735079e-15	-1.107949051e-13	6.676083401e-12	441
215.6356596	0	-2.72004641e-15	-2.193195939e-15	2.847451263e-13	421
216.2321731	0	8.132383655e-15	-2.939892411e-14	1.229819752e-12	443
216.6478151	0	2.747801986e-15	-3.282891676e-15	-4.510077913e-13	423
217.220322	0	7.716050021e-15	6.248397586e-14	-3.729483389e-12	445
217.6599419	0	-6.629229626e-27	-5.889273691e-14	-3.727579928e-12	425
218.2084974	0	-3.025357742e-15	2.748714212e-14	-1.63452112e-12	447
218.6720402	0	1.554312234e-15	3.698044435e-14	1.80721971e-12	427
219.1966991	0	-1.373900993e-14	1.39274305e-13	-7.932236731e-12	449
219.6841103	0	-3.330669074e-16	-3.607388301e-15	-2.52119166e-13	429
220.1849271	0	-3.913536162e-15	-1.703872368e-13	1.019026534e-11	451
220.6961524	0	3.275157923e-15	7.292293038e-14	4.492388059e-12	431
221.1731811	0	-4.385380947e-15	1.002689709e-13	-6.34345566e-12	453
221.7081667	0	-4.163336342e-16	-8.926737255e-14	-5.877626682e-12	433
222.1614609	0	-1.693090113e-15	-6.015279735e-14	4.149547626e-12	455
222.7201533	0	6.827871601e-15	7.666631386e-14	4.227867413e-12	435
223.1497664	0	3.858025011e-15	5.43580948e-14	-3.554411891e-12	457
223.7321124	0	2.359223927e-15	-3.187977173e-14	-2.059206472e-12	437
224.1380974	0	1.396105453e-14	-4.920139895e-14	2.959478734e-12	459
224.7440442	0	-1.443289932e-15	-4.223739979e-15	-1.856766467e-13	439
225.1264537	0	1.804112415e-15	-5.134530817e-14	2.963323484e-12	461
225.755949	0	-2.636779683e-15	2.443817123e-14	1.031960554e-12	441
226.1148352	0	-1.970645869e-14	4.496320315e-14	-2.556990415e-12	463
226.7678269	0	-7.938094626e-15	-2.262070565e-14	-1.337252529e-12	443
227.1032417	0	-1.026956298e-15	-6.364530731e-15	1.046392512e-13	465
227.779678	0	-8.160139231e-15	2.397025483e-15	-4.922760087e-14	445
228.0916731	0	-4.801714582e-15	-5.613536753e-14	3.461533182e-12	467
228.7915026	0	3.16413562e-15	1.843883371e-14	1.223187823e-12	447
229.0801292	0	-4.30211422e-15	3.909466198e-14	-2.516503198e-12	469
229.8033009	0	1.323940957e-14	4.847529668e-14	2.813552147e-12	449
230.0686098	0	6.106226635e-15	4.693107601e-14	-3.405715884e-12	471
230.8150729	0	4.024558464e-15	-7.690344089e-14	-4.649309085e-12	451
231.0571147	0	1.443289932e-15	-9.253945694e-14	5.610158411e-12	473
231.8268189	0	4.635181128e-15	7.484362698e-14	5.035471584e-12	453
232.0456439	0	3.60822483e-16	4.058125886e-14	-3.039022629e-12	475
232.8385391	0	1.970645869e-15	1.262713395e-14	7.254617088e-13	455
233.0341972	0	2.053912596e-15	-8.130463165e-15	2.375067077e-13	477
233.8502336	0	-3.774758284e-15	-4.914344619e-14	-2.806603309e-12	457
234.0227744	0	-1.554312234e-15	7.701038982e-15	-5.880572872e-13	479
234.8619026	0	-1.346145417e-14	-1.977582522e-14	-1.382377831e-12	459
235.0113754	0	4.884981308e-15	-1.795567588e-14	6.545588987e-13	481
235.8735463	0	-1.748601264e-15	-4.633564875e-14	-2.917687906e-12	461
236	0	-8.326672685e-15	1.237195369e-15	-1.7746723e-13	483
236.8851648	0	1.940114736e-14	7.899287082e-14	4.419054289e-12	463
236.9886481	0	-3.080868893e-15	-5.918919714e-14	3.744020396e-12	485
237.8967583	0	1.082467449e-15	-4.55978412e-14	-2.550962111e-12	465
237.9773195	0	-4.718447855e-15	2.768290775e-14	-2.344840969e-12	487
238.9083269	0	4.718447855e-15	-2.912719783e-14	-1.935365304e-12	467
238.9660141	0	1.02418074e-14	8.81130778e-14	-5.420397497e-12	489
239.9198708	0	4.080069615e-15	5.05723946e-14	2.764076384e-12	469
239.9547317	0	3.663735981e-15	-7.857258338e-14	4.90501065e-12	491
240.9313902	0	-5.995204333e-15	-5.898291792e-14	-3.760661928e-12	471
240.9434723	0	-4.246603069e-15	-8.613826278e-14	5.206323842e-12	493
241.9322356	0	-7.244205236e-15	1.304011617e-13	-7.844846766e-12	495
241.9428853	0	-1.748601264e-15	5.07572665e-14	2.652354989e-12	473
242.9210216	0	-2.248201625e-15	-3.086701859e-14	2.148958156e-12	497
242.9543561	0	-3.885780586e-16	5.867219905e-14	3.471286332e-12	475
243.9098301	0	4.690692279e-15	8.648838086e-14	-5.415352455e-12	499
243.9658028	0	-2.331468352e-15	-1.06162474e-13	-6.82293054e-12	477
244.8986609	0	1.637578961e-15	-7.970374003e-14	5.369717498e-12	501
244.9772256	0	1.859623566e-15	7.695442825e-14	4.317766109e-12	479
245.8875139	0	4.440892098e-16	-1.674531179e-14	9.15517715e-13	503
245.9886246	0	-4.857225733e-15	1.817165122e-14	1.102586262e-12	481
246.8763891	0	-6.938893904e-16	-9.917707181e-15	8.425312013e-13	505
247	0	8.243405958e-15	-6.791974434e-14	-4.095739821e-12	483
247.8652862	0	-8.465450563e-15	-6.124851566e-14	3.923838292e-12	507
248.0113519	0	2.609024108e-15	1.383613836e-13	8.0599261e-12	485
248.8542051	0	-1.693090113e-15	2.560510745e-14	-1.593989419e-12	509
249.0226805	0	4.524158825e-15	-2.817377346e-14	-2.093331431e-12	487
249.8431458	0	-4.274358645e-15	1.085581338e-13	-6.975971802e-12	511
250.0339859	0	-9.908740495e-15	-7.001006022e-14	-4.702606089e-12	489
250.832108	0	-1.33226763e-15	-1.962045129e-13	1.281959736e-11	513
251.0452683	0	-2.858824288e-15	7.487187706e-14	4.646380643e-12	491
251.8210917	0	7.049916206e-15	1.634544562e-13	-1.083151722e-11	515
252.0565277	0	3.996802889e-15	-6.307632054e-14	-3.827666307e-12	493
252.8100967	0	2.164934898e-15	-9.864958485e-16	-5.893802648e-14	517
253.0677644	0	6.96664948e-15	4.899275082e-14	3.206271164e-12	495
253.7991229	0	-4.996003611e-16	-8.473480805e-14	5.307882894e-12	519
254.0789784	0	2.192690474e-15	-1.109444206e-13	-6.660934247e-12	497
254.7881702	0	2.581268532e-15	7.910914566e-14	-5.24545204e-12	521
255.0901699	0	-4.718447855e-15	1.055879808e-13	6.97770395e-12	499
255.7772384	0	6.383782392e-16	-4.897236646e-14	3.356218418e-12	523
256.1013391	0	-1.443289932e-15	-1.197349641e-13	-7.758375621e-12	501
256.7663275	0	-2.803313137e-15	1.775710398e-14	-8.049921755e-13	525
257.1124861	0	3.258296998e-27	3.489049526e-14	2.612601221e-12	503
257.7554374	0	4.690692279e-15	2.371710491e-14	-9.310268844e-13	527
258.1236109	0	8.881784197e-16	9.908542941e-14	6.34087901e-12	505
258.7445678	0	1.859623566e-15	-2.176325698e-15	-4.07387221e-13	529
259.1347138	0	7.938094626e-15	-4.834845946e-14	-3.150452633e-12	507
259.7337187	0	1.33226763e-15	7.809522631e-14	-4.696459256e-12	531
260.1457949	0	1.58206781e-15	2.392031013e-14	1.351340368e-12	509
260.72289	0	2.303712776e-15	-1.060110612e-13	7.271152021e-12	533
261.1568542	0	3.996802889e-15	-1.751588202e-14	-8.595940707e-13	511
261.7120815	0	-1.665334537e-15	5.17520113e-14	-3.364525677e-12	535
262.167892	0	1.915134717e-15	-7.129524947e-14	-4.829332475e-12	513
262.7012932	0	1.235123115e-14	-4.749943779e-15	1.008031209e-12	537
263.1789083	0	-7.438494265e-15	1.157851402e-13	7.404897676e-12	515
263.690525	0	1.14908083e-14	3.714885928e-14	-2.683050955e-12	539
264.1899033	0	-2.137179322e-15	-8.343740597e-14	-5.646479409e-12	517
264.6797766	0	2.969846591e-15	-9.036958991e-14	6.137195251e-12	541
265.2008771	0	5.551115123e-16	1.080026111e-13	6.840986093e-12	519
265.6690481	0	-1.14908083e-14	5.855239994e-14	-4.071781993e-12	543
266.2118298	0	-2.969846591e-15	-8.859343897e-14	-5.582871931e-12	521
266.6583393	0	9.436895709e-16	-5.331277039e-14	3.416855484e-12	545
267.2227616	0	-6.383782392e-16	1.594339604e-14	1.296883209e-12	523
267.64765	0	-8.854028621e-15	6.090648801e-14	-3.882516419e-12	547
268.2336725	0	2.692290835e-15	-2.819847592e-14	-1.310063412e-12	525
268.6369803	0	-1.942890293e-15	-6.666636532e-14	4.654380255e-12	549
269.2445626	0	-4.801714582e-15	6.673667632e-14	3.907991832e-12	527
269.6263299	0	-2.969846591e-15	-2.96571078e-14	1.616172587e-12	551
270.2554322	0	-2.747801986e-15	2.516875523e-14	2.103114028e-12	529
270.6156989	0	-5.273559367e-15	3.713904892e-14	-2.129252674e-12	553
271.2662813	0	-8.881784197e-16	-1.074394639e-13	-6.964462207e-12	531
271.6050869	0	8.160139231e-15	1.211707551e-13	-8.107590371e-12	555
272.27711	0	-2.498001805e-15	-2.84890734e-14	-1.699989468e-12	533
272.5944941	0	2.053912596e-15	-6.985719655e-14	4.76675944e-12	557
273.2879185	0	1.859623566e-15	7.395413959e-14	5.334507266e-12	535
273.5839202	0	2.2759572e-15	-4.832110104e-14	3.615830545e-12	559
274.2987068	0	-1.232347557e-14	-4.077387953e-14	-2.877674005e-12	537
274.5733652	0	-7.133182933e-15	1.270387058e-14	-7.618860926e-13	561
275.309475	0	-1.135203043e-14	-1.318573947e-14	-4.107487447e-13	539
275.562829	0	-4.163336342e-15	6.497501954e-14	-4.507108636e-12	563
276.3202234	0	-2.498001805e-15	5.998711043e-14	3.715518701e-12	541
276.5523114	0	2.525757381e-15	4.649962501e-14	-2.792537929e-12	565
277.3309519	0	1.088018564e-14	-6.515894765e-14	-4.397480678e-12	543
277.5418124	0	2.609024108e-15	-1.020066456e-13	6.665280718e-12	567
278.3416607	0	-7.21644966e-16	4.305995346e-15	3.420636961e-13	545
278.5313318	0	3.053113318e-15	9.686202391e-14	-6.79211005e-12	569
279.35235	0	8.687495168e-15	3.349630397e-14	2.529614706e-12	547
279.5208696	0	3.691491557e-15	-1.130401921e-13	7.573965521e-12	571
280.3630197	0	1.998401444e-15	1.976467429e-14	1.010601488e-12	549
280.5104257	0	-3.330669074e-16	5.177740175e-14	-3.591752179e-12	573
281.3736701	0	2.969846591e-15	-7.923278069e-14	-5.056372895e-12	551
281.5	0	-4.413136523e-15	-1.333855636e-14	7.416573826e-13	575
282.3843011	0	5.19029264e-15	-1.284013802e-14	-1.010075317e-12	553
282.4895924	0	3.386180225e-15	-1.85920798e-14	1.188959308e-12	577
283.3949131	0	-8.021361353e-15	5.46876381e-14	3.876079996e-12	555
283.4792027	0	-3.16413562e-15	-1.642774529e-16	-2.395339372e-14	579
284.4055059	0	-1.970645869e-15	4.333179252e-14	3.226623779e-12	557
284.468831	0	2.220446049e-16	-4.287678596e-14	3.056002995e-12	581
285.4160798	0	-2.831068713e-15	-1.633252821e-14	-8.104056441e-13	559
285.458477	0	3.524958103e-15	8.765363406e-14	-5.899264667e-12	583
286.4266348	0	6.272760089e-15	-1.84518041e-13	-1.227983764e-11	561
286.4481408	0	-4.440892099e-15	-1.178231558e-14	5.793600042e-13	585
287.437171	0	4.024558464e-15	1.556152467e-13	1.049122432e-11	563
287.4378222	0	1.021405183e-14	4.220431851e-14	-3.210532989e-12	587
288.4275211	0	1.124100812e-14	-5.095721972e-14	4.224060752e-12	589
288.4476886	0	-2.2759572e-15	2.203541845e-14	1.380710722e-12	565
289.4172375	0	5.995204333e-15	3.884994312e-14	-2.646167694e-12	591
289.4581876	0	-2.442490654e-15	3.252118326e-14	2.096936569e-12	567
290.4069712	0	-5.412337245e-15	-7.404368172e-14	4.880706259e-12	593
290.4686682	0	-3.247402347e-15	-6.747377305e-14	-4.895243437e-12	569
291.3967222	0	1.665334537e-16	6.481727206e-14	-4.337208546e-12	595
291.4791304	0	-3.524958103e-15	4.07275375e-14	2.934328474e-12	571
292.3864904	0	-3.913536162e-15	-6.19703618e-14	4.339670144e-12	597
292.4895743	0	2.220446049e-16	-3.569345068e-14	-2.481481752e-12	573
293.3762756	0	7.21644966e-16	4.801468741e-14	-3.414495378e-12	599
293.5	0	4.30211422e-15	3.327812112e-14	2.04152356e-12	575
294.3660779	0	1.382227666e-14	-1.591996953e-14	7.312150586e-13	601
294.5104076	0	-3.302913498e-15	-2.894436294e-15	-2.243437902e-13	577
295.3558971	0	1.154631946e-14	-1.397023736e-15	1.05965529e-13	603
295.5207973	0	3.774758284e-15	-2.234471327e-14	-1.624505975e-12	579
296.3457332	0	-3.663735981e-15	-7.428312452e-14	5.032857482e-12	605
296.531169	0	-3.053113318e-16	3.375811398e-14	2.339007486e-12	581
297.335586	0	3.302913498e-15	4.727211303e-14	-3.220459276e-12	607
297.541523	0	-3.60822483e-15	2.868440648e-14	1.997969511e-12	583
298.3254555	0	6.439293543e-15	-2.343118449e-14	1.775695279e-12	609
298.5518592	0	4.413136523e-15	4.297084493e-14	2.989206395e-12	585
299.3153416	0	-4.440892098e-16	6.423828824e-14	-4.237985311e-12	611
299.5621778	0	-9.658940314e-15	-1.021555052e-13	-6.617741496e-12	587
300.3052442	0	9.825473768e-15	-7.237879431e-14	5.04032586e-12	613
300.5724789	0	-1.099120794e-14	-8.022321337e-14	-5.752279542e-12	589
301.2951632	0	-1.58206781e-15	7.743523723e-14	-4.908906276e-12	615
301.5827625	0	-6.022959909e-15	1.821307449e-13	1.261494148e-11	591
302.2850986	0	-4.551914401e-15	-2.461821528e-14	1.819300243e-12	617
302.5930288	0	4.551914401e-15	-9.516520124e-14	-6.488203781e-12	593
303.2750502	0	1.665334537e-16	1.248346967e-14	-8.930221418e-13	619
303.6032778	0	-3.330669074e-16	7.301150313e-14	5.021008113e-12	595
304.265018	0	3.358424649e-15	-2.951883538e-14	2.316093473e-12	621
304.6135096	0	4.135580767e-15	-5.50747332e-14	-3.892507152e-12	597
305.255002	0	3.885780586e-16	-1.173942301e-15	2.475560556e-13	623
305.6237244	0	-4.718447855e-16	-7.90502703e-15	-8.266196819e-13	599
306.245002	0	-8.493206138e-15	5.21638629e-14	-3.411583665e-12	625
306.6339221	0	-1.351696532e-14	-5.489536363e-15	-3.958210791e-13	601
307.235018	0	-3.441691376e-15	2.546182041e-14	-1.523032494e-12	627
307.6441029	0	-1.193489751e-14	-6.111316664e-14	-4.338332251e-12	603
308.2250498	0	1.360023205e-14	3.853519093e-14	-2.537449624e-12	629
308.6542668	0	3.774758284e-15	1.198769276e-13	8.58840115e-12	605
309.2150975	0	-5.523359548e-15	-3.733025695e-14	2.018987534e-12	631
309.664414	0	-3.219646771e-15	-9.297449373e-14	-6.529088243e-12	607
310.2051608	0	-3.830269435e-15	-3.951182625e-14	3.00020594e-12	633
310.6745445	0	-6.578071421e-15	-3.056354148e-15	-2.955385662e-13	609
311.1952399	0	2.803313137e-15	4.875851988e-14	-3.332144908e-12	635
311.6846584	0	2.220446049e-16	5.371336519e-14	3.792190813e-12	611
312.1853345	0	-3.053113318e-16	-3.80511919e-15	-1.647238637e-13	637
312.6947558	0	-9.520162436e-15	-5.02614806e-14	-2.918161974e-12	613
313.1754447	0	1.165734176e-15	-5.456865199e-14	4.15817861e-12	639
313.7048368	0	1.415534356e-15	-1.109131909e-14	-5.972844067e-13	615
314.1655703	0	-1.229572e-14	-6.543073945e-14	4.143194843e-12	641
314.7149014	0	4.801714582e-15	2.763187549e-14	2.227785625e-12	617
315.1557112	0	7.632783294e-15	1.092525787e-13	-7.825785431e-12	643
315.7249498	0	-3.885780586e-16	-3.428354061e-14	-2.215165246e-12	619
316.1458675	0	6.300515665e-15	-3.177479018e-14	2.046915642e-12	645
316.734982	0	-2.664535259e-15	4.333905376e-14	3.002918204e-12	621
317.136039	0	1.060262989e-14	4.904027314e-17	-3.02639979e-13	647
317.744998	0	-2.220446049e-16	8.249943781e-14	6.063381269e-12	623
318.1262256	0	3.885780586e-16	2.562534557e-14	-2.263423624e-12	649
318.754998	0	7.827072324e-15	-5.486619773e-14	-3.841388968e-12	625
319.1164273	0	-4.49640325e-15	3.035365378e-14	-2.128061652e-12	651
319.764982	0	2.91433544e-15	-4.878910789e-15	-2.530150452e-13	627
320.1066441	0	-1.484923295e-14	-3.161328673e-14	2.301647009e-12	653
320.7749502	0	-1.360023205e-14	-3.504315907e-14	-3.187506984e-12	629
321.0968758	0	3.60822483e-15	4.752799126e-14	-3.281225329e-12	655
321.7849025	0	5.245803791e-15	-7.026112915e-14	-4.928552123e-12	631
322.0871223	0	-8.326672685e-17	-1.472375402e-13	1.08113895e-11	657
322.7948392	0	3.663735981e-15	5.569290967e-14	4.402902194e-12	633
323.0773837	0	2.220446049e-16	9.683775387e-14	-6.955128323e-12	659
323.8047601	0	-2.498001805e-15	1.593521677e-13	1.120826448e-11	635
324.0676598	0	6.189493362e-15	-1.771510044e-14	1.198849128e-12	661
324.8146655	0	1.026956298e-15	-1.867405008e-13	-1.324791829e-11	637
325.0579506	0	-8.715250743e-15	1.206943052e-13	-9.09163449e-12	663
325.8245553	0	-1.33226763e-15	3.234098687e-14	1.910678742e-12	639
326.048256	0	-9.658940314e-15	-1.138094267e-13	8.493323857e-12	665
326.8344297	0	1.162958618e-14	1.333273237e-14	1.112923078e-12	641
327.038576	0	3.858025011e-15	-7.046920251e-14	5.157837568e-12	667
327.8442888	0	-7.91033905e-15	-5.695496751e-14	-4.315893486e-12	643
328.0289104	0	3.885780586e-16	1.306526946e-14	-6.327212817e-13	669
328.8541325	0	-4.579669977e-15	5.152906716e-14	3.718210523e-12	645
329.0192593	0	-4.829470157e-15	1.799302213e-14	-1.008566254e-12	671
329.863961	0	-1.046385201e-14	-7.509005612e-15	-1.049169941e-12	647
330.0096225	0	1.33226763e-15	4.684404175e-15	-5.274385666e-13	673
330.8737744	0	-2.220446049e-16	1.118769859e-13	7.769686651e-12	649
331	0	3.358424649e-15	3.255695573e-14	-2.187487347e-12	675
331.8835727	0	4.718447855e-15	-5.639578475e-14	-3.99396159e-12	651
331.9903917	0	3.774758284e-15	-6.015883128e-14	4.124433795e-12	677
332.8933559	0	1.440514374e-14	-8.700399277e-15	-5.456505044e-13	653
332.9807976	0	-9.714451465e-15	-1.995143388e-14	1.289425044e-12	679
333.9031242	0	-3.580469254e-15	2.832801784e-14	2.13646823e-12	655
333.9712176	0	-1.748601264e-15	7.723246088e-14	-5.839722579e-12	681
334.9128777	0	-2.498001805e-16	-9.981397895e-14	-7.288774152e-12	657
334.9616516	0	-3.108624469e-15	-1.470398648e-13	1.074056309e-11	683
335.9226163	0	-3.885780586e-16	5.152891429e-14	3.621291335e-12	659
335.9520996	0	5.911937606e-15	1.419574241e-13	-1.018803593e-11	685
336.9323402	0	-6.578071421e-15	2.839387171e-14	2.171185331e-12	661
336.9425615	0	4.468647674e-15	-4.648279973e-14	3.610141699e-12	687
337.9330372	0	-8.576472865e-15	-2.743377228e-14	1.994155243e-12	689
337.9420494	0	8.715250743e-15	-2.597052144e-14	-1.79635449e-12	663
338.9235268	0	-5.412337245e-15	4.34615944e-14	-3.235666564e-12	691
338.951744	0	9.658940314e-15	-3.137709765e-14	-2.40083667e-12	665
339.9140301	0	-1.915134717e-15	1.00356244e-13	-7.582085837e-12	693
339.961424	0	-3.774758284e-15	1.141058033e-13	8.582190468e-12	667
340.904547	0	4.107825191e-15	-1.365997389e-13	9.864055687e-12	695
340.9710896	0	-8.693911522e-27	-1.413432614e-13	-1.007478015e-11	669
341.8950776	0	-4.163336342e-15	3.126295776e-14	-2.23867581e-12	697
341.9807407	0	4.607425552e-15	4.790377823e-14	3.661057061e-12	671
342.8856217	0	-1.021405183e-14	6.284067856e-14	-4.595129184e-12	699
342.9903775	0	-6.383782392e-16	-1.42859008e-14	-9.89853005e-13	673
343.8761794	0	-2.220446049e-16	-5.920928923e-14	4.448985825e-12	701
344	0	-3.191891196e-15	8.275790459e-14	5.936858974e-12	675
344.8667504	0	1.58206781e-15	2.804132789e-14	-2.143134144e-12	703
345.0096083	0	-4.107825191e-15	-8.499174089e-14	-6.310630857e-12	677
345.8573349	0	2.109423747e-15	-1.279590829e-14	1.417970284e-12	705
346.0192024	0	9.325873407e-15	1.299858847e-13	9.336299299e-12	679
346.8479327	0	-4.782842221e-29	-1.604233172e-14	1.162303503e-12	707
347.0287824	0	1.665334537e-15	-3.268964599e-14	-2.506493758e-12	681
347.8385437	0	4.94049246e-15	-2.035297261e-14	1.564141374e-12	709
348.0383484	0	2.969846591e-15	-7.611629186e-14	-5.743282656e-12	683
348.829168	0	1.276756478e-15	7.803186505e-14	-6.277572933e-12	711
349.0479004	0	-5.939693182e-15	-4.195675433e-14	-3.435273443e-12	685
349.8198054	0	4.440892099e-15	8.130316246e-15	-5.409649129e-13	713
350.0574385	0	-3.941291737e-15	1.35032413e-14	1.358611859e-12	687
350.8104559	0	-4.413136523e-15	-4.008205947e-14	2.975025249e-12	715
351.0669628	0	7.993605777e-15	8.323347329e-15	1.021743881e-12	689
351.8011195	0	-1.748601264e-15	4.542531193e-15	-3.492910635e-13	717
352.0764732	0	6.300515665e-15	-4.207039732e-14	-3.313594413e-12	691
352.7917961	0	-7.438494265e-15	5.368797687e-14	-4.737766991e-12	719
353.0859699	0	1.859623566e-15	1.023124919e-13	7.326386869e-12	693
353.7824856	0	6.994405055e-15	-5.165590783e-14	3.391061926e-12	721
354.095453	0	-3.913536162e-15	-3.484430856e-14	-2.274166958e-12	695
354.773188	0	1.249000903e-15	2.037508865e-14	-1.884944192e-12	723
355.1049224	0	2.969846591e-15	2.706596211e-14	1.998655066e-12	697
355.7639032	0	-5.467848396e-15	-5.80809106e-14	4.52947072e-12	725
356.1143783	0	1.026956298e-14	-1.888761561e-14	-1.682527207e-12	699
356.7546312	0	-1.110223025e-16	-3.123314318e-15	2.528615e-13	727
357.1238206	0	5.551115123e-16	8.38194397e-14	6.619956232e-12	701
357.745372	0	8.298917109e-15	2.992250557e-14	-1.968547367e-12	729
358.1332496	0	-1.665334537e-15	-1.190104091e-13	-8.683143299e-12	703
358.7361254	0	-1.082467449e-14	-1.624654821e-14	1.211407755e-12	731
359.1426651	0	-2.220446049e-15	3.128315495e-14	2.267637014e-12	705
359.7268914	0	4.996003611e-16	-6.61705444e-15	4.692519574e-13	733
360.1520673	0	2.220446049e-16	-6.301244833e-14	-4.543031096e-12	707
360.71767	0	-4.468647674e-15	2.043577799e-15	-2.803828851e-13	735
361.1614563	0	-5.329070518e-15	4.805239201e-14	3.405578369e-12	709
361.7084611	0	1.026956298e-15	-1.054127615e-14	9.427494861e-13	737
362.170832	0	-1.443289932e-15	-5.023329745e-14	-3.724429243e-12	711
362.6992647	0	-6.605826997e-15	8.045367951e-15	-7.985623526e-13	739
363.1801946	0	-4.690692279e-15	7.886372451e-14	5.653004118e-12	713
363.6900808	0	-7.049916206e-15	3.478704221e-14	-2.717374792e-12	741
364.1895441	0	4.773959006e-15	3.020141911e-14	2.286112819e-12	715
364.6809092	0	4.218847494e-15	1.930672728e-14	-1.553971239e-12	743
365.1988805	0	2.053912596e-15	-4.546661267e-14	-3.913313245e-12	717
365.6717499	0	1.498801083e-15	-3.33163507e-14	2.579448956e-12	745
366.2082039	0	7.382983114e-15	-3.977288485e-14	-3.333870042e-12	719
366.6626028	0	1.110223025e-15	-7.773549148e-14	6.117581112e-12	747
367.2175144	0	-6.439293543e-15	6.500481334e-14	4.673481296e-12	721
367.653468	0	-3.941291737e-15	6.802623968e-14	-5.470595506e-12	749
368.226812	0	-1.165734176e-15	-2.093754492e-14	-1.687808295e-12	723
368.6443454	0	1.10467191e-14	-8.726041977e-15	1.518401087e-13	751
369.2360968	0	5.662137426e-15	-5.673672917e-14	-4.729862358e-12	725
369.6352349	0	-1.748601264e-15	2.202171146e-16	3.823453193e-13	753
370.2453688	0	-7.21644966e-16	3.366436858e-14	2.811858309e-12	727
370.6261365	0	-7.21644966e-16	4.862964436e-14	-3.804295736e-12	755
371.254628	0	-7.854827899e-15	7.627682046e-14	6.065248962e-12	729
371.6170501	0	-1.054711873e-15	-5.456699153e-14	3.662110273e-12	757
372.2638746	0	1.099120794e-14	-2.568458717e-14	-1.683355865e-12	731
372.6079756	0	-3.441691376e-15	-4.569436434e-14	3.456817584e-12	759
373.2731086	0	-6.383782392e-16	-5.263957307e-14	-4.209480508e-12	733
373.5989131	0	3.413935801e-15	1.023694255e-13	-7.757183371e-12	761
374.28233	0	3.913536162e-15	3.50410839e-14	2.605330688e-12	735
374.5898625	0	4.94049246e-15	1.745881603e-14	-1.502941583e-12	763
375.2915389	0	-1.110223025e-15	-5.713723733e-15	-5.087856617e-13	737
375.5808237	0	-2.886579864e-15	-1.349705271e-13	1.011695623e-11	765
376.3007353	0	6.52256027e-15	-4.740027996e-14	-3.38028396e-12	739
376.5717968	0	-8.881784197e-15	1.279634133e-13	-9.540220304e-12	767
377.3099192	0	6.189493362e-15	-5.159005086e-14	-4.12569217e-12	741
377.5627815	0	1.360023205e-15	3.917950146e-14	-3.166409919e-12	769
378.3190908	0	-4.413136523e-15	1.363622306e-13	1.022099526e-11	743
378.553778	0	4.163336342e-15	-1.526852198e-13	1.197816422e-11	771
379.3282501	0	-2.109423747e-15	-9.523933387e-14	-7.228109617e-12	745
379.5447861	0	-7.188694084e-15	6.158143931e-14	-4.896064621e-12	773
380.3373972	0	-8.604228441e-16	2.807314082e-14	2.144798842e-12	747
380.5358059	0	9.159339953e-16	-8.466209778e-14	6.873636967e-12	775
381.346532	0	3.413935801e-15	9.096769893e-14	6.409783668e-12	749
381.5268372	0	-1.304512054e-15	7.989246912e-14	-6.300565981e-12	777
382.3556546	0	-1.074140776e-14	-1.792171099e-14	-1.111122126e-12	751
382.51788	0	-5.023759186e-15	-1.772603461e-14	1.70556142e-12	779
383.3647651	0	1.970645869e-15	-3.97169937e-14	-2.886212981e-12	753
383.5089343	0	-4.996003611e-16	5.833478812e-14	-4.467592955e-12	781
384.3738635	0	1.415534356e-15	-3.563024597e-14	-3.428781808e-12	755
384.5	0	-2.220446049e-16	-2.459952972e-14	1.819369894e-12	783
385.3829499	0	1.58206781e-15	7.770520151e-14	5.887159057e-12	757
385.4910771	0	-5.467848396e-15	2.924366453e-16	4.336703249e-13	785
386.3920244	0	3.524958103e-15	-7.717028824e-14	-5.912802457e-12	759
386.4821656	0	-7.827072324e-15	-9.314951539e-14	7.106398317e-12	787
387.4010869	0	-3.469446952e-15	2.49514082e-14	1.862799222e-12	761
387.4732653	0	-2.997602166e-15	4.456101229e-14	-3.622429952e-12	789
388.4101375	0	-4.857225733e-15	-3.131218378e-14	-2.475651358e-12	763
388.4643764	0	2.747801986e-15	1.949035581e-14	-1.781910655e-12	791
389.4191763	0	2.581268532e-15	1.008127185e-13	7.824478172e-12	765
389.4554986	0	-3.441691376e-15	3.596939568e-15	-2.732336441e-13	793
390.4282032	0	9.270362256e-15	-1.550813262e-14	-1.879039083e-12	767
390.446632	0	7.521760992e-15	-9.49186463e-15	7.401849406e-13	795
391.4372185	0	-1.38777878e-15	1.885363574e-14	1.782287025e-12	769
391.4377766	0	-9.575673587e-15	4.580405026e-14	-3.545791634e-12	797
392.4289322	0	-1.665334537e-16	-2.554983078e-14	2.168205587e-12	799
392.446222	0	-4.163336342e-15	-7.952121868e-14	-6.060259554e-12	771
393.4200989	0	-7.993605777e-15	-2.386911681e-14	1.85526065e-12	801
393.4552139	0	7.438494265e-15	3.772339562e-14	3.374838467e-12	773
394.4112766	0	-5.551115123e-16	1.74340266e-14	-1.513211621e-12	803
394.4641941	0	-6.383782392e-16	-8.669282573e-15	-6.587713083e-13	775
395.4024652	0	4.30211422e-15	1.680912107e-14	-1.382133529e-12	805
395.4731628	0	1.082467449e-15	1.230339228e-13	9.448094082e-12	777
396.3936648	0	5.412337245e-15	-9.430791391e-14	7.395703386e-12	807
396.48212	0	5.023759186e-15	-1.558520277e-13	-1.220253594e-11	779
397.3848753	0	-6.494804694e-15	3.089692863e-14	-2.991359118e-12	809
397.4910657	0	-2.176716753e-28	6.819277521e-14	5.609341465e-12	781
398.3760966	0	3.302913498e-15	-1.447953746e-14	1.029381403e-12	811
398.5	0	6.106226635e-16	-6.678492998e-14	-5.139316737e-12	783
399.3673287	0	-7.077671782e-15	2.655013377e-14	-2.064459746e-12	813
399.5089229	0	5.523359548e-15	-1.170523887e-14	-1.264157533e-12	785
400.3585716	0	1.276756478e-15	8.152611274e-15	-4.249831549e-13	815
400.5178344	0	8.10462808e-15	7.037221574e-15	7.572226053e-13	787
401.3498252	0	-5.884182031e-15	8.312196063e-14	-6.965603062e-12	817
401.5267347	0	3.080868893e-15	5.986418743e-14	4.461498749e-12	789
402.3410895	0	3.552713679e-15	8.120687942e-14	-6.483188354e-12	819
402.5356236	0	-2.858824288e-15	-1.117153554e-14	-7.163528025e-13	791
403.3323644	0	1.915134717e-15	-1.555214389e-13	1.235469743e-11	821
403.5445014	0	3.080868893e-15	2.214888889e-14	1.881811098e-12	793
404.32365	0	-1.859623566e-15	-3.234144126e-14	2.929419711e-12	823
404.553368	0	-6.800116026e-15	-5.304158803e-14	-4.155397171e-12	795
405.3149461	0	-3.469446952e-15	1.599967066e-14	-1.348284814e-12	825
405.5622234	0	9.575673587e-15	-3.934850162e-14	-3.043117967e-12	797
406.3062527	0	2.692290835e-15	8.835827754e-14	-7.074074112e-12	827
406.5710678	0	3.885780586e-16	4.796998093e-14	3.733666162e-12	799
407.2975699	0	1.526556659e-15	-3.458800989e-14	2.717259399e-12	829
407.5799011	0	7.938094626e-15	2.324643319e-14	1.761485416e-12	801
408.2888974	0	-3.330669074e-16	-6.212677227e-14	5.070186406e-12	831
408.5887234	0	4.718447855e-16	-1.200280251e-13	-1.00638945e-11	803
409.2802355	0	6.133982211e-15	3.832321036e-14	-3.293717476e-12	833
409.5975348	0	-4.385380947e-15	5.955535117e-14	4.667274589e-12	805
410.2715839	0	-2.442490654e-15	-4.602784532e-15	3.074965622e-13	835
410.6063352	0	-5.051514762e-15	1.056982799e-13	8.369557924e-12	807
411.2629426	0	-3.635980406e-15	7.696347221e-14	-6.10326588e-12	837
411.6151247	0	6.050715484e-15	-7.840082411e-14	-6.546857792e-12	809
412.2543116	0	1.387778781e-16	-1.098716408e-13	8.551778209e-12	839
412.6239034	0	-3.358424649e-15	-2.244621033e-14	-1.593850456e-12	811
413.2456909	0	-5.551115123e-16	3.961319676e-14	-3.74985727e-12	841
413.6326713	0	6.689093723e-15	-5.323529841e-14	-4.031903403e-12	813
414.2370805	0	2.72004641e-15	-5.563738048e-14	4.189626011e-12	843
414.6414284	0	-1.193489751e-15	7.710350307e-14	5.950117081e-12	815
415.2284802	0	-5.745404152e-15	2.813994703e-14	-2.501553444e-12	845
415.6501748	0	5.800915304e-15	3.198245002e-14	2.689884194e-12	817
416.2198901	0	6.272760089e-15	7.048915034e-14	-5.617964963e-12	847
416.6589105	0	-3.386180225e-15	-3.387579458e-14	-2.854829674e-12	819
417.2113101	0	6.106226635e-15	-1.276165144e-13	1.060385336e-11	849
417.6676356	0	-2.137179322e-15	4.113276773e-14	3.500246454e-12	821
418.2027402	0	2.609024108e-15	1.653346936e-13	-1.359126695e-11	851
418.67635	0	1.054711873e-15	-9.908276479e-14	-8.203236552e-12	823
419.1941804	0	-5.245803791e-15	-3.093511425e-14	2.654589089e-12	853
419.6850539	0	3.302913498e-15	1.446061317e-13	1.176802753e-11	825
420.1856306	0	1.665334537e-16	3.475275762e-14	-2.564965027e-12	855
420.6937473	0	-2.442490654e-15	-1.448074531e-13	-1.185352559e-11	827
421.1770907	0	4.690692279e-15	-3.053257344e-14	2.567555651e-12	857
421.7024301	0	-1.665334537e-15	-3.874849345e-14	-2.907995878e-12	829
422.1685609	0	-2.775557562e-15	-1.229864942e-13	9.838755437e-12	859
422.7111026	0	-1.665334537e-16	1.212117498e-13	9.823255561e-12	831
423.1600409	0	4.773959006e-15	4.182971222e-14	-3.252481431e-12	861
423.7197645	0	-6.272760089e-15	7.028782689e-15	5.315781757e-13	833
424.1515308	0	-2.47024623e-15	9.603265411e-16	-5.747489701e-15	863
424.7284161	0	2.47024623e-15	4.915499017e-14	3.819314065e-12	835
425.1430305	0	9.048317651e-15	2.649150381e-14	-2.459218307e-12	865
425.7370574	0	3.16413562e-15	-7.229178199e-14	-6.243942953e-12	837
426.1345401	0	-1.942890293e-15	2.961609215e-14	-2.460976627e-12	867
426.7456884	0	1.665334537e-16	2.73217516e-14	2.364349557e-12	839
427.1260594	0	2.997602166e-15	-1.891662155e-13	1.608206825e-11	869
427.7543091	0	9.436895709e-16	1.229455415e-13	9.47671674e-12	841
428.1175885	0	-4.607425552e-15	2.372711972e-13	-1.98819209e-11	871
428.7629195	0	-2.109423747e-15	-1.176529695e-13	-1.004896954e-11	843
429.1091273	0	2.747801986e-15	-1.504388623e-13	1.290643631e-11	873
429.7715198	0	5.967448757e-15	5.939344518e-14	4.895595773e-12	845
430.1006757	0	2.581268532e-15	8.644192107e-14	-7.161044441e-12	875
430.7801099	0	-6.383782392e-15	-1.086068684e-13	-9.078967489e-12	847
431.0922338	0	-7.466249841e-15	-2.190397663e-13	1.857366809e-11	877
431.7886899	0	-6.217248938e-15	-6.107163724e-15	-8.619725715e-14	849
432.0838015	0	-2.442490654e-15	3.470542851e-13	-2.928437094e-11	879
432.7972598	0	-2.498001805e-15	6.629827007e-14	5.421382566e-12	851
433.0753788	0	-1.082467449e-15	-1.350277399e-13	1.161869699e-11	881
433.8058196	0	5.273559367e-15	-5.675215119e-14	-4.779003816e-12	853
434.0669656	0	4.662936703e-15	2.336670565e-14	-2.180592254e-12	883
434.8143694	0	-1.665334537e-16	9.680117258e-14	8.106908237e-12	855
435.058562	0	-6.189493362e-15	-2.63465955e-14	2.322679731e-12	885
435.8229093	0	-5.107025913e-15	2.953585138e-14	2.593902818e-12	857
436.0501678	0	1.665334537e-16	-1.053646239e-13	8.738089672e-12	887
436.8314391	0	1.970645869e-15	-1.031836755e-13	-8.145968236e-12	859
437.0417831	0	-1.665334537e-15	1.033750786e-13	-8.597060473e-12	889
437.8399591	0	-4.773959006e-15	-1.545455198e-14	-1.322936326e-12	861
438.0334077	0	-5.273559367e-15	-1.362990555e-13	1.189620308e-11	891
438.8484692	0	1.804112415e-15	3.956622594e-14	3.273156328e-12	863
439.0250418	0	-6.383782392e-16	2.191612429e-13	-1.881423217e-11	893
439.8569695	0	-8.215650382e-15	-8.28107068e-14	-6.904180977e-12	865
440.0166852	0	2.747801986e-15	-1.087472581e-13	9.422815685e-12	895
440.8654599	0	2.359223927e-15	1.395533849e-13	1.148223853e-11	867
441.008338	0	-2.02615702e-15	-1.675369958e-14	1.522140545e-12	897
441.8739406	0	-2.581268532e-15	-1.113746626e-14	-1.257524143e-12	869
442	0	2.137179322e-15	9.039433909e-14	-7.615539835e-12	899
442.8824115	0	4.773959006e-15	-1.021001935e-13	-8.158686008e-12	871
442.9916713	0	7.771561172e-16	-4.72678763e-14	3.979051623e-12	901
443.8908727	0	-2.2759572e-15	3.468694097e-14	3.182035055e-12	873
443.9833518	0	-6.855627177e-15	-1.167974392e-14	1.350388299e-12	903
444.8993243	0	-2.220446049e-15	2.661744359e-15	2.506479015e-13	875
444.9750415	0	-4.612016827e-28	-7.568413309e-14	6.67439331e-12	905
445.9077662	0	7.549516567e-15	-5.117064976e-14	-4.507574503e-12	877
445.9667404	0	5.551115123e-17	6.932644003e-14	-5.717746294e-12	907
446.9161985	0	2.109423747e-15	2.420454664e-14	2.36078086e-12	879
446.9584484	0	7.3606898e-29	-4.442373812e-14	3.798813943e-12	909
447.9246212	0	1.026956298e-15	-2.684484535e-14	-2.498587963e-12	881
447.9501656	0	3.885780586e-16	6.188266246e-14	-5.59231161e-12	911
448.9330344	0	-4.24660307e-15	3.878741837e-14	3.746225707e-12	883
448.9418918	0	7.077671782e-15	7.875135866e-15	-2.690163563e-13	913
449.933627	0	-9.992007222e-15	5.822561025e-14	-4.406985506e-12	915
449.941438	0	5.967448757e-15	3.256365079e-14	2.609606531e-12	885
450.9253713	0	-2.886579864e-15	-8.357362854e-14	7.690994967e-12	917
450.9498322	0	2.11671332e-27	-8.418840144e-14	-7.061774204e-12	887
451.9171246	0	-4.635181128e-15	3.865695463e-14	-3.197831812e-12	919
451.9582169	0	1.804112415e-15	-1.865404142e-14	-1.136120916e-12	889
452.9088868	0	-3.774758284e-15	1.015437885e-14	-5.81609398e-13	921
452.9665923	0	4.996003611e-15	5.711004585e-14	4.285833232e-12	891
453.9006579	0	-1.298960939e-14	-2.612608918e-14	2.008127222e-12	923
453.9749582	0	3.885780586e-16	4.453431393e-14	4.053767617e-12	893
454.892438	0	-7.382983114e-15	2.268004655e-15	-1.55903172e-13	925
454.9833148	0	-2.609024108e-15	-1.416330802e-14	-1.196923829e-12	895
455.8842269	0	-5.273559367e-15	-2.063060162e-14	1.484918653e-12	927
455.991662	0	2.303712776e-15	9.589945749e-14	8.112408651e-12	897
456.8760247	0	4.080069615e-15	1.291858754e-14	-1.379197455e-12	929
457	0	-2.137179322e-15	-1.066531441e-13	-8.9060914e-12	899
457.8678312	0	-2.498001805e-16	-9.138715163e-14	7.812233053e-12	931
458.0083287	0	-1.110223025e-15	-2.366076584e-15	-4.650336598e-15	901
458.8596466	0	-1.165734176e-15	1.381561825e-13	-1.168362402e-11	933
459.0166482	0	6.356026816e-15	7.918952832e-14	6.909523126e-12	903
459.8514707	0	4.690692279e-15	-1.067649798e-13	9.599308776e-12	935
460.0249585	0	-6.106226635e-16	6.049382721e-15	6.510202128e-13	905
460.8433036	0	1.196265309e-14	3.647843003e-14	-2.948345459e-12	937
461.0332596	0	-8.326672684e-17	-7.173339464e-14	-5.958604167e-12	907
461.8351451	0	-2.498001805e-16	1.11033513e-13	-1.018688444e-11	939
462.0415516	0	-3.885780586e-16	1.127659087e-14	1.011182016e-12	909
462.8269954	0	-1.665334537e-16	-1.075538109e-13	9.194083223e-12	941
463.0498344	0	-2.220446049e-16	2.397734775e-14	2.253084811e-12	911
463.8188543	0	5.884182031e-15	6.596020283e-14	-5.19017039e-12	943
464.0581082	0	-6.96664948e-15	-5.44351679e-14	-4.605325255e-12	913
464.8107218	0	-1.831867991e-15	-4.144664906e-14	3.699760952e-12	945
465.066373	0	9.825473768e-15	-3.84112903e-14	-2.832155453e-12	915
465.8025978	0	1.210143097e-14	5.270439475e-14	-4.466626037e-12	947
466.0746287	0	2.442490654e-15	-6.346684785e-14	-5.141124559e-12	917
466.7944825	0	-2.775557562e-16	6.129870273e-14	-5.483786319e-12	949
467.0828754	0	4.385380947e-15	7.528884395e-14	6.973057324e-12	919
467.7863757	0	5.551115123e-17	-5.772963103e-14	4.642854498e-12	951
468.0911132	0	3.691491557e-15	5.839453534e-16	7.301497884e-14	921
468.7782774	0	-6.800116026e-15	-1.708047791e-14	1.404365033e-12	953
469.0993421	0	1.24067423e-14	3.763208963e-14	2.990858731e-12	923
469.7701876	0	-2.498001805e-16	-2.550066887e-14	2.139994159e-12	955
470.107562	0	7.21644966e-15	1.334207233e-13	1.123333795e-11	925
470.7621062	0	-3.080868893e-15	-5.284596639e-14	4.503147084e-12	957
471.1157731	0	5.384581669e-15	-1.427658135e-13	-1.208070716e-11	927
471.7540333	0	-6.133982211e-15	4.556992811e-14	-3.930993456e-12	959
472.1239753	0	-3.469446952e-15	-3.093583868e-14	-2.891362254e-12	929
472.7459688	0	-1.942890293e-15	-5.049187258e-14	4.762483306e-12	961
473.1321688	0	5.551115123e-17	3.620981817e-14	3.005169519e-12	931
473.7379127	0	-8.298917109e-15	8.036592713e-14	-6.625385288e-12	963
474.1403534	0	1.443289932e-15	1.322085622e-13	1.162761087e-11	933
474.7298649	0	2.359223927e-15	-5.9066783e-14	5.162177682e-12	965
475.1485293	0	-4.968248035e-15	-1.849877902e-13	-1.567783812e-11	935
475.7218254	0	-1.804112415e-15	-7.661152082e-16	7.943938358e-13	967
476.1566964	0	-1.185163079e-14	7.11223493e-14	5.943223773e-12	937
476.7137942	0	5.551115123e-16	1.020163225e-13	-9.097952033e-12	969
477.1648549	0	4.163336342e-16	-1.076695986e-13	-9.418469328e-12	939
477.7057714	0	1.498801083e-15	-3.655793696e-14	3.281040732e-12	971
478.1730046	0	-3.956214387e-27	8.351095308e-14	7.263942915e-12	941
478.6977567	0	1.360023205e-15	-9.169681044e-14	8.439748439e-12	973
479.1811457	0	-5.884182031e-15	-1.712849946e-13	-1.49363136e-11	943
479.6897503	0	-3.60822483e-15	-3.222332147e-15	4.368381005e-13	975
480.1892782	0	2.220446049e-15	1.186258476e-13	1.050696129e-11	945
480.6817521	0	4.024558464e-15	8.880214565e-14	-7.77890717e-12	977
481.1974022	0	-1.049160758e-14	1.767089022e-14	1.856099889e-12	947
481.6737621	0	3.191891196e-15	-3.523068523e-14	3.679600081e-12	979
482.2055175	0	4.718447855e-16	5.663747193e-14	5.004692621e-12	949
482.6657802	0	4.607425552e-15	1.914117253e-14	-1.724321714e-12	981
483.2136243	0	-2.220446049e-16	-8.05132799e-14	-7.352929797e-12	951
483.6578064	0	2.609024108e-15	2.475637665e-14	-1.863990928e-12	983
484.2217226	0	6.938893904e-15	1.000133804e-13	8.542368588e-12	953
484.6498408	0	-5.63438185e-15	1.179089772e-14	-6.873061632e-13	985
485.2298124	0	3.330669074e-16	-3.0645146e-15	-3.95844305e-13	955
485.6418832	0	-6.938893904e-16	1.53905646e-14	-1.50536976e-12	987
486.2378938	0	2.248201625e-15	-5.420440862e-14	-4.797593461e-12	957
486.6339336	0	2.442490654e-15	-9.920437602e-14	8.257528496e-12	989
487.2459667	0	5.606626274e-15	-6.458370188e-14	-5.783901528e-12	959
487.6259921	0	2.137179322e-15	6.02591726e-14	-5.257724168e-12	991
488.2540312	0	1.804112415e-15	9.592167783e-14	8.692814311e-12	961
488.6180586	0	-3.330669074e-16	3.977553701e-15	-1.380518228e-13	993
489.2620873	0	8.881784197e-15	-5.211575574e-15	2.653545844e-14	963
489.6101331	0	4.218847494e-15	5.633418796e-14	-5.138505953e-12	995
490.2701351	0	-1.970645869e-15	2.044580404e-14	2.050381495e-12	965
490.6022155	0	3.191891196e-15	-7.655852187e-14	6.777720466e-12	997
491.2781746	0	3.386180225e-15	-1.486929477e-13	-1.331184844e-11	967
491.5943058	0	1.132427485e-14	9.489798269e-14	-9.165159525e-12	999
492.2862058	0	-1.110223025e-15	3.430738686e-14	3.574631302e-12	969
492.5864041	0	7.049916206e-15	7.500711107e-17	1.31465636e-13	1001
493.2942286	0	-1.637578961e-15	7.908359224e-14	7.138582583e-12	971
493.5785102	0	7.438494265e-15	-1.588889771e-13	1.395460936e-11	1003
494.3022433	0	-1.720845688e-15	-1.823595699e-14	-1.486129884e-12	973
494.5706242	0	1.998401444e-15	9.32977657e-14	-8.388745145e-12	1005
495.3102497	0	3.60822483e-15	2.163851814e-14	2.122774873e-12	975
495.5627461	0	-2.359223927e-15	-3.988502582e-14	3.408728202e-12	1007
496.3182479	0	-3.969047313e-15	-6.883383742e-14	-5.821491004e-12	977
496.5548757	0	-1.029731855e-14	1.595075156e-13	-1.459796294e-11	1009
497.3262379	0	-3.441691376e-15	1.247421458e-14	1.102755983e-12	979
497.5470131	0	-1.082467449e-15	-1.211782783e-13	1.10910425e-11	1011
498.3342198	0	-4.551914401e-15	-2.137811877e-14	-1.04116225e-12	981
498.5391583	0	-6.356026816e-15	-2.29817688e-14	2.276111639e-12	1013
499.3421936	0	-1.33226763e-15	7.555867203e-14	7.197747464e-12	983
499.5313113	0	4.218847494e-15	-3.45148653e-14	2.990882339e-12	1015
500.3501592	0	6.189493362e-15	-7.979193477e-14	-7.098501985e-12	985
500.5234719	0	-1.146305273e-14	9.862058438e-14	-9.078142302e-12	1017
501.3581168	0	1.554312234e-15	-3.082144081e-14	-2.867859173e-12	987
501.5156403	0	-4.163336342e-16	-3.628169479e-14	3.382518878e-12	1019
502.3660664	0	-2.803313137e-15	4.719751448e-14	3.933970275e-12	989
502.5078163	0	1.276756478e-15	-6.803655521e-14	6.236523972e-12	1021
503.3740079	0	-2.220446049e-15	8.805611234e-14	7.670351001e-12	991
503.5	0	-8.187894807e-15	1.862556917e-15	-1.934208602e-13	1023
504.3819414	0	1.105063813e-27	-4.674592726e-15	-3.20585675e-13	993
504.4921913	0	2.525757381e-15	2.42729169e-14	-2.366391261e-12	1025
505.3898669	0	-3.858025011e-15	1.891530989e-14	1.515679307e-12	995
505.4843902	0	-1.11577414e-14	2.601717187e-14	-2.374589501e-12	1027
506.3977845	0	-2.747801986e-15	-7.174133018e-14	-6.746413098e-12	997
506.4765967	0	-5.551115123e-16	5.701468462e-15	-2.212132e-13	1029
507.4056942	0	-1.021405183e-14	-6.110842405e-14	-5.137628709e-12	999
507.4688108	0	-4.718447855e-16	-3.510112057e-14	2.756427234e-12	1031
508.4135959	0	-7.382983114e-15	5.146818947e-14	4.226271538e-12	1001
508.4610324	0	-7.466249841e-15	1.40751156e-13	-1.272035551e-11	1033
509.4214898	0	-7.077671782e-15	2.048031035e-14	1.679738678e-12	1003
509.4532615	0	-3.691491557e-15	-5.947530226e-14	5.493605132e-12	1035
510.4293758	0	-1.637578961e-15	3.773302947e-14	2.981601543e-12	1005
510.4454982	0	-3.691491557e-15	-4.459356819e-14	4.915292922e-12	1037
511.4372539	0	2.664535258e-15	-1.396636476e-13	-1.254723353e-11	1007
511.4377423	0	-5.551115123e-15	5.876014291e-14	-4.993439355e-12	1039
512.4299938	0	2.525757381e-15	-5.242030847e-14	5.212278189e-12	1041
512.4451243	0	8.79851747e-15	5.827667823e-14	5.347750941e-12	1009
513.4222528	0	2.886579864e-15	-7.362170143e-14	6.808812979e-12	1043
513.4529869	0	4.440892098e-16	-7.094901857e-14	-6.369636075e-12	1011
514.4145192	0	7.993605777e-15	1.38333924e-13	-1.248377968e-11	1045
514.4608417	0	6.800116026e-15	2.285799857e-13	2.06756702e-11	1013
515.406793	0	8.326672685e-15	-6.110833411e-14	6.025493527e-12	1047
515.4686887	0	-4.607425552e-15	-1.492951054e-13	-1.337269136e-11	1015
516.3990741	0	1.776356839e-15	6.524554821e-15	-1.229443964e-12	1049
516.4765281	0	1.101896352e-14	7.21219344e-14	6.512604684e-12	1017
517.3913626	0	1.58206781e-15	-8.270990573e-14	7.675275276e-12	1051
517.4843597	0	9.436895709e-16	-3.685183484e-14	-3.471179006e-12	1019
518.3836585	0	-4.080069615e-15	5.287315318e-14	-4.798996021e-12	1053
518.4921837	0	-1.165734176e-15	1.616683615e-13	1.462657414e-11	1021
519.3759616	0	-7.21644966e-16	9.128242221e-14	-8.078060648e-12	1055
519.5	0	7.160938509e-15	-2.031818975e-13	-1.82755011e-11	1023
520.368272	0	-1.201816424e-14	-1.735437486e-13	1.566134508e-11	1057
520.5078087	0	-2.775557562e-15	1.303429626e-13	1.173513026e-11	1025
521.3605897	0	-9.714451465e-16	9.699446512e-14	-8.864159497e-12	1059
521.5156098	0	1.140754158e-14	-1.202274244e-13	-1.063471743e-11	1027
522.3529146	0	-3.885780586e-16	9.569494618e-14	-8.581467113e-12	1061
522.5234033	0	4.440892099e-16	-2.355743332e-14	-2.425860541e-12	1029
523.3452468	0	-4.94049246e-15	-9.640703558e-14	9.103421282e-12	1063
523.5311892	0	-1.77053446e-27	-2.114820502e-13	-1.938433404e-11	1031
524.3375861	0	-5.939693182e-15	-1.849585527e-13	1.730398816e-11	1065
524.5389676	0	7.438494265e-15	3.093974456e-13	2.790550539e-11	1033
525.3299327	0	1.665334537e-16	2.009705844e-13	-1.783642609e-11	1067
525.5467385	0	4.163336342e-15	-8.647806978e-14	-7.580385102e-12	1035
526.3222864	0	-1.101896352e-14	-8.802246958e-15	9.129306183e-13	1069
526.5545018	0	3.524958103e-15	-3.253718914e-16	4.790496245e-13	1037
527.3146472	0	1.804112415e-15	-1.07948714e-13	1.021032222e-11	1071
527.5622577	0	6.022959909e-15	-1.304257727e-14	-5.017194686e-13	1039
528.3070152	0	-2.414735079e-15	5.242223656e-14	-4.293131442e-12	1073
528.5700062	0	-2.137179322e-15	8.753934243e-14	8.166663772e-12	1041
529.2993903	0	9.964251646e-15	9.013274648e-14	-8.298812923e-12	1075
529.5777472	0	-2.498001805e-15	-1.402757615e-13	-1.218440794e-11	1043
530.2917724	0	-1.33226763e-15	-7.947765424e-14	7.375050447e-12	1077
530.5854808	0	-7.688294446e-15	1.108325042e-13	1.036936964e-11	1045
531.2841616	0	-6.938893904e-16	6.706642481e-14	-5.910825413e-12	1079
531.593207	0	-8.881784197e-15	-7.534815148e-14	-7.197503265e-12	1047
532.2765579	0	-4.30211422e-15	1.760866623e-14	-1.449271443e-12	1081
532.6009259	0	-2.775557562e-15	-9.396473135e-14	-8.600490251e-12	1049
533.2689612	0	-5.162537065e-15	-8.658052478e-14	8.187201243e-12	1083
533.6086374	0	-1.387778781e-15	2.141982303e-13	1.914601385e-11	1051
534.2613715	0	-1.665334537e-15	8.460963641e-14	-9.184645996e-12	1085
534.6163415	0	4.080069615e-15	-4.218445214e-14	-3.313458458e-12	1053
535.2537887	0	-7.21644966e-16	-7.118054407e-14	6.30275137e-12	1087
535.6240384	0	3.053113318e-16	-2.715996901e-14	-2.713885421e-12	1055
536.246213	0	3.219646771e-15	1.053741584e-13	-1.014531502e-11	1089
536.631728	0	1.199040867e-14	-7.118745942e-14	-6.472414968e-12	1057
537.2386442	0	4.551914401e-15	-1.536469198e-13	1.400234477e-11	1091
537.6394103	0	7.771561172e-16	3.21923707e-15	8.366749785e-13	1059
538.2310823	0	5.412337245e-15	1.52516206e-14	-1.330231695e-12	1093
538.6470854	0	9.436895709e-16	2.877453873e-14	2.524887357e-12	1061
539.2235273	0	1.915134717e-15	6.151412428e-14	-5.659230641e-12	1095
539.6547532	0	4.857225733e-15	4.254348431e-14	4.317542635e-12	1063
540.2159792	0	-7.133182933e-15	-5.29844e-14	4.68404946e-12	1097
540.6624139	0	4.94049246e-15	-2.241270889e-13	-1.980951162e-11	1065
541.208438	0	1.276756478e-15	2.353201282e-13	-2.218222676e-11	1099
541.6700673	0	-7.771561172e-16	8.586789628e-14	7.56804365e-12	1067
542.2009037	0	7.21644966e-16	-9.44606486e-14	8.640793515e-12	1101
542.6777136	0	1.112998582e-14	2.216156587e-13	2.07681096e-11	1069
543.1933761	0	2.303712776e-15	-1.259929776e-13	1.14270248e-11	1103
543.6853528	0	-1.887379142e-15	-2.645160841e-13	-2.382321699e-11	1071
544.1858554	0	-3.302913498e-15	-5.736943136e-14	5.476561406e-12	1105
544.6929848	0	2.414735079e-15	2.40773648e-13	2.265239229e-11	1073
545.1783415	0	-4.080069615e-15	7.281720502e-14	-6.958833235e-12	1107
545.7006097	0	-1.01307851e-14	3.500557717e-14	3.198909393e-12	1075
546.1708344	0	-3.663735981e-15	5.28006659e-14	-5.649361902e-12	1109
546.7082276	0	1.665334537e-15	-1.456986289e-13	-1.348577144e-11	1077
547.163334	0	-7.21644966e-16	-5.159505713e-14	4.21623467e-12	1111
547.7158384	0	1.082467449e-15	2.37963552e-14	2.324328399e-12	1079
548.1558404	0	2.831068713e-15	-1.733173825e-14	1.850528584e-12	1113
548.7234421	0	4.080069615e-15	8.574869616e-14	8.120498739e-12	1081
549.1483535	0	-7.077671782e-15	-8.022247495e-15	1.037572285e-12	1115
549.7310388	0	4.329869796e-15	-8.981037115e-14	-8.726109384e-12	1083
550.1408733	0	5.356826094e-15	-4.691413191e-14	4.735269134e-12	1117
550.7386285	0	3.441691376e-15	-8.38483883e-14	-7.822314826e-12	1085
551.1333997	0	-1.507127756e-14	2.324759075e-14	-2.301129302e-12	1119
551.7462113	0	1.110223025e-15	-3.233196298e-14	-3.807746255e-12	1087
552.1259329	0	1.748601264e-15	1.013951197e-13	-9.69580619e-12	1121
552.753787	0	-3.497202528e-15	1.733222292e-13	1.573382015e-11	1089
553.1184727	0	-7.605027719e-15	-1.2657875e-14	1.252352209e-12	1123
553.7613558	0	-4.413136523e-15	-2.727578136e-14	-2.578877138e-12	1091
554.1110191	0	-4.718447855e-15	-9.63132165e-14	9.347799464e-12	1125
554.7689177	0	-4.996003611e-15	-3.810696365e-14	-3.665352049e-12	1093
555.1035722	0	1.249000903e-15	1.733231448e-13	-1.676402549e-11	1127
555.7764727	0	-2.72004641e-15	-2.24830418e-15	-4.603819073e-13	1095
556.0961318	0	8.881784197e-16	-1.176876099e-13	1.065738928e-11	1129
556.7840208	0	7.299716387e-15	8.355292011e-15	8.449709621e-13	1097
557.0886981	0	-9.436895709e-16	-1.70937011e-13	1.588590629e-11	1131
557.791562	0	-1.276756478e-15	1.168006439e-13	1.073384632e-11	1099
558.0812709	0	5.551115123e-15	3.33612775e-13	-3.217794883e-11	1133
558.7990963	0	-9.436895709e-16	-4.871040507e-14	-4.92838628e-12	1101
559.0738502	0	3.441691376e-15	-2.190548887e-13	2.128645362e-11	1135
559.8066239	0	-2.137179322e-15	-1.543245972e-13	-1.455931989e-11	1103
560.0664361	0	2.803313137e-15	2.593680559e-14	-2.242114927e-12	1137
560.8141446	0	3.469446952e-15	1.164148521e-13	1.041874814e-11	1105
561.0590285	0	5.662137426e-15	1.34298813e-13	-1.213998132e-11	1139
561.8216585	0	3.635980406e-15	9.478536853e-14	8.545486081e-12	1107
562.0516274	0	2.858824288e-15	-9.644382247e-14	9.03458651e-12	1141
562.8291656	0	3.858025011e-15	-1.052321706e-13	-1.039375969e-11	1109
563.0442327	0	1.859623566e-15	-3.86298571e-14	3.477656927e-12	1143
563.836666	0	5.828670879e-16	-7.676143567e-14	-7.791649177e-12	1111
564.0368446	0	-2.997602166e-15	-1.863187102e-14	1.766088619e-12	1145
564.8441596	0	-3.524958103e-15	9.950358085e-14	9.563865537e-12	1113
565.0294628	0	-5.495603972e-15	1.125301494e-13	-1.102640755e-11	1147
565.8516465	0	6.994405055e-15	9.814324483e-14	9.849426591e-12	1115
566.0220875	0	6.189493362e-15	-2.059196016e-13	1.98934581e-11	1149
566.8591267	0	-5.467848396e-15	-1.371654975e-13	-1.279964036e-11	1117
567.0147186	0	2.2759572e-15	3.731188967e-14	-3.317863677e-12	1151
567.8666003	0	1.523781101e-14	3.901634318e-14	4.017166989e-12	1119
568.0073561	0	1.096345237e-14	9.217951444e-14	-8.827689399e-12	1153
568.8740671	0	-1.082467449e-15	-5.12841771e-14	-5.363998483e-12	1121
569	0	4.218847494e-15	-2.439630341e-16	4.997083162e-13	1155
569.8815273	0	7.022160631e-15	1.128819567e-13	1.085734022e-11	1123
569.9926502	0	-8.54871729e-15	6.944747743e-14	-6.840077097e-12	1157
570.8889809	0	5.273559367e-15	-1.062323383e-13	-9.808638118e-12	1125
570.9853068	0	-1.382227666e-14	-1.181195468e-13	1.152888315e-11	1159
571.8964278	0	-8.326672685e-16	1.384500153e-14	8.364887128e-13	1127
571.9779697	0	1.165734176e-15	-3.985920866e-14	3.425517333e-12	1161
572.9038682	0	-1.110223025e-15	4.161509019e-14	3.829762474e-12	1129
572.9706389	0	7.549516567e-15	8.881084233e-14	-8.445479646e-12	1163
573.9113019	0	-2.020749933e-26	-8.037560218e-14	-7.838417828e-12	1131
573.9633145	0	3.469446952e-15	1.957713721e-14	-2.23968207e-12	1165
574.9187291	0	-5.717648577e-15	4.880880615e-14	4.382006844e-12	1133
574.9559963	0	-2.192690474e-15	-6.356154678e-14	6.154767683e-12	1167
575.9261498	0	-3.858025011e-15	9.073590587e-14	8.493682134e-12	1135
575.9486843	0	-4.635181128e-15	-1.975805923e-14	1.320390187e-12	1169
576.9335639	0	-3.219646772e-15	-8.529262052e-14	-7.417658767e-12	1137
576.9413786	0	5.884182031e-15	8.202380291e-14	-8.653268962e-12	1171
577.9340792	0	3.497202528e-15	3.534139358e-14	-3.992934519e-12	1173
577.9409715	0	-5.578870699e-15	4.577259549e-14	4.058276322e-12	1139
578.9267859	0	4.551914401e-15	-2.248823644e-13	2.1213797e-11	1175
578.9483726	0	-3.302913498e-15	2.014613678e-14	1.709566125e-12	1141
579.9194988	0	3.108624469e-15	2.393077275e-13	-2.325483946e-11	1177
579.9557673	0	-1.637578961e-15	4.310973527e-14	4.186517246e-12	1143
580.912218	0	3.996802889e-15	-8.081363617e-14	7.864788698e-12	1179
580.9631554	0	3.524958103e-15	-2.411122372e-14	-2.392143805e-12	1145
581.9049433	0	-4.024558464e-15	-2.765696875e-14	3.149611983e-12	1181
581.9705372	0	5.884182031e-15	-9.130439473e-14	-8.671190623e-12	1147
582.8976747	0	-2.664535259e-15	-3.66809413e-14	3.091402396e-12	1183
582.9779125	0	-6.022959909e-15	6.065858469e-14	5.918059831e-12	1149
583.8904123	0	2.053912596e-15	8.580515741e-15	-6.868429127e-13	1185
583.9852814	0	-2.498001805e-15	-2.572337798e-15	-2.127420045e-15	1151
584.883156	0	3.691491557e-15	5.426507505e-14	-5.030233298e-12	1187
584.9926439	0	-1.124100812e-14	1.077148907e-13	1.100296697e-11	1153
585.8759058	0	-3.469446952e-15	-1.157991884e-13	1.173234312e-11	1189
586	0	-4.635181128e-15	-2.472149581e-13	-2.389037771e-11	1155
586.8686617	0	1.529332216e-14	7.835678279e-14	-7.551259598e-12	1191
587.0073498	0	8.54871729e-15	1.017112907e-13	9.619347522e-12	1157
587.8614237	0	4.773959006e-15	2.680420772e-14	-2.398064895e-12	1193
588.0146932	0	1.362798763e-14	-6.527018255e-14	-6.666761665e-12	1159
588.8541918	0	-3.858025011e-15	-8.471654678e-15	9.806312834e-13	1195
589.0220303	0	-2.192690474e-15	1.244497392e-13	1.216255326e-11	1161
589.8469659	0	-6.356026816e-15	7.784007373e-15	-1.022750666e-12	1197
590.0293611	0	-7.854827899e-15	-1.432442846e-13	-1.433443771e-11	1163
590.839746	0	3.996802889e-15	7.289071496e-14	-6.767902564e-12	1199
591.0366855	0	-2.91433544e-15	-4.132899045e-14	-3.726480637e-12	1165
591.8325321	0	1.110223025e-15	-1.732971713e-13	1.75368619e-11	1201
592.0440037	0	2.053912596e-15	1.114950069e-13	1.026382539e-11	1167
592.8253242	0	4.135580767e-15	3.427892706e-13	-3.383715686e-11	1203
593.0513157	0	4.718447855e-15	6.144686795e-14	5.662113806e-12	1169
593.8181223	0	-4.718447855e-16	-2.010750468e-13	1.933690986e-11	1205
594.0586214	0	-5.856426455e-15	-4.923495927e-14	-5.135570051e-12	1171
594.8109264	0	6.106226635e-16	4.749047361e-14	-4.865665887e-12	1207
595.0659208	0	-3.913536162e-15	5.35322666e-14	4.545420327e-12	1173
595.8037364	0	-3.858025011e-15	1.764489806e-14	-2.125792392e-12	1209
596.0732141	0	-4.135580767e-15	2.328032243e-14	1.825833672e-12	1175
596.7965524	0	-2.969846591e-15	-9.885381318e-14	9.758676955e-12	1211
597.0805012	0	-2.664535259e-15	-1.032289107e-13	-1.02940084e-11	1177
597.7893743	0	-7.771561172e-16	-5.884853209e-14	5.86533659e-12	1213
598.087782	0	-3.941291737e-15	-7.726728363e-14	-7.233678659e-12	1179
598.7822021	0	8.298917109e-15	1.873450949e-13	-1.85964602e-11	1215
599.0950567	0	4.690692279e-15	1.450516551e-13	1.384754669e-11	1181
599.7750358	0	6.272760089e-15	1.202972653e-14	-1.61120805e-12	1217
600.1023253	0	4.107825191e-15	-1.669423553e-15	3.689926337e-13	1183
600.7678754	0	3.941291737e-15	-8.461519845e-14	8.198018874e-12	1219
601.1095877	0	-1.970645869e-15	4.723132127e-14	4.425545318e-12	1185
601.7607209	0	6.605826997e-15	-7.20685387e-14	6.866044275e-12	1221
602.116844	0	-3.941291737e-15	3.286288791e-14	3.349686653e-12	1187
602.7535722	0	-2.886579864e-15	2.070059102e-13	-2.059530342e-11	1223
603.1240942	0	2.969846591e-15	-9.467124928e-14	-9.095824118e-12	1189
603.7464293	0	6.217248938e-15	-9.695995612e-14	9.855299818e-12	1225
604.1313383	0	-1.557087792e-14	1.868817771e-14	2.141181646e-12	1191
604.7392923	0	4.857225733e-15	-9.505111748e-14	9.083118013e-12	1227
