200.0020145	-156.2962782	3.1089304	4.172223211e-11	-2.082214529e-12	4.017821392
200.0032034	-584.8059237	1.341133061	-5.014810749e-12	5.387576402e-14	4.413177339
200.0083435	-40.39683812	3.217538687	-5.48617539e-11	3.988552961e-12	3.955649226
200.0093762	-119.0795217	3.152730407	1.260082523e-10	-8.941816802e-12	3.996945392
200.0114776	-80.29160187	3.188980911	-2.293834481e-10	1.557194509e-11	3.976220382
200.0116342	-1082.781524	-4.681300807	5.244262249e-13	-5.407938098e-13	5.233626016
200.0241147	-821.5715981	-1.01816311	1.840729201e-12	-1.672193698e-13	4.760363262
200.0247074	694.6690236	-1.799378701	-1.028506716e-12	3.779708774e-14	3.395987574
200.0460861	477.5661546	2.110746217	-1.995354539e-11	1.84495667e-12	3.617785076
200.0716313	-716.4994318	0.1563111896	-6.511989824e-13	-3.213214425e-13	4.596873776
200.0886104	604.9674858	0.3897032073	7.940560359e-11	-5.945028656e-12	3.492205936
200.1048559	-565.0840473	1.491001019	-4.481303752e-12	-1.638601551e-13	4.39017998
200.1392878	461.1474622	2.251818797	2.045538828e-11	2.958714656e-11	3.634963624
200.1409883	752.5846098	-3.823569487	2.369760203e-12	-2.019375652e-13	3.33647139
200.16672	-1019.62419	-3.704291298	-8.060216939e-13	6.874510055e-13	5.114085826
200.1739992	-889.296192	-1.868128202	1.235623677e-12	-7.00203905e-13	4.877362564
200.1793992	684.6569342	-1.491406687	-2.565941372e-13	2.091204267e-14	3.409828134
200.1835026	804.323225	-6.149427908	-9.495235581e-13	8.284220319e-14	3.282988558
200.2010244	-545.0129102	1.635670712	4.981544093e-12	2.432724715e-12	4.367286586
200.2013795	-804.7659751	-0.8126776359	3.488911681e-13	1.238233413e-12	4.736253553
200.2139216	-698.6233338	0.338464018	-6.195458554e-12	2.923244626e-13	4.57323072
200.2167842	592.6319092	0.6198678953	-8.50688752e-12	6.893925449e-13	3.507602642
200.2211952	-955.2103095	-2.765128194	-3.010903831e-13	-2.389939114e-13	4.995302564
200.2280068	444.1093579	2.383057655	-6.398665617e-12	4.986246842e-13	3.652338847
200.2830524	-1067.652778	-4.429592799	-5.309291732e-11	3.521011291e-11	5.208591856
200.2917151	-524.5646854	1.775018064	-3.060252419e-12	1.976273039e-13	4.344499639
200.3120898	743.8197871	-3.460964051	-3.672930284e-12	3.127919128e-13	3.349219281
200.3121915	426.4013872	2.504534245	-4.332985379e-12	3.231658364e-13	3.669909315
200.3306531	674.3940445	-1.193166154	1.478759347e-12	-1.229639197e-13	3.423863323
200.3409996	579.9302535	0.8399611901	3.564427425e-12	-2.865466385e-13	3.523200776
200.3507232	-680.5250918	0.5162335242	9.001323332e-12	-5.603068984e-13	4.54967533
200.3686494	796.5124246	-5.736461104	-2.827114032e-12	2.446617538e-13	3.294729222
200.3731775	-787.7995552	-0.6109723191	-4.31711534e-12	2.607189996e-13	4.712219446
200.3750965	-873.0307881	-1.649242266	-2.202318781e-12	1.301339196e-13	4.852984845
200.3769347	-503.7072213	1.908916988	1.863152442e-12	-1.227927244e-13	4.32182166
200.3917913	407.9619661	2.616326766	4.522726704e-12	-3.45275338e-13	3.687673465
200.4149083	-1004.179431	-3.462430098	1.414187639e-12	-8.050967806e-14	5.089248602
200.4459391	-939.3916784	-2.534164722	5.595965745e-13	-3.227042916e-14	4.970683294
200.456691	-482.4025492	2.037239445	-8.026801669e-12	5.269199723e-13	4.299255211
200.4611949	566.843356	1.049984341	-2.593675634e-12	2.08180681e-13	3.539000313
200.4667574	388.7138085	2.718519846	-5.122597185e-12	3.91793279e-13	3.705629603
200.4784022	663.8686031	-0.9047205059	-2.102991059e-12	1.738423622e-13	3.43809441
200.4801562	734.8627137	-3.107523053	4.903439074e-12	-4.156348624e-13	3.362150461
200.4820368	-662.1911542	0.689511799	-2.109875333e-12	1.3209763e-13	4.526209764
200.5309926	-460.6046437	2.159855525	-2.633393401e-12	1.754928209e-13	4.27680289
200.5370423	368.5580495	2.81120422	-8.959317762e-13	6.800817608e-14	3.723775916
200.539506	-770.6637964	-0.4131411374	1.937167695e-12	-1.177872391e-13	4.688262823
200.5491466	-1052.444253	-4.180450125	2.626797837e-13	-1.467383855e-14	5.183609002
200.5511591	788.5535186	-5.331903177	3.457864331e-12	-2.987400173e-13	3.306638064
200.5707554	-856.6327906	-1.43378164	2.691372071e-12	-1.594091821e-13	4.828675633
200.5773091	553.3505795	1.24994699	-3.333204991e-12	2.651388906e-13	3.55500106
200.5998492	-438.2561732	2.276633531	7.603821283e-12	-5.034286421e-13	4.254467329
200.6025998	347.3677062	2.894476399	-7.945159048e-12	5.980351112e-13	3.742110472
200.607864	-643.6067406	0.8581887204	-4.548518825e-12	2.873054892e-13	4.502836226
200.62258	653.068211	-0.626125249	-4.289202321e-13	3.463919123e-14	3.452522505
200.6451193	725.7046429	-2.763350124	-4.790650245e-12	4.052897856e-13	3.375267002
200.6577308	-988.6411017	-3.223389944	2.698345894e-13	-1.581833113e-14	5.064467799
200.6632712	-415.2840677	2.387440082	-1.021326508e-11	6.821996872e-13	4.232251198
200.6633854	324.9820922	2.968438321	-3.23588591e-12	2.391927257e-13	3.760631234
200.6652787	-923.4622693	-2.306307905	2.231809258e-12	-1.299636132e-13	4.946126158
200.6892827	539.4296039	1.439867079	6.978010649e-12	-5.545436169e-13	3.571202658
200.7003633	-753.3495208	-0.2192802237	-4.94391602e-12	3.022304354e-13	4.664385604
200.7193557	301.2049868	3.033197003	1.277105641e-11	-9.561133157e-13	3.77933606
200.7212703	-391.5940265	2.492140216	7.563064874e-12	-5.04960804e-13	4.210157196
200.7282069	-624.7556707	1.022151967	4.207265511e-12	-2.652082228e-13	4.479556961
200.7309647	780.4398112	-4.935886699	1.821960197e-12	-1.561847565e-13	3.318717734
200.7497345	829.7694722	-7.395670261	1.162309357e-14	-1.102803471e-15	3.267913405
200.7609718	-840.0956615	-1.221831349	-2.095950639e-12	1.248482133e-13	4.804436627
200.7631208	641.979764	-0.3574278468	-1.072629042e-11	3.08564234e-13	3.467148557
200.770469	275.8102905	3.088864182	-5.945799557e-12	4.412816939e-13	3.798222716
200.7738592	-367.0646729	2.590597515	-8.465871758e-12	5.721571375e-13	4.18818805
200.797057	525.0561661	1.619770727	-1.162032459e-11	6.683702428e-13	3.587604585
200.8069114	716.3364105	-2.428542498	5.810155467e-12	-4.889836358e-13	3.38857085
200.8099091	-1037.15265	-3.933934955	-8.761098258e-12	6.537156003e-12	5.158678699
200.8166851	248.558909	3.13555596	3.239518544e-11	-2.391110599e-12	3.817288881
200.8210514	-341.5429453	2.682674237	2.855660767e-12	-1.903526114e-13	4.166346515
200.8430685	-605.6201566	1.181287039	-5.592018389e-12	3.535294417e-13	4.456374259
200.8557477	-735.8468475	-0.02948787951	-1.717736538e-11	2.151233333e-11	4.640589758
200.8579652	219.2290205	3.173392443	-3.53635205e-11	2.616267917e-12	3.836532151
200.8628619	-314.8433353	2.768231461	-3.487556712e-12	2.406058227e-13	4.144635371
200.8792084	-907.4169644	-2.08163446	-7.795714956e-13	4.390277304e-14	4.921632689
200.8942719	187.6584454	3.202497385	5.362361152e-11	-3.858541371e-12	3.855950052
200.8951807	-973.0051242	-2.987239933	-6.137168213e-13	1.387967604e-13	5.039744799
200.8993065	-286.7543522	2.847129248	2.420647595e-12	-3.332219456e-12	4.123057415
200.8999592	630.5893863	-0.09866759775	6.255688979e-13	-5.042091642e-14	3.481973352
200.9005745	510.2037257	1.789692074	-1.205981909e-12	9.343837323e-14	3.604206159
200.9030147	-1085.017017	-4.664101496	-1.159143657e-10	6.949175969e-12	5.25328203
200.9079992	772.1643094	-4.548539867	5.878186299e-13	-4.964737164e-14	3.330970797
200.9255693	153.7931283	3.22299783	-4.001986115e-11	2.343529705e-12	3.875540043
200.9304023	-257.055531	2.919226809	6.700099624e-11	-4.836459708e-11	4.101615464
200.9396896	822.3317254	-6.960462262	8.384382856e-13	-7.298198815e-14	3.279209245
200.9457418	-823.4124219	-1.013478462	1.235451556e-12	-1.806904689e-14	4.780269569
200.9518231	117.7312637	3.235023768	9.135141434e-12	-1.349446616e-11	3.895299525
200.9524525	-586.1805401	1.335477281	2.29235455e-12	-1.392530309e-13	4.433290454
200.9561677	-225.5468279	2.984382695	-8.968326275e-12	-2.372313273e-10	4.080312346
200.9654647	706.7484065	-2.103190726	-4.504320782e-12	3.786937032e-13	3.402063815
200.9730003	79.7503852	3.238707786	-1.809736675e-11	1.304756318e-12	3.915225844
200.9766221	-192.0891333	3.042454994	4.773781475e-11	-3.269628894e-12	4.0591509
200.9890693	40.30645789	3.234184736	-2.289654195e-11	1.678812812e-12	3.935316305
200.9917862	-156.6503402	3.093301544	-1.065657438e-10	6.199602831e-12	4.038133969
200.999779	494.8430165	1.949673109	-3.536694596e-11	-5.738556298e-11	3.621006538
201	-5.614721854e-13	3.221591408	-3.156899698e-11	2.24170339e-12	3.955568172
201.0016821	-119.3472233	3.136780162	1.55190601e-10	-1.088697977e-11	4.017264397
201.0056584	-718.1451167	0.156135416	-5.610481957e-12	7.057078529e-13	4.616877292
201.0057637	-40.48700766	3.201066215	-4.857944424e-10	3.426756966e-11	3.975978676
201.006333	-80.47115516	3.172748883	4.542247106e-10	-3.155785264e-11	3.996545022
201.0330308	618.8823536	0.1501244531	-1.404342028e-11	-1.196626297e-11	3.496997511
201.0563631	-566.4149506	1.484603922	-4.626107338e-12	7.52611767e-13	4.410307922
201.0653325	-1021.774491	-3.690111062	1.343642257e-13	-6.515796493e-13	5.133802221
201.0821952	763.7197079	-4.169986143	-3.662527767e-12	3.137392971e-13	3.343399723
201.087723	-891.250328	-1.860223009	-2.13883985e-12	7.539056338e-13	4.89720446
201.0946154	478.9414132	2.099763457	-2.503699821e-11	1.671331485e-12	3.638004731
201.1207117	696.9305444	-1.787378408	-5.196781007e-14	6.143451086e-14	3.415747568
201.1250621	-806.5756111	-0.8088121134	1.351247799e-12	-1.265238841e-13	4.756176242
201.1271963	814.7635129	-6.533232248	-8.351581625e-13	-2.234403344e-13	3.290664645
201.1272515	-957.2671841	-2.754050915	4.513500961e-13	-4.848972101e-13	5.015081018
201.1500952	-700.2328011	0.3374870002	9.49254473e-13	4.264413415e-13	4.59325026
201.1548056	-546.2988381	1.628546109	-1.538281562e-12	3.170555457e-13	4.387429078
201.1622718	606.8430051	0.3889255752	-1.157726104e-11	1.238514185e-12	3.512221488
201.1762712	-1069.866618	-4.413169618	-4.691757335e-13	1.250783177e-13	5.228263392
201.1850298	462.461994	2.240020156	9.690360957e-12	-9.125776767e-13	3.655199597
201.2477861	-525.8043051	1.76718096	-3.966940258e-12	7.427653614e-13	4.364656381
201.2534852	755.0983716	-3.800343915	3.57423149e-13	-2.733520673e-12	3.356006878
201.2709698	445.3621112	2.370507407	-7.791345143e-12	7.576670638e-13	3.672589852
201.2725855	686.872225	-1.481181948	-3.615772613e-13	7.529572336e-13	3.429623639
201.2876193	594.4546398	0.617721378	2.376518956e-11	1.623316554e-11	3.527645572
201.2890582	-682.0974039	0.5144620259	-2.526250705e-12	-1.138519501e-13	4.569710759
201.2908174	-874.9565804	-1.642154107	-2.909436657e-12	-1.035082569e-13	4.872843082
201.2989299	-789.5772415	-0.6079235257	-1.95536682e-12	-2.360246088e-14	4.732158471
201.3121892	807.0589442	-6.114121331	5.361150737e-13	-5.049067856e-14	3.302282427
201.3154094	-1006.306109	-3.449043853	-8.296848654e-13	6.900865366e-13	5.108980877
201.3353114	-504.8991149	1.900383622	2.179859046e-12	-3.347906075e-13	4.341992328
201.3523842	427.5912039	2.491296299	-6.574461973e-12	5.021850055e-13	3.690174074
201.3539369	-941.4227135	-2.523895529	1.87281981e-12	-3.626880809e-13	4.990477911
201.4090112	581.6993954	0.8365058085	-3.539113029e-12	2.819747242e-13	3.543269884
201.4173894	-483.5451937	2.028027337	3.153612064e-12	-2.048971785e-13	4.319439453
201.4210191	676.5622978	-1.184670332	2.025542587e-12	-1.668048993e-13	3.443693407
201.4218018	746.2923169	-3.439726157	-4.456811055e-13	3.909880085e-14	3.368794523
201.4225485	-663.7253386	0.686953465	4.60088722e-12	2.563850908e-12	4.546260931
201.4292231	409.0875399	2.602464524	4.232416467e-13	-3.182862096e-14	3.70795071
201.4442157	-1054.635968	-4.164806747	1.137796813e-13	2.531457145e-13	5.203296135
201.4673426	-772.4087461	-0.4109060259	2.616434026e-12	-1.587794538e-13	4.708218121
201.4884871	-858.5295688	-1.427510272	4.346630717e-12	-2.516739955e-13	4.848550205
201.4940285	-461.6963818	2.149983515	1.755605018e-11	-1.164226793e-12	4.29700033
201.4946025	799.2118722	-5.703267297	-1.776064092e-12	1.533424744e-13	3.314065346
201.5014381	389.7736308	2.704096075	1.861949667e-11	-1.413681731e-12	3.725918078
201.5263865	568.5581049	1.045281116	2.200783677e-12	-1.858293905e-13	3.559094378
201.5505676	-645.1017871	0.8548521171	-5.798425019e-12	3.638476746e-13	4.522902958
201.560133	-990.7436298	-3.210800405	-2.898063247e-13	1.42145389e-14	5.084216008
201.5652386	-439.2951738	2.266121826	-1.757505863e-11	1.159120101e-12	4.274677563
201.5659464	665.9890153	-0.8979049324	1.069323244e-12	-8.611710639e-14	3.457958099
201.5689822	369.5503524	2.796280927	-2.09536218e-11	1.586362296e-12	3.744074381
201.5752311	-925.4668717	-2.296848233	-2.35058309e-12	1.367698072e-13	4.965936965
201.5870775	737.2931915	-3.088240107	-3.502024092e-12	2.910032958e-13	3.381764802
201.6302985	-755.0609208	-0.2178550617	5.315234124e-14	-3.723499692e-15	4.684357101
201.6310302	-416.268277	2.376310293	-2.197517471e-12	1.45514027e-13	4.252473794
201.6318096	348.290412	2.879114709	-9.813706383e-13	7.106993971e-14	3.762417706
201.6396849	555.010124	1.244057789	-7.167809859e-12	5.702910204e-13	3.575118844
201.6731178	-626.2105286	1.018046624	-1.548308833e-12	9.792316322e-14	4.499639068
201.6743699	791.2158815	-5.300804249	2.452315587e-12	-2.111661321e-13	3.326016085
201.6807281	-841.9627345	-1.21637601	-9.172765784e-13	5.457574395e-14	4.82432752
201.6898762	325.832791	2.952698369	2.644575384e-11	-1.978175706e-12	3.780946033
201.6914149	-392.5211131	2.4804154	-9.806648349e-12	6.570074632e-13	4.230391692
201.7068404	-1039.321757	-3.91907481	-4.980391616e-13	2.795621142e-14	5.178381496
201.7073015	655.1399824	-0.6209393356	-4.761486821e-12	3.909100424e-13	3.472418787
201.7431393	301.9809628	3.017137829	-1.248091347e-11	9.345308746e-13	3.799657243
201.7464052	-367.9319773	2.578302213	8.277704816e-12	-5.545746994e-13	4.208433956
201.7488474	541.0331223	1.432854455	4.867995338e-12	-3.858998938e-13	3.591342911
201.7492448	728.0922511	-2.745986953	1.092046546e-12	-9.18568873e-14	3.394919739
201.7877962	-737.5238573	-0.02886821408	3.725105854e-12	-2.291322306e-13	4.660577364
201.7902021	-607.0337313	1.176423491	7.078331812e-12	-4.498735737e-13	4.47647153
201.7911286	-909.3945232	-2.072985332	-2.797178897e-13	1.492192328e-14	4.941459707
201.7915573	276.5086132	3.07254364	-1.618460293e-11	1.198855079e-12	3.818549127
201.7945945	-1087.248226	-4.647024964	1.465665257e-13	-1.164554738e-14	5.272940499
201.7960149	-342.3474508	2.669834508	-5.361680324e-13	3.654781409e-14	4.18660331
201.7994966	-975.0829591	-2.975449496	-3.242638446e-13	1.854246862e-14	5.05950899
201.8350906	249.1765913	3.119030629	5.334757338e-12	-3.961678187e-13	3.837619387
201.8402587	-315.5816795	2.754874921	-2.585572586e-12	1.764749603e-13	4.164902502
201.8450192	644.0020984	-0.3538192041	1.50263197e-13	-1.254187435e-14	3.487076384
201.8514251	783.0642745	-4.906862256	3.289362092e-13	-2.804128555e-14	3.338137245
201.853816	526.6028221	1.611697765	3.342260551e-12	-2.62291428e-13	3.607766045
201.8675366	-825.2490772	-1.008837839	-8.66676844e-13	6.092032007e-14	4.800176757
201.8737005	219.7632216	3.156717551	1.96104481e-11	-1.436638887e-12	3.856865649
201.8791526	-287.4228976	2.833285095	5.918232579e-12	-4.033601204e-13	4.143334298
201.8861819	832.6010369	-7.354380275	-2.797545206e-13	2.44239386e-14	3.287087605
201.9018242	-587.551689	1.329867111	-7.762679837e-12	4.917463395e-13	4.453402658
201.9073502	188.1066784	3.185726735	4.8295382e-11	-3.511673898e-12	3.876285465
201.9082366	718.6803345	-2.413061541	1.811893507e-13	-1.510881391e-14	3.408261231
201.9127134	-257.6505024	2.904925856	-2.589806249e-11	1.77300271e-12	4.121901483
201.936004	154.1534204	3.206183744	-2.992273033e-11	2.19226887e-12	3.895876325
201.939835	-719.7868665	0.1559547949	-8.734016865e-12	8.807714404e-13	4.636880904
201.9409595	-226.0645049	2.969657395	1.601838414e-11	-1.110968426e-12	4.100606852
201.9545339	511.6926631	1.780622233	-7.701261892e-13	6.215099703e-14	3.624387555
201.9596279	118.0022324	3.218217031	-6.854459621e-11	4.952057234e-12	3.915635659
201.9639103	-192.5260661	3.027339459	-6.268481583e-11	4.358374387e-12	4.079453211
201.9641382	-1023.920493	-3.676037318	-8.259578847e-14	2.573311354e-14	5.153520746
201.9781892	79.93122012	3.2219576	8.465951256e-11	-6.081470922e-12	3.935560848
201.979035	632.5614902	-0.09658216148	4.847478139e-13	-3.966540127e-14	3.501931643
201.9815863	-157.0035406	3.077831564	1.026136462e-10	-7.14175881e-12	4.058443369
201.9916565	40.39683812	3.217538687	-6.25816245e-12	4.631612877e-13	3.955649226
201.9940095	-119.6142868	3.120993216	6.747724688e-11	-4.698965741e-12	4.037580136
202	-3.154918047e-13	3.205095431	7.598488816e-11	-5.368612183e-12	3.975898091
202.001203	-80.65028762	3.156684149	-1.252691662e-09	8.734628006e-11	4.016866317
202.0016242	-893.2002141	-1.852385015	3.248693553e-12	-3.016980263e-13	4.9170477
202.0031912	-40.57696802	3.184764571	1.034072034e-09	-7.471942719e-11	3.996304709
202.0079885	-567.7424776	1.478259801	2.026134573e-12	-1.221991496e-13	4.430434804
202.0257014	774.7500577	-4.521567004	2.20288179e-12	-1.917897815e-13	3.35043134
202.0334937	-959.3197675	-2.743061638	-8.525642784e-13	5.076717339e-13	5.034861233
202.0489095	-808.3811137	-0.8049843144	-2.500592074e-13	6.267589268e-14	4.776099686
202.0509452	496.2733516	1.939670066	-2.241545043e-12	1.934519042e-13	3.641206599
202.0639856	709.0478354	-2.089552096	1.206406223e-13	-1.243029241e-14	3.421791042
202.0696876	-1072.076174	-4.396865028	1.775558712e-13	-1.083559416e-13	5.247937301
202.0734375	825.1294431	-6.921306979	7.662507163e-13	-7.294641278e-14	3.29842614
202.0864145	-701.8383904	0.3365120972	5.095844332e-12	-8.156128185e-13	4.613269758
202.1087005	-547.5814865	1.621481842	-1.137816421e-12	-1.400182731e-13	4.407570363
202.109285	620.8034355	0.1507422908	-2.365056393e-12	1.114488848e-13	3.516985154
202.1429955	480.3122246	2.088890958	4.742500324e-12	-3.672322207e-13	3.658222181
202.197132	766.2659257	-4.145039454	-1.20073966e-12	1.901013239e-13	3.362900789
202.203966	-527.0407478	1.759411529	-1.357702341e-12	-3.988466523e-13	4.384811769
202.2067132	-876.878146	-1.635127374	-2.140300569e-12	4.061671556e-13	4.892702547
202.2161018	-1008.428494	-3.435759402	1.31042442e-12	-7.222516782e-13	5.128715188
202.2164252	699.1846708	-1.775539966	-2.652684326e-12	-3.330448832e-13	3.435510799
202.2248439	-791.3508326	-0.6049060442	1.523485423e-12	5.483632824e-14	4.752098121
202.2275354	-683.6658995	0.5126996785	2.723920925e-12	1.045719166e-13	4.589746006
202.2306315	463.7723074	2.228341863	-3.447241971e-12	4.290473203e-13	3.675433163
202.2357061	608.7122742	0.3881328261	3.122906631e-11	-2.81661708e-12	3.532237343
202.2582349	817.526587	-6.496200716	-8.663795801e-13	4.895372156e-14	3.309924014
202.2621184	-943.4494711	-2.513709108	-4.629788337e-13	-3.053665108e-13	5.010274182
202.2937922	-506.0879403	1.891925228	2.111385292e-11	5.118671935e-14	4.362161495
202.3138013	446.6108778	2.358086754	1.994843257e-11	-1.490495277e-12	3.692838265
202.3394806	-1056.823401	-4.149277653	2.926080434e-13	2.786473851e-14	5.222985553
202.3582359	596.2713046	0.6155763156	6.92646249e-12	-4.004983064e-13	3.547688474
202.3631985	-665.2557723	0.6844113828	1.554615879e-13	-1.416150563e-13	4.566311772
202.3654887	689.0802455	-1.471099384	-5.218074721e-12	4.324901002e-13	3.449421988
202.36565	757.6042439	-3.777395501	2.403870991e-12	-2.067655869e-13	3.37554791
202.3781867	-484.6848849	2.018897439	-2.216737548e-11	1.536610026e-12	4.339622051
202.3924543	428.7772688	2.478196352	1.78771638e-11	-1.384767799e-12	3.710436073
202.3953377	-774.1496423	-0.4086957102	2.477588088e-12	1.33987622e-13	4.728173914
202.406391	-860.4221462	-1.421294437	-6.278488654e-12	2.37010464e-13	4.868425889
202.440509	809.7865745	-6.079200198	-5.411776482e-13	4.635524895e-14	3.321584004
202.4571584	-462.7852882	2.140200878	-2.871192079e-12	2.020398441e-13	4.317195982
202.4627244	-992.8418713	-3.198307839	1.450754399e-12	-3.85767916e-13	5.103966157
202.4665411	410.2095992	2.588747847	-2.088086102e-11	1.593582588e-12	3.728225043
202.4768132	583.4626621	0.8330678208	-8.821369302e-13	7.182183511e-14	3.563338644
202.4853649	-927.4672124	-2.287465977	1.28709873e-12	-1.580851589e-13	4.98574932
202.4934055	-646.5931532	0.8515389214	3.525037348e-12	-2.118492767e-13	4.542969222
202.5111101	678.723413	-1.176297258	7.827591898e-12	-6.471672517e-13	3.463525945
202.5307168	-440.3314716	2.255706558	-4.293846512e-12	2.85718212e-13	4.294885869
202.5311885	748.7570304	-3.418745655	-4.4124369e-12	3.736651581e-13	3.388374913
202.5360137	390.8301795	2.689824599	9.20777901e-12	-6.979069087e-13	3.746203508
202.560389	-756.7683127	-0.2164480805	1.869356552e-13	-1.150189124e-14	4.704328962
202.5913772	570.2671749	1.040610556	5.629805623e-12	-4.477262251e-13	3.579187789
202.5988725	-417.2499202	2.365283887	5.621220122e-12	-3.710731339e-13	4.272694322
202.6006538	-843.8256357	-1.210970195	5.439986874e-12	-3.218049995e-13	4.844219404
202.6008256	370.539626	2.78151583	-5.763388581e-12	4.35505102e-13	3.764369683
202.6039657	-1041.486584	-3.904324524	1.074800755e-13	-6.122481484e-15	5.19808649
202.6181589	-627.6617814	1.013971889	-4.679925493e-12	2.952213748e-13	4.519720562
202.6201945	801.9032555	-5.670440781	-1.265611008e-12	1.083639374e-13	3.333408816
202.6532236	668.1024296	-0.8911929836	-1.632417184e-12	1.348786807e-13	3.47782386
202.6609316	349.2103379	2.863916301	1.209320394e-11	-9.055021005e-13	3.782721674
202.6616371	-393.4457792	2.46880077	-3.582781507e-12	2.406439128e-13	4.250623985
202.6863725	-1089.475175	-4.630069934	-4.234744438e-13	2.345015393e-14	5.292601399
202.6936806	739.7159346	-3.069194718	-1.786022261e-12	1.496012294e-13	3.401383894
202.7018687	556.6641914	1.23821582	-8.077282817e-12	6.409204165e-13	3.595235684
202.7032277	-911.3678385	-2.064408145	-1.501390678e-12	8.749679058e-14	4.961288163
202.7039995	-977.156517	-2.96375109	-1.416846796e-12	8.081551386e-14	5.079275022
202.7162878	326.6809653	2.937125982	-6.781184416e-12	5.093407416e-13	3.80125748
202.7190232	-368.7970172	2.566123733	1.44233204e-11	-9.671601329e-13	4.228677525
202.7199966	-739.196908	-0.02826002127	-1.70820902e-12	1.04444061e-13	4.6805652
202.7374617	-608.4437812	1.171597783	2.164504572e-12	-1.363945297e-13	4.496568044
202.766852	302.7546765	3.001249721	-8.237824897e-12	6.121520221e-13	3.819975006
202.7710445	-343.1498593	2.657118049	6.278214091e-12	-4.267878969e-13	4.206857639
202.789498	-827.0815926	-1.004240618	1.387388056e-12	-8.260590928e-14	4.820084812
202.7917642	657.204904	-0.6158382806	-4.888870625e-12	3.999324485e-13	3.492316766
202.7972256	793.8702124	-5.27005412	1.597562594e-12	-1.375581105e-13	3.345401082
202.808229	542.6313705	1.425902903	-2.114754723e-12	1.653722465e-13	3.611481942
202.8125831	277.2049425	3.056396899	-3.306778732e-11	2.436483525e-12	3.838872062
202.8177157	-316.3181068	2.741647879	-1.442238201e-11	9.744978287e-13	4.185167042
202.8513176	-588.9193984	1.324302031	2.784754911e-12	-1.773048001e-13	4.473513959
202.8530595	730.4722148	-2.728841491	4.938323216e-12	-4.150428228e-13	3.41457683
202.8534417	249.7925536	3.10268109	2.041672642e-11	-1.51128936e-12	3.857946378
202.8590527	-288.0897195	2.819576427	-1.247660577e-11	8.517174762e-13	4.163608471
202.8631359	-1026.062219	-3.662068891	-9.078128558e-13	5.108212765e-14	5.173241378
202.8741599	-721.4247102	0.1557694958	-3.388449278e-12	2.088638468e-13	4.65688461
202.8893897	220.2959777	3.140219721	1.960223365e-11	-1.436524095e-12	3.877195606
202.8950723	-258.2439561	2.890766104	6.801049677e-11	-4.661195784e-12	4.142184678
202.9104008	528.1444193	1.603698959	3.713781998e-12	-2.930823602e-13	3.627926021
202.9157019	-895.1458776	-1.844613363	2.300182286e-12	-1.344173445e-13	4.936892267
202.9203903	188.5537373	3.169133726	-8.917577424e-12	6.486597755e-13	3.896617325
202.9257928	-226.5808804	2.955078711	-2.984161898e-11	2.038311432e-12	4.120898426
202.9266673	646.0177385	-0.3502770606	4.986674482e-12	-4.07233344e-13	3.507005541
202.9399209	-961.3680857	-2.732159327	-1.478872686e-12	8.508389745e-14	5.054643187
202.9464084	154.5128003	3.189547211	2.980367247e-11	-2.154718627e-12	3.916209056
202.9512334	-192.9619199	3.012375625	-2.102259679e-11	1.448139072e-12	4.099752487
202.9597313	-569.0666557	1.471968028	2.508427576e-12	-1.613403715e-13	4.450560639
202.9633006	-1074.281469	-4.380677778	4.536929585e-13	-2.513069072e-14	5.267613556
202.9674102	118.2725373	3.201587119	1.432593192e-11	-1.020436652e-12	3.935968258
202.9714146	-157.3558863	3.062518011	6.248753221e-11	-4.354991227e-12	4.07874964
202.9715365	785.6807464	-4.878167824	1.031955818e-12	-8.837504111e-14	3.357563356
202.9729205	-810.1825114	-0.801193683	-1.835645e-12	1.100979958e-13	4.796023874
202.9833632	80.11162459	3.205382906	8.281520639e-11	-5.906061285e-12	3.955892342
202.9863582	-119.8807169	3.105367033	-5.502460902e-11	3.829336019e-12	4.057892659
202.9942363	40.48700766	3.201066215	5.946765624e-11	-4.184783538e-12	3.975978676
202.9960872	-80.82900239	3.140784093	1.751870522e-10	-1.233585457e-11	4.037184318
203	-6.793168327e-16	3.188770569	-2.532625385e-10	1.798569454e-11	3.996224589
203.000626	-40.66672074	3.168631067	-1.144246789e-10	8.028132644e-12	4.016627379
203.0083277	513.1767573	1.771638856	1.923378135e-12	-1.506379656e-13	3.644567223
203.0092583	721.0167129	-2.397778485	-1.060190389e-12	8.886347326e-14	3.42795557
203.022249	835.4245428	-7.313521364	-2.44873756e-13	2.145346027e-14	3.306270427
203.0228787	-703.4401306	0.3355393897	1.983823395e-12	-1.214169561e-13	4.633289212
203.0578689	634.5270626	-0.09454532027	-5.018377033e-12	4.058972199e-13	3.521890906
203.0627081	-548.8608822	1.614477173	-1.064167226e-12	6.723260756e-14	4.427710457
203.1019547	497.699063	1.929765002	1.531429005e-13	-1.222351697e-14	3.6614047
203.1169842	-1010.546609	-3.422575604	2.497554569e-13	-1.404275354e-14	5.148451512
203.1227828	-878.7955124	-1.628161266	4.749855158e-14	4.759451053e-14	4.912563225
203.143061	777.3278633	-4.494905113	-2.105439809e-18	-7.685911566e-19	3.369898102
203.1509186	-793.1203572	-0.601919391	1.566673273e-12	-3.549122934e-13	4.772038388
203.160254	-528.2740397	1.75170892	-3.194530671e-12	1.984829962e-13	4.404965822
203.1622107	711.3398258	-2.076091651	7.84325596e-13	-6.604561792e-14	3.441521833
203.1661536	-685.2306072	0.510946471	2.022833531e-12	3.116059046e-14	4.609781071
203.1704825	-945.4719773	-2.503604465	1.433495975e-12	2.505366415e-13	5.030072089
203.1853058	622.7181556	0.1513289352	1.89850925e-12	-1.563706542e-13	3.536973421
203.1912278	481.6786354	2.078127143	-3.851397566e-12	2.996517794e-13	3.678437457
203.2068104	827.9191054	-6.882565992	-5.168492258e-14	4.473507075e-15	3.31765132
203.2349402	-1059.006575	-4.133861622	3.566520482e-14	-4.304836136e-14	5.242677232
203.2523762	-507.2737227	1.883540837	7.677550051e-12	-1.934543986e-12	4.382329183
203.2760943	465.0784466	2.216782144	-5.437810917e-14	3.5850266e-14	3.695664357
203.3039857	-666.7824837	0.6818854466	1.031218306e-13	1.232998208e-13	4.586362291
203.3089154	610.575358	0.3873257399	1.709546283e-12	-4.004615004e-13	3.552253485
203.3117328	768.8042576	-4.120384491	-1.243225979e-14	6.61764019e-16	3.38240769
203.3118504	701.4314741	-1.763860139	-8.616746279e-13	7.186631671e-14	3.455277203
203.3234902	-775.8865138	-0.406509782	5.446458671e-13	-3.221767438e-13	4.748130196
203.3244661	-862.3105507	-1.415133396	-1.315431479e-12	2.06623259e-13	4.888302668
203.3390824	-485.8216474	2.00984867	-6.672340667e-12	3.411005921e-13	4.359803027
203.3565028	447.8556993	2.345793741	3.35041325e-12	-3.069218957e-13	3.713084125
203.3655038	-994.9358513	-3.185911143	-2.847096529e-13	3.281007188e-13	5.123718223
203.3889039	820.2816164	-6.459566264	-1.815921573e-13	-1.886311995e-13	3.329191325
203.3956789	-929.4633179	-2.278160193	-7.750344941e-13	3.369423317e-13	5.005563204
203.4203814	-463.8713866	2.130506416	7.749311769e-12	-1.105688457e-12	4.337389872
203.4286363	598.081967	0.6134331858	7.722179626e-13	-1.812599232e-14	3.567731336
203.4324031	429.9596205	2.465232287	-2.926255375e-11	1.624710265e-12	3.730695354
203.4363768	-648.0808674	0.84824893	-2.869094799e-11	2.297831332e-12	4.563035021
203.4581115	691.2810666	-1.461156067	-3.028700206e-11	2.555593211e-12	3.469223121
203.4774856	760.1022958	-3.754719412	-9.001668958e-11	-6.170603214e-11	3.395094388
203.4906336	-758.4717251	-0.2150589501	-4.238143347e-12	5.728783587e-13	4.724301179
203.4962828	-441.3650892	2.245386412	-1.841254459e-13	-1.486989911e-13	4.315092272
203.501284	-1043.647155	-3.889682907	3.800368043e-13	-2.220694923e-13	5.217793658
203.5037465	411.3281803	2.575174469	6.350441361e-12	-2.415758347e-13	3.748496511
203.5207479	-845.684393	-1.205613226	3.491908919e-12	-4.174943938e-13	4.864112265
203.5444074	585.2201152	0.8296474108	5.465249148e-13	8.114227241e-15	3.583407052
203.5633293	-629.1094571	1.009927457	3.640593558e-12	-5.111986534e-13	4.539801451
203.5667973	-418.2290191	2.35435943	-1.231547258e-11	8.661066631e-13	4.292912811
203.5684648	812.5061781	-6.044658529	1.418110117e-13	-1.196032828e-14	3.340893171
203.5704853	391.8834877	2.675703023	1.708074524e-11	-2.011266445e-12	3.76648594
203.5783478	-1091.697887	-4.613235145	-5.295746733e-13	2.797338514e-13	5.312264703
203.6009286	680.8774604	-1.168044318	-3.784044744e-12	3.105502036e-13	3.483360886
203.6086884	-979.2258234	-2.95214365	-1.224545147e-12	-2.593068196e-13	5.099042873
203.6155046	-913.3369373	-2.055902002	-6.468379136e-13	-6.609594451e-14	4.98111804
203.6319363	-394.3680455	2.457294776	1.857564671e-11	-1.2757154e-12	4.270854104
203.6325736	371.5259011	2.766906422	-1.685620907e-11	1.265644952e-12	3.784661872
203.640253	751.2139971	-3.398017967	-1.980673176e-13	1.626336247e-14	3.407960359
203.6523478	-740.8660283	-0.0276630524	-8.728186882e-12	4.911148378e-12	4.700553261
203.6561691	571.9706258	1.035972559	1.025723686e-11	-8.149046926e-13	3.599280549
203.6848464	-609.8503338	1.166809507	-3.648785294e-12	2.305592009e-13	4.51666381
203.6899666	350.1275118	2.848878571	1.0350251e-11	-7.754547588e-13	3.803022429
203.6917127	-369.6598119	2.554060411	-1.717526954e-11	1.149381763e-12	4.248918792
203.7116249	-828.9099962	-0.9996861843	-4.666792405e-12	2.774970363e-13	4.839993724
203.7402365	670.2089157	-0.8845823613	-2.698249078e-12	2.185507407e-13	3.497691647
203.7426209	327.5266403	2.921718479	-2.094701088e-11	1.557271249e-12	3.82156563
203.7454283	804.5866379	-5.63797575	-1.123673499e-12	9.649855101e-14	3.352759515
203.7461398	-343.9501886	2.64452308	1.574607003e-11	-1.057881845e-12	4.227109538
203.7623248	-1028.199693	-3.648204621	1.27806814e-12	-7.198503139e-14	5.192964092
203.7638623	558.3128394	1.232420711	-1.164210677e-11	9.205853438e-13	3.615351586
203.7904945	303.5261501	2.985529932	1.076300197e-11	-8.015166481e-13	3.840289401
203.7952325	-317.0526334	2.728548446	1.04225383e-11	-7.080236526e-13	4.205429031
203.7999685	742.131013	-3.050382578	-1.38547973e-12	6.706770669e-14	3.421007652
203.8009319	-590.2836955	1.318781531	1.930890382e-12	-1.224228948e-13	4.493624369
203.8086321	-723.0586764	0.1555796829	-1.362703153e-13	9.297404737e-15	4.676888406
203.8299549	-897.0873456	-1.836907212	2.825641994e-12	-1.649502415e-13	4.956738144
203.833547	277.8992973	3.040421163	-9.060437223e-12	6.639238565e-13	3.859191577
203.8390065	-288.7548323	2.806001245	-2.788161309e-11	1.892923394e-12	4.183879975
203.8465318	-963.4121644	-2.721342958	-4.269770122e-12	2.44854734e-13	5.074426859
203.8571091	-1076.482527	-4.364606634	2.456710279e-13	-1.361521549e-14	5.287292133
203.8674291	544.2244038	1.419011787	7.644068067e-12	-6.023394418e-13	3.631619764
203.871739	250.4068121	3.086504515	1.908529403e-11	-1.401560651e-12	3.87826991
203.8759707	659.2630444	-0.6108201011	7.193822048e-12	-5.880470919e-13	3.512216402
203.8774787	-258.8359049	2.876745447	5.036955391e-11	-3.443150208e-12	4.162465091
203.897094	-811.9798324	-0.7974396746	1.652702839e-12	-9.863137763e-14	4.815948793
203.905033	220.8273017	3.123896108	1.291052671e-11	-9.380033936e-13	3.897522078
203.9106671	-227.0959652	2.940644435	-7.614418917e-11	5.224423363e-12	4.141187111
203.9115905	-570.3875118	1.465727986	6.175571012e-12	-3.95189999e-13	4.47068544
203.9197292	796.5165761	-5.239647173	4.029782716e-13	-3.463450396e-14	3.364792943
203.9333926	188.9996323	3.152715506	-4.309922262e-11	3.12689594e-12	3.91694569
203.938591	-193.3967037	2.997561188	4.792482854e-11	-3.300392173e-12	4.120048776
203.956566	732.8446044	-2.711909708	1.931910545e-12	-1.612348326e-13	3.434238194
203.9567828	154.8712756	3.173085386	4.324843028e-11	-3.125006243e-12	3.936538292
203.9594866	-705.0380503	0.3345689547	1.51425544e-12	-9.250589518e-14	4.653308621
203.9612708	-157.7073841	3.047358488	-5.656765984e-12	3.894574947e-13	4.09905283
203.9668129	529.6810109	1.595773422	-7.044110432e-13	5.567379015e-14	3.648084532
203.9751701	118.5421837	3.185131211	-6.032272715e-11	4.32952471e-12	3.956297376
203.9787281	-120.1465184	3.089899131	-5.250098412e-11	3.665751796e-12	4.078202017
203.9885224	80.29160187	3.188980911	-4.489805884e-11	3.185529029e-12	3.976220382
203.9909857	-81.00730253	3.125046152	1.724226986e-10	-1.208923145e-11	4.057499077
203.9968088	40.57696802	3.184764571	-1.221946247e-10	8.636061377e-12	3.996304709
203.9980679	-40.75626731	3.152663069	4.871063582e-10	-3.442218829e-11	4.036946739
204	-2.848069827e-16	3.172614128	-4.015943459e-10	2.82660075e-11	4.016547717
204.0080674	648.026752	-0.3467997472	-2.352488478e-12	1.913776229e-13	3.526935995
204.0168276	-550.1370515	1.607531374	-6.571213775e-12	4.204409431e-13	4.447849373
204.0180557	-1012.660479	-3.409491334	-2.012027328e-12	1.134577646e-13	5.168189827
204.0390252	-880.7087069	-1.621254999	-2.260807415e-12	1.323784471e-13	4.9324251
204.0619577	514.6560592	1.762740819	7.085517097e-12	-5.507208943e-13	3.664745184
204.0771527	-794.8858435	-0.5989630924	-3.616952825e-12	2.176784311e-13	4.791979262
204.0790282	-947.4902583	-2.493580623	2.570333801e-12	-1.471548927e-13	5.049871612
204.091302	788.2892926	-4.849797988	4.641384096e-13	-3.840959562e-14	3.37699596
204.104912	-686.7915555	0.5092023902	2.011256246e-12	-1.241984777e-13	4.629815952
204.1099793	723.345616	-2.382689584	2.486242168e-12	-2.096034873e-13	3.447653792
204.1166493	-529.5042065	1.744072295	2.14369244e-12	-1.38481305e-13	4.425118554
204.1305936	-1061.185513	-4.118557449	3.35822312e-13	-1.875593218e-14	5.262371149
204.1364631	636.48617	-0.09255571685	9.008520821e-13	-7.539538368e-14	3.541851114
204.1528092	499.1201993	1.91995657	-1.150628664e-11	8.993654864e-13	3.681600869
204.1579388	838.2400474	-7.273087238	-1.813371887e-13	1.569610744e-14	3.325461745
204.2110626	-508.4564871	1.875229501	-1.070450854e-12	6.860129494e-14	4.40249541
204.2393138	483.0406916	2.067470462	-4.039077768e-12	3.10608536e-13	3.698650591
204.2427112	-864.1948096	-1.40902642	-2.339872249e-12	1.756444555e-13	4.908180528
204.2449093	-668.3055012	0.6793755503	-2.334521089e-13	-2.265733448e-12	4.606412489
204.251799	-777.6193888	-0.4043478418	1.718153337e-12	1.202439567e-13	4.768086957
204.260081	779.8977928	-4.468548996	-1.957393439e-12	1.660198025e-13	3.38937098
204.2601425	713.6244479	-2.062805939	-6.526149604e-12	5.41933899e-13	3.461256119
204.2610952	624.6265793	0.1518854363	-4.556849015e-12	3.664102147e-13	3.556962291
204.2684703	-997.0255948	-3.173609228	1.827442791e-12	-2.702450868e-13	5.143472185
204.3000756	-486.9555052	2.000879965	-1.865554701e-11	1.116263918e-11	4.379982401
204.3061721	-931.4552146	-2.268929951	1.726605195e-12	-3.937599935e-13	5.025378599
204.3214195	466.3804549	2.205339256	1.226370848e-11	-4.587561136e-12	3.715893215
204.3398112	830.7007712	-6.844233136	8.517181417e-13	-7.364351924e-14	3.336884663
204.3794805	-649.5649576	0.8449819409	1.995504881e-12	-6.335806819e-13	4.583100361
204.381902	612.4323203	0.3865050649	1.889319603e-12	-8.848329736e-14	3.572269899
204.3836968	-464.9547003	2.120898949	1.394547956e-11	-3.146508641e-13	4.357582021
204.3987941	-1045.803495	-3.875148784	-7.997837753e-13	2.514298053e-13	5.237502976
204.3990754	449.0966167	2.333626452	-1.267445839e-11	1.34901845e-12	3.733327471
204.40699	703.6710244	-1.752335777	3.266056242e-12	-2.98870648e-13	3.475046716
204.4210314	-760.1711865	-0.2136873478	-7.21582883e-12	1.230640329e-13	4.744273747
204.4260006	771.3347713	-4.096016287	-2.73065851e-11	2.483304429e-12	3.401920326
204.4410094	-847.539034	-1.200304437	2.626953868e-12	5.88106436e-14	4.884006089
204.4619361	-442.3960492	2.235160096	-2.294038274e-12	3.1081342e-13	4.335296798
204.4705192	-1093.916384	-4.596519356	4.201084818e-13	-2.754943033e-13	5.331930387
204.4722317	431.1382974	2.452402029	7.453731871e-12	4.001143821e-14	3.750951959
204.4988224	599.8866891	0.6112924416	8.133831101e-12	-6.962682852e-13	3.587774151
204.5086281	-630.5535836	1.005913029	-5.568598381e-12	8.624457777e-13	4.559881739
204.5135622	-981.2909036	-2.940626127	-1.731878723e-12	2.152408231e-13	5.118812523
204.5192061	823.0286613	-6.423322871	4.073349531e-12	-3.256522065e-13	3.348466457
204.5279584	-915.301846	-2.047466025	1.136854646e-12	1.683216539e-13	5.000949321
204.534804	-419.205595	2.343535516	1.326385161e-11	-1.541547794e-12	4.31312929
204.5408402	412.4433185	2.561742175	-2.004240068e-11	1.440652008e-12	3.768765157
204.5504565	693.474758	-1.451349151	-2.291170731e-12	-7.19453075e-14	3.489026983
204.5848487	-742.5312465	-0.02707706509	-4.852025382e-12	-3.937168845e-13	4.720541541
204.5889948	762.5925954	-3.732310921	-2.094485209e-12	-6.017213267e-13	3.414646218
204.6023121	-395.2879324	2.445895897	-4.192418112e-12	9.121540111e-14	4.291082082
204.6048539	392.9335884	2.661729003	1.166918083e-11	-1.28502368e-12	3.78676542
204.6117961	586.971815	0.8262447446	4.117624764e-12	-2.68952129e-13	3.603475105
204.6323553	-611.2534167	1.162058264	-2.959056024e-12	-2.715854144e-13	4.536758835
204.6339163	-830.7343156	-0.9951739374	7.378941317e-13	2.828185943e-13	4.859903479
204.6617035	-1030.332941	-3.634443365	-1.72361632e-12	4.295409861e-13	5.212688867
204.6642271	372.5092076	2.75245025	-1.531208623e-11	1.113709218e-12	3.804950995
204.6644729	-370.5203804	2.542110614	-9.002823638e-12	7.054309814e-13	4.269157788
204.6904771	683.0245093	-1.15990897	4.12883501e-12	-3.372584344e-13	3.503198179
204.6960595	815.2178168	-6.010490459	-2.824250043e-12	2.433202621e-13	3.360209809
204.7189155	351.0419611	2.833998973	1.302852552e-11	-9.782922485e-13	3.823320021
204.7207639	573.6685159	1.031367014	6.988058917e-12	-5.504404737e-13	3.61937266
204.7213001	-344.7484563	2.632047857	1.101420324e-11	-6.043063214e-13	4.247359043
204.7432507	-724.6887935	0.1553855156	5.851113125e-12	-1.044891753e-12	4.69689229
204.7443822	-899.0246448	-1.829265735	3.413564983e-12	-1.996842356e-13	4.976585315
204.7489978	753.6632858	-3.377538622	5.312159181e-13	-4.453309222e-14	3.427550772
204.7506662	-591.6446073	1.313305107	-2.311065381e-13	6.143526641e-13	4.513733898
204.7511121	-1078.679371	-4.348650382	1.334080141e-12	-8.007531795e-13	5.306973008
204.7533254	-965.4520291	-2.710611527	1.410555606e-12	-7.53201269e-14	5.094212231
204.7688762	328.3698404	2.906473234	2.2209512e-11	-1.648427074e-12	3.841870535
204.7728084	-317.7852756	2.715574767	-4.662697198e-12	3.112765152e-13	4.225688505
204.8140675	304.2954053	2.969975774	-3.007154224e-11	2.220291282e-12	3.860600485
204.8190134	-289.4182507	2.792557588	-2.390663349e-11	1.621710775e-12	4.204148848
204.8214291	-813.7731046	-0.7937217546	-1.245293424e-12	7.359369923e-14	4.835874435
204.8256675	559.9561245	1.226672081	-3.093885111e-12	2.492904694e-13	3.635466558
204.8269873	672.308542	-0.8780708324	-2.272323452e-12	1.856925536e-13	3.517561417
204.8544494	278.5916965	3.024613697	-1.858238108e-11	1.355665521e-12	3.879507726
204.859932	-259.4263615	2.862861821	3.417391716e-11	-2.327318519e-12	4.182742764
204.8635653	-571.7050722	1.459539064	4.19227431e-12	-2.658307332e-13	4.490809219
204.8703069	807.2620823	-5.605866512	-6.98013299e-13	5.985251301e-14	3.37211733
204.8899831	251.0193825	3.070498134	-1.224385252e-11	8.795810185e-13	3.898590037
204.8955821	-227.60977	2.926352403	-3.581852224e-11	2.452139405e-12	4.161472952
204.8962374	-706.6321777	0.3336008657	-4.92504667e-12	3.028057495e-13	4.673327983
204.9059439	744.538496	-3.03179948	3.699353245e-12	-3.101071206e-13	3.44063599
204.9193152	-1014.770128	-3.396505484	8.000912458e-13	-4.4889513e-14	5.18793011
204.9206311	221.3572064	3.107743925	1.116408732e-11	-8.283001564e-13	3.917845122
204.9259829	-193.8304259	2.982893888	4.541123919e-11	-3.125597693e-12	4.140342122
204.9264496	545.8122767	1.412180472	-2.969379471e-12	2.331606032e-13	3.651756391
204.9463574	189.4443735	3.136469285	-1.180469134e-13	-5.354618158e-15	3.937270614
204.9511547	-158.0580406	3.032350648	-3.281928231e-11	2.265919146e-12	4.119352987
204.9554392	-882.6177565	-1.6144078	-2.568091544e-12	1.493458694e-13	4.952288156
204.9599233	661.3144714	-0.6058828725	2.754741064e-12	-2.238345476e-13	3.532117657
204.9671274	155.2288538	3.156795487	1.296810527e-10	-9.330737587e-12	3.95686409
204.9710581	-551.4100202	1.600643728	1.497042475e-12	-9.551124003e-14	4.467987125
204.9711189	-120.4116962	3.074587077	-5.65756597e-11	3.944477794e-12	4.098508258
204.9829079	118.8111768	3.168846541	-4.846418749e-11	3.497674567e-12	3.976623069
204.9858983	-81.18519109	3.109467819	1.676273909e-10	-1.171772002e-11	4.077810644
204.9877543	-949.5043397	-2.483636622	-1.341817247e-12	7.723235274e-14	5.069672732
204.993667	80.47115516	3.172748883	-2.459212012e-10	1.750480178e-11	3.996545022
204.9955169	-40.8456092	3.136857999	-7.112345778e-11	4.969247968e-12	4.05726284
204.999374	40.66672074	3.168631067	-2.002456381e-09	1.416104808e-10	4.016627379
205	2.603728581e-16	3.156623469	2.171438753e-09	-1.536521671e-10	4.036867531
205.0035454	-796.6473195	-0.5960366841	1.090974061e-12	-6.613093386e-14	4.811920734
205.023054	531.2126491	1.587920279	1.139784402e-12	-8.913910007e-14	3.668241594
205.0264397	-1063.360239	-4.103363945	-5.766872861e-13	3.203221067e-14	5.282067279
205.0418835	799.1550365	-5.209577904	-9.20044612e-14	7.970719305e-15	3.384191558
205.0438094	-688.3487726	0.5074674207	3.038968857e-12	-1.873726464e-13	4.649850652
205.0597672	735.2094892	-2.695187669	-3.984934784e-12	3.328668013e-13	3.453903753
205.0731509	-530.7312734	1.736500828	-3.697982666e-12	2.385006417e-13	4.445269983
205.0892217	650.0292055	-0.3433856466	2.058351175e-12	-1.656261402e-13	3.546867713
205.1154255	516.1306188	1.753927018	-3.396007641e-12	2.634024082e-13	3.68492146
205.1611254	-866.0749502	-1.402972795	-7.508857676e-13	4.363076795e-14	4.928059456
205.1698507	-509.6362583	1.866990285	4.782057962e-12	-3.086027729e-13	4.422660194
205.1716227	-999.1111265	-3.161401024	-7.157216466e-14	4.156757078e-15	5.16322802
205.1802632	-779.3482954	-0.4022094985	-4.790247993e-12	2.882984626e-13	4.78804419
205.1859682	-669.8248528	0.6768815871	-2.409624656e-12	1.497691699e-13	4.626462368
205.2035101	500.5368081	1.91024345	-4.22208767e-12	3.246598205e-13	3.701795131
205.2104022	725.6671131	-2.367791186	8.438932488e-13	-6.995700497e-14	3.467355824
205.2107243	790.8899782	-4.821747446	-1.817201876e-12	1.52470513e-13	3.396434949
205.2148198	638.4388779	-0.09061203829	-4.886285442e-12	3.949953962e-13	3.561812241
205.2168434	-933.4429284	-2.259774336	8.224249254e-13	-4.714770204e-14	5.045195487
205.2611655	-488.0864825	1.991990279	-8.204472167e-12	5.339544263e-13	4.400160194
205.287255	484.3984385	2.056919391	9.602918884e-12	-7.401458231e-13	3.718861612
205.293254	841.0476076	-7.233071719	6.13803747e-15	-4.180582835e-16	3.344661434
205.2964951	-1047.955625	-3.860720996	-1.260903429e-13	-3.147293297e-14	5.25721442
205.3227156	-651.0454515	0.8417377533	1.369850078e-12	-8.494677218e-14	4.603165245
205.3366556	626.5287706	0.1524128069	-1.448333295e-12	1.149638076e-13	3.576951744
205.347104	-466.0352525	2.111377322	4.181001646e-12	-2.712373319e-13	4.377772454
205.3515813	-761.8667249	-0.2123329588	-2.948558514e-11	3.326943701e-11	4.764246659
205.3577837	715.9017712	-2.049691596	-7.486956817e-13	6.099027098e-14	3.480993832
205.3614371	-849.389586	-1.195043174	5.807861147e-12	-5.402819685e-12	4.903900863
205.3628858	-1096.130688	-4.579921341	2.139462481e-11	-1.415774755e-11	5.351598427
205.3666085	467.6783751	2.194011492	-5.06819235e-12	3.885298291e-13	3.73611977
205.3767643	782.4599121	-4.442493565	2.367136331e-12	-1.999469752e-13	3.408849871
205.4186199	-983.3517824	-2.929197492	7.157492648e-13	-1.569277681e-13	5.13858395
205.4276759	-443.4243737	2.225026339	1.210814053e-11	-4.838239484e-12	4.355499473
205.4405878	-917.2625909	-2.039099347	9.77022902e-13	-2.941629717e-13	5.020781987
205.4415203	450.3336699	2.321583007	9.389523897e-12	-8.614655108e-13	3.75356834
205.4540543	-631.9941881	1.001928307	1.655245077e-12	-6.840311918e-13	4.579961434
205.4546679	614.2832237	0.3856715189	3.763179349e-12	-3.025162257e-13	3.59228657
205.4724427	833.4744989	-6.806302361	-1.036493082e-14	5.087066296e-16	3.356126047
205.5018466	705.9033909	-1.740963808	-1.487762333e-12	-2.915730103e-13	3.494819276
205.5028919	-420.1796691	2.332810765	-1.559250386e-11	1.694470829e-12	4.333343785
205.5119413	432.3133368	2.439703543	9.420258985e-12	-9.430112844e-13	3.771205929
205.5174985	-744.1925908	-0.02650182311	-5.733199399e-12	1.039019422e-12	4.740530036
205.539938	773.8575334	-4.071929982	1.217876352e-12	-2.824653715e-12	3.4214386
205.5563711	-832.5545785	-0.9907032865	-8.707732878e-13	-2.793110543e-13	4.879814066
205.5612713	-1032.461985	-3.620783999	9.570781904e-13	-3.889924721e-13	5.23241568
205.5687962	601.6855319	0.6091545132	-1.165051629e-11	9.788288992e-13	3.60781691
205.5727636	-396.2054597	2.434602643	5.167844736e-12	-1.335932478e-13	4.311307947
205.5778235	413.5550489	2.54844879	-1.311443796e-11	1.0631987e-12	3.789031024
205.5799876	-612.6530567	1.157343657	1.345108433e-11	-3.858113332e-13	4.556853127
205.6373034	-371.3787416	2.530272739	-1.086193669e-11	6.63611662e-13	4.289394545
205.6391205	393.9805139	2.647900243	-4.775069155e-12	-1.236731609e-13	3.807041995
205.6425261	695.6613884	-1.441675861	-6.985132301e-13	1.593376165e-13	3.508833517
205.6453084	-1080.872023	-4.332807819	5.867024749e-13	-5.551322624e-13	5.326656156
205.6491446	825.7677816	-6.387464628	2.803298199e-12	8.173408086e-13	3.367749293
205.6589827	-900.9578018	-1.821688116	-1.64280001e-12	6.870776619e-13	4.996433762
205.6603007	-967.4877051	-2.699964043	6.560842337e-13	-3.785340045e-14	5.113999281
205.6780146	-726.3150894	0.1551871485	-2.040294722e-12	2.493584667e-13	4.716896257
205.678981	588.717821	0.8228599723	6.440651353e-12	8.590972464e-13	3.623542801
205.695787	373.4895753	2.73814491	7.262533561e-13	1.489315556e-13	3.825237102
205.696525	-345.54468	2.619690668	1.47891209e-11	-1.126100491e-12	4.267606187
205.7001803	765.07521	-3.710165411	-7.975581107e-13	7.365943314e-13	3.434203308
205.7005195	-593.0021603	1.307872262	1.210706955e-12	-1.207715645e-13	4.533842555
205.7459247	-815.5623556	-0.7900393991	6.054790858e-13	-7.661203463e-13	4.855800788
205.7477791	351.9537127	2.819275013	-2.324839781e-11	1.484093493e-12	3.8436145
205.750443	-318.5160493	2.702725025	-4.968901976e-12	3.270708456e-13	4.245945499
205.7797581	685.1646277	-1.151888744	5.417065599e-12	-4.418518132e-13	3.523037775
205.7851635	575.360903	1.026793801	-1.929958117e-12	1.539011873e-13	3.639464124
205.7950544	329.2105898	2.891387677	3.031444238e-11	-2.004628001e-12	3.862172246
205.7990731	-290.0799889	2.779243534	-6.634974193e-13	-3.724548898e-13	4.224415129
205.8156547	-573.0193631	1.453400663	-2.545967364e-13	3.188257258e-13	4.510931987
205.8207617	-1016.875582	-3.383616964	1.085883976e-13	-5.309272032e-13	5.207672339
205.8232961	817.9215515	-5.97669024	-1.213408894e-12	1.038570543e-13	3.379533805
205.8331299	-708.2225408	0.3326351926	-2.377363048e-12	2.973772644e-13	4.693347296
205.8375717	305.0624632	2.954584618	-9.909237851e-12	7.31901111e-13	3.880908308
205.8424319	-260.0153381	2.849113202	4.765579622e-12	-3.662511077e-13	4.203017736
205.8574259	756.1049642	-3.357303253	1.509779645e-12	-1.268589072e-13	3.447146065
205.8720239	-884.522688	-1.607618909	1.83630366e-12	-7.267625697e-14	4.972152378
205.8752911	279.2821585	3.008971825	9.520523714e-12	-6.954200248e-13	3.899820563
205.8805375	-228.1223053	2.912200495	-1.366543387e-11	9.329352098e-13	4.18175599
205.8872862	561.5941021	1.220969551	-2.328360758e-12	1.795188587e-13	3.655580609
205.8966598	-951.5142471	-2.473771513	-1.052087408e-12	-4.156416592e-13	5.08947543
205.9081743	251.6302804	3.054659242	-6.046396368e-11	4.402646621e-12	3.918906815
205.9134088	-194.2630951	2.968371514	4.45600512e-11	-3.0639474e-12	4.16063257
205.9134786	674.4013761	-0.871656227	-1.373384735e-11	1.116948634e-12	3.537433125
205.9224774	-1065.530776	-4.088279939	-1.072676567e-12	1.054353037e-12	5.301765599
205.9253988	-552.679814	1.593813531	-6.569535202e-13	4.179715593e-14	4.488123729
205.9300955	-798.404813	-0.5931397114	-9.36736696e-13	5.624158465e-14	4.831862794
205.9361842	221.8857047	3.091760446	1.143706957e-10	-8.296593853e-12	3.938164791
205.941066	-158.4078623	3.017492191	-1.021900914e-10	7.053735584e-12	4.139650156
205.959285	189.8879708	3.120392331	-5.770557788e-12	4.391971115e-13	3.957592153
205.9635305	-120.6762549	3.059428492	-1.057604701e-11	7.575328844e-13	4.11881143
205.9774426	155.5855421	3.14067479	-9.69233343e-11	6.966492202e-12	3.977186504
205.9808249	-81.36267108	3.094046639	1.936461817e-10	-1.350223477e-11	4.098119067
205.982845	-689.902286	0.5057415455	1.060093259e-11	-6.5385831e-13	4.669885169
205.9852921	547.3950428	1.405408328	5.648558369e-12	-4.405785702e-13	3.671891833
205.9906238	119.0795217	3.152730407	1.527035212e-12	-1.225813966e-13	3.996945392
205.9929731	-40.93474789	3.121213337	2.935464918e-10	-2.06544146e-11	4.077575733
205.9948331	809.929651	-5.57410749	-2.674284917e-12	2.273486071e-13	3.39148215
205.998797	80.65028762	3.156684149	3.562744554e-10	-2.528474632e-11	4.016866317
206	1.219299817e-14	3.140796012	-1.273478253e-09	8.972745427e-11	4.05718408
206.0019321	40.75626731	3.152663069	5.407171842e-10	-3.804598296e-11	4.036946739
206.0116093	746.9384514	-3.013441315	-2.379154011e-12	1.97094957e-13	3.460268826
206.0297581	-531.9552655	1.728993707	-1.47636135e-12	9.492800343e-14	4.465420126
206.0436243	663.3592515	-0.6010247266	1.207187652e-11	-9.803240526e-13	3.552020495
206.0749601	-1001.192471	-3.149285477	1.791135866e-12	-1.01259301e-13	5.18298571
206.0791257	532.7393851	1.580138662	-2.690230169e-12	2.111955309e-13	3.688397227
206.0797075	-867.9509994	-1.39697182	1.447739536e-12	-8.540680457e-14	4.947939436
206.1088818	-781.0732614	-0.4000943692	1.352840976e-12	-8.121682728e-14	4.808001887
206.1271614	-671.3405658	0.67440345	-6.974813649e-12	4.311473199e-13	4.646511931
206.1276918	-935.4264852	-2.250692447	1.876909157e-12	-1.080157362e-13	5.065013849
206.1287396	-510.8130605	1.858822268	-1.081827829e-11	6.998900873e-13	4.442823555
206.1626656	737.5669375	-2.678671536	4.875692223e-12	-4.053913498e-13	3.473573431
206.1636913	801.785657	-5.179840922	3.738273381e-12	-3.177647924e-13	3.403596818
206.1687325	517.6004851	1.745196361	-8.428431797e-12	6.528539025e-13	3.705096073
206.1701326	652.0251646	-0.3400331911	-1.774085388e-12	1.440205091e-13	3.566800664
206.1943858	-1050.10357	-3.846398402	-7.744294151e-14	4.265056928e-15	5.276927968
206.2223514	-489.2146025	1.983178584	1.281453913e-11	-8.287943785e-13	4.420336428
206.2540589	501.948936	1.900624341	1.032368515e-11	-7.961221898e-13	3.721987513
206.2554465	-1098.340822	-4.563439889	-1.655358261e-13	9.114381521e-15	5.371268798
206.2660812	-652.5223765	0.838516168	2.556255612e-12	-1.593091082e-13	4.623229677
206.28203	-851.2360762	-1.189828796	-4.686242022e-12	2.761951358e-13	4.923796576
206.2822822	-763.558368	-0.210995475	-2.2278712e-12	1.34807764e-13	4.78421991
206.2929413	640.3852508	-0.08871301448	-4.888303271e-12	3.927739495e-13	3.58177426
206.3105297	727.9812727	-2.353079729	5.328673937e-13	-4.332591761e-14	3.487061595
206.3106021	-467.1130658	2.101940396	-3.544003451e-12	2.311792226e-13	4.397961192
206.3238603	-985.4084846	-2.917856726	-9.345742593e-13	5.286074571e-14	5.158357135
206.3298063	793.4828673	-4.794011009	-3.734013937e-12	3.15844817e-13	3.41588022
206.3350526	485.7519202	2.046472434	-4.654079664e-12	3.583739119e-13	3.739070551
206.3533918	-919.219198	-2.030801117	-1.194457593e-12	6.900397833e-14	5.040616022
206.3935016	-444.4500844	2.214983896	4.459365479e-12	-2.917204383e-13	4.375700322
206.399607	-633.4312976	0.9979729973	-1.630724157e-12	1.016065274e-13	4.60004054
206.4116625	468.9722489	2.182797173	-3.289686303e-13	2.535008577e-14	3.756344057
206.411989	628.4247926	0.1529120236	5.214795718e-12	-4.185794803e-13	3.59694176
206.4281977	843.8472798	-7.193468739	4.058914865e-13	-3.483687337e-14	3.363869375
206.450296	-745.8500889	-0.02593709613	1.653453626e-12	-1.000063176e-13	4.760518742
206.4551368	718.1718638	-2.036745343	-5.041174878e-12	4.167187665e-13	3.500734907
206.4610269	-1034.586849	-3.607225412	-6.906164911e-13	1.803013928e-13	5.252144508
206.4710605	-421.1512621	2.32218382	5.154674711e-12	-3.404820889e-13	4.353556324
206.4789883	-834.3708119	-0.9862736524	7.916542641e-13	1.133172892e-12	4.899725473
206.4838389	451.5668984	2.309661564	7.672566206e-13	-5.567695508e-14	3.773806769
206.4931134	785.0142864	-4.416733843	4.726979282e-13	-4.080788946e-14	3.428334677
206.5272152	616.12813	0.3848257908	-4.691356447e-12	3.760870235e-13	3.612303484
206.5277422	-614.0492805	1.152665295	2.457207873e-12	1.315933103e-12	4.576946694
206.5396972	-1083.060506	-4.317077764	-1.032291044e-12	5.783082916e-13	5.346341555
206.5432903	-397.1206472	2.423413547	-2.003616505e-11	1.327554034e-12	4.331531729
206.5515329	433.4847757	2.427134836	1.439753362e-11	-1.08665873e-12	3.791457303
206.5674567	-969.5192173	-2.68939953	4.156492489e-11	-2.372254146e-12	5.133787991
206.5737554	-902.8868426	-1.814173556	9.970016606e-13	-6.492034974e-13	5.016283471
206.5964226	708.1286415	-1.729741241	-1.05041005e-12	8.484733242e-14	3.514594825
206.6047078	836.2403463	-6.768767728	-1.10970724e-12	9.511944434e-14	3.375375355
206.6102036	-372.2349139	2.518545214	1.799610307e-11	-1.134072616e-12	4.309629096
206.6129229	-727.9375918	0.1549847315	-5.807064407e-13	-9.198920099e-14	4.736900305
206.6146973	414.6634057	2.535292186	-2.049026315e-11	2.239989472e-12	3.809294156
206.6385599	603.4785556	0.6070198082	1.703533019e-12	-2.191721737e-13	3.627859604
206.650491	-594.3563809	1.302482504	-5.858672734e-12	4.21221279e-13	4.55395035
206.6535479	776.3726096	-4.048120825	2.974241479e-12	-2.412846431e-13	3.440962416
206.6705797	-817.3476127	-0.7863920943	-7.716817609e-13	7.76874592e-13	4.875727842
206.6718139	-346.3388767	2.607449836	8.970821136e-12	-4.654253945e-13	4.287851003
206.6732859	395.0242957	2.634214495	6.170770781e-12	2.005785802e-14	3.82731571
206.7223941	-1018.976863	-3.370824697	-4.849746685e-13	5.477183402e-13	5.227416494
206.7272541	374.4670332	2.723988051	3.080223783e-12	-4.326719428e-13	3.845520239
206.7281358	-319.2449701	2.689997437	-1.343571376e-11	9.052015175e-13	4.266200051
206.7343229	697.8410254	-1.4321335	3.159297209e-12	-3.563923856e-13	3.52864267
206.7459641	590.4581913	0.8194932287	3.394106861e-13	-1.398015978e-12	3.643610135
206.767858	-574.3304102	1.447312191	3.612538706e-12	-2.803727043e-13	4.531053756
206.7701632	-709.8091669	0.3316720024	2.197972408e-12	-1.81472191e-13	4.71336656
206.7765582	352.862793	2.804704249	6.857934652e-12	-9.128381305e-13	3.863905915
206.778722	828.4990362	-6.35198574	2.644867276e-12	-2.255406611e-13	3.387039715
206.779185	-290.7400608	2.766057198	-1.740038694e-11	9.45963227e-13	4.244678856
206.7887782	-886.4235275	-1.600887579	-1.326088123e-12	9.757644103e-14	4.992017752
206.8057437	-953.5200058	-2.463984366	7.090763784e-13	-2.147939027e-13	5.109279687
206.8110449	767.550206	-3.688278363	6.970763249e-13	-4.192055258e-13	3.453765567
206.8187058	-1067.697146	-4.073304274	1.170116211e-12	-1.069205527e-13	5.321466085
206.8211564	330.0489121	2.876459293	-1.544209256e-11	1.032371191e-12	3.882470814
206.8249781	-260.6028472	2.835497609	2.983504698e-11	-1.107091867e-12	4.223290048
206.8493699	577.0478433	1.022252789	-1.715192511e-13	-8.063390748e-13	3.659554944
206.856802	-800.1583511	-0.5902717287	4.769855489e-12	-1.881554818e-12	4.851805435
206.8610076	305.8273449	2.939353888	-9.322851625e-12	8.495012409e-13	3.901212922
206.8655329	-228.6335812	2.898186636	-3.717976913e-11	2.827044926e-12	4.202036267
206.8687739	687.2978829	-1.143981234	-2.037645375e-12	6.534567991e-13	3.542879625
206.8798489	-553.9464581	1.587040087	-5.993156589e-12	2.142482776e-13	4.508259198
206.8960726	279.9707013	2.993492928	1.050934153e-11	-4.842065209e-12	3.920130141
206.9008683	-194.6947196	2.953991899	3.000558878e-11	-1.443140603e-12	4.180920162
206.9220178	-691.4521233	0.5040247456	-3.42101837e-12	-5.397321501e-13	4.689919505
206.9263132	252.2395208	3.038985188	1.773547466e-12	1.039445832e-11	3.939220296
206.9310045	-158.7568556	3.002780864	1.187400853e-11	-1.530703721e-11	4.159944383
206.94872	563.2268269	1.215312737	1.814959336e-12	-1.417381852e-13	3.675693745
206.9501772	820.6174425	-5.943252233	-1.84867379e-12	1.58078982e-13	3.398865045
206.9516928	222.4128087	3.075943004	-2.869773699e-11	2.067616485e-12	3.95848114
206.9559627	-120.9401991	3.044421043	1.50501334e-11	3.195194882e-12	4.139111579
206.9655397	758.5390992	-3.337307588	-3.7904314e-12	3.15915899e-13	3.466746152
206.9721759	190.3304339	3.104481972	4.451609718e-11	-3.211201712e-12	3.977910361
206.9757654	-81.53974545	3.078780207	-9.949464298e-11	6.95126361e-12	4.118424396
206.9784813	-1003.269652	-3.137261546	4.91886475e-13	-3.125515808e-13	5.202745231
206.9864701	-533.1762074	1.721550135	1.879107526e-12	-1.218065872e-13	4.485568997
206.9877285	155.9413479	3.12472063	1.355760771e-12	-9.357590802e-14	3.997505587
206.9904362	-41.02368481	3.10572661	9.013592826e-11	-6.288905213e-12	4.097885468
206.9983179	119.3472233	3.136780162	1.348588046e-11	-9.55220172e-13	4.017264397
206.9984566	-869.8229837	-1.391022804	-2.775443732e-11	2.555849011e-11	4.967820456
206.9997126	676.4874841	-0.865336436	-3.75541443e-12	3.029285444e-13	3.557306729
207	5.474470407e-16	3.125129227	-1.604116672e-10	1.128472043e-11	4.077497415
207.0039128	80.82900239	3.140784093	2.259148377e-09	-1.598285136e-10	4.037184318
207.0044831	40.8456092	3.136857999	-2.143728185e-09	1.517205539e-10	4.05726284
207.0376537	-782.794314	-0.3980020793	8.340713329e-13	-6.519261241e-16	4.827960042
207.0387162	-937.4059104	-2.241683398	1.980171428e-12	-1.277921133e-12	5.084833668
207.0439583	548.9727544	1.39869473	4.490296431e-13	-3.188407471e-14	3.692026105
207.0684881	-672.8526675	0.6719410318	5.63606927e-12	-3.486897914e-13	4.666561179
207.0877286	-511.9869176	1.850724548	-6.518234173e-13	4.203118492e-14	4.462985509
207.0924654	-1052.247352	-3.832179876	-1.949469726e-12	1.084031013e-13	5.296643598
207.1169676	749.3309467	-2.99530407	6.540064899e-13	-5.499897302e-14	3.479906081
207.1190096	812.5894053	-5.542693217	-1.383456e-13	1.19477619e-14	3.410853864
207.127076	665.3974502	-0.5962438498	7.39452859e-12	-5.936593337e-13	3.571924877
207.1350298	534.2612695	1.572427714	-1.196810114e-11	9.295540733e-13	3.708551446
207.1482004	-1100.546808	-4.547073807	1.476948426e-13	-8.120511682e-15	5.390941476
207.1836325	-490.3398887	1.97444387	6.472690677e-12	-4.195041325e-13	4.440511123
207.2027871	-853.0785311	-1.184660671	-9.254360941e-13	5.448315851e-14	4.943693213
207.2095764	-653.9957593	0.8353169868	-3.268771615e-12	2.024332372e-13	4.64329366
207.2131333	-765.2461432	-0.2096745955	-4.688714567e-12	2.825343925e-13	4.804193492
207.2218803	519.0657063	1.736547773	1.804704701e-11	-1.392494346e-12	3.725269045
207.2292825	-987.4610348	-2.906602829	1.817938969e-13	-1.040646478e-14	5.178132057
207.2508022	654.0146938	-0.3367408608	-1.267503757e-11	1.018776893e-12	3.586734817
207.2652639	739.9170166	-2.662357559	-3.074686583e-12	2.537101976e-13	3.493247151
207.2663695	-921.1716931	-2.022570497	-3.107233458e-12	1.795320299e-13	5.06045141
207.2741905	-468.1881626	2.092587055	-4.345421017e-12	2.81255498e-13	4.418148259
207.2851554	804.4084999	-5.150430944	6.988917561e-13	-5.888906957e-14	3.423008619
207.304457	503.3566289	1.891097964	-2.592889659e-11	1.994103521e-12	3.742178041
207.3452853	-634.8649389	0.9940468085	5.718783663e-13	-3.590232867e-14	4.620119064
207.3594125	-445.4732029	2.205031542	-7.272301916e-12	4.756853824e-13	4.395899369
207.3609693	-1036.707557	-3.59376651	1.303901759e-12	-7.278951339e-14	5.27187533
207.3708297	642.3253518	-0.08685741654	9.264677989e-12	-7.453576386e-13	3.601737148
207.382708	487.1011804	2.036128121	1.563735277e-11	-1.198317738e-12	3.759277438
207.3832403	-747.503768	-0.02538265965	-1.279799853e-13	8.260966974e-15	4.780507653
207.4017668	-836.1830426	-0.9818844665	1.565114746e-12	-9.256853406e-14	4.919637689
207.4103643	730.2881622	-2.338551736	4.913997521e-12	-4.064808263e-13	3.506771035
207.4342774	-1085.244842	-4.301459048	-1.766405739e-13	9.718540136e-15	5.366029181
207.439309	-422.1203946	2.311653349	7.499013701e-12	-4.916024926e-13	4.373766933
207.4485507	796.0680233	-4.766583591	-2.991734728e-12	2.524100072e-13	3.435331672
207.4565829	470.2621176	2.171694653	-4.298107059e-12	3.278829365e-13	3.776566107
207.4747922	-971.5465906	-2.678917028	-2.007450004e-14	1.014777846e-15	5.153578341
207.4756184	-615.4421144	1.14802279	-4.777827739e-12	3.000163183e-13	4.597039544
207.4870975	630.3147074	0.1533840286	1.228316959e-11	-9.794885549e-13	3.616932319
207.4886992	-904.8117933	-1.806721269	4.635156764e-12	-2.687459229e-13	5.036134425
207.5138916	-398.0335143	2.412327172	-1.117470654e-11	7.383962345e-13	4.351753457
207.5260322	452.7963407	2.297860313	1.059604962e-11	-8.016023976e-13	3.794042794
207.5479746	-729.5563279	0.1547784099	3.786497902e-13	-2.256030491e-14	4.756904432
207.5522045	720.4347931	-2.023963981	-1.02603209e-12	8.411818204e-14	3.52047928
207.5627725	846.6391197	-7.15427234	9.411121427e-13	-8.072357492e-14	3.383085447
207.5831729	-373.0889156	2.506926496	8.658659571e-12	-5.72344839e-13	4.32986147
207.5910077	434.6526503	2.414693954	-2.41847481e-11	1.836802374e-12	3.811706121
207.5953931	-819.1289027	-0.782779336	9.661051268e-13	-2.496576153e-12	4.895655587
207.5995458	617.9670997	0.3839685417	-1.458243717e-11	1.159862199e-12	3.632320629
207.6005798	-595.7072948	1.29713535	9.503847019e-12	-6.023860822e-13	4.574057293
207.6091313	787.5609797	-4.391264957	7.462365437e-13	-6.274275357e-14	3.447825299
207.6242114	-1021.073995	-3.358127624	-3.563366686e-12	1.61252998e-12	5.247162552
207.6471663	-347.1310634	2.595323712	-2.82828197e-12	-6.631115554e-13	4.308093526
207.6514626	415.7684226	2.522270276	1.819982317e-11	-1.368456993e-12	3.829554594
207.6907206	710.3468433	-1.718665161	2.618723442e-12	-2.157941685e-13	3.534373303
207.7057011	-888.3203015	-1.594213079	1.098909251e-11	-6.629329401e-13	5.011884262
207.7058864	-319.9720534	2.677390254	-3.480582385e-12	2.316242367e-13	4.286452195
207.7073364	-711.3920834	0.3307113586	2.442231418e-12	-1.032773513e-13	4.733385773
207.7073513	396.0649651	2.620669556	-9.970592239e-12	3.827685537e-12	3.847586609
207.7081152	605.2658191	0.6048887133	8.677330959e-12	-6.867643329e-13	3.647902226
207.7150049	-955.5216407	-2.454274263	7.296870465e-13	1.344680731e-13	5.129085485
207.7151237	-1069.859372	-4.058435811	-3.766474034e-14	4.338112041e-14	5.341168716
207.7201743	-575.6382391	1.441273065	-5.597117974e-12	3.816757683e-13	4.551174539
207.7366093	838.9983704	-6.731623406	-9.442019799e-13	8.071932846e-14	3.394632468
207.7586293	375.4416098	2.709977367	9.138051341e-12	-6.810617738e-13	3.865800453
207.7593488	-291.3984803	2.752996734	4.374568336e-13	2.046112842e-13	4.264940065
207.7668329	778.8800649	-4.024584164	2.112549856e-13	5.906204564e-15	3.460491683
207.783664	-801.907961	-0.5874322991	-9.942583741e-13	1.665966718e-12	4.871748646
207.8052537	353.7692279	2.790284289	-7.53113445e-12	9.607131609e-13	3.884194314
207.80757	-261.1889006	2.822013097	1.094288107e-11	-1.655708708e-12	4.243559738
207.8127474	592.1929835	0.8161446336	-3.689406609e-12	8.828091549e-13	3.663677107
207.8258492	700.0137356	-1.422719438	-9.007843613e-13	1.639915421e-13	3.548454389
207.8344076	-555.2099774	1.580322714	4.857117462e-11	-2.93330951e-12	4.528393546
207.8471827	330.8848307	2.861685619	1.048059148e-11	-6.677418827e-13	3.902766288
207.8505679	-229.1436081	2.884308787	-2.031355953e-11	1.105222759e-12	4.222313824
207.8613268	-692.9983115	0.5023170002	-1.648371145e-12	8.5685247e-13	4.70995366
207.884376	306.5900709	2.924281064	-4.832263468e-11	3.345230019e-12	3.921514379
207.8883612	-195.1253077	2.939752918	1.680037568e-11	-1.402817753e-12	4.201204942
207.9079413	831.2224837	-6.316880519	1.846180006e-12	-1.571145204e-13	3.40633761
207.9133847	578.7293925	1.017743842	-1.201525506e-12	1.578604589e-13	3.679645123
207.9167944	280.6573428	2.978174443	2.447897565e-11	-1.673397067e-12	3.940436511
207.9173716	-871.6909293	-1.385125069	-4.220764896e-12	2.890960721e-13	4.987702501
207.92097	-159.105027	2.988214461	-5.130312204e-11	3.21787247e-12	4.180235711
207.9215913	770.0176489	-3.666645363	4.984031599e-12	-4.153210857e-13	3.473332907
207.9432861	-534.3941234	1.714169326	-1.615014156e-12	5.02367424e-14	4.505716613
207.9444003	252.847119	3.023473377	2.805965695e-11	-2.638091128e-12	3.959530532
207.9484153	-121.2035335	3.029562447	6.755417548e-11	-4.235931438e-12	4.159408751
207.9499156	-939.3812293	-2.232746318	1.084848713e-12	-4.369032391e-13	5.104654926
207.9575271	689.4243406	-1.1361841	-1.552122947e-12	1.257001093e-13	3.562723682
207.9665778	-784.5114804	-0.3959322619	1.363326677e-12	-7.8388346e-14	4.847918645
207.9671573	222.9385309	3.060288988	1.120292756e-11	-4.341540708e-13	3.97879422
207.9707196	-81.71641713	3.063666167	-7.12318722e-11	4.312242338e-12	4.138726677
207.9850303	190.7717723	3.088735592	2.828782929e-11	-2.359501818e-12	3.998225288
207.9879062	-41.11242139	3.0903954	6.97266128e-11	-4.736033522e-12	4.118192092
207.9907326	-1054.386996	-3.818064308	-8.72220601e-13	-8.622240404e-14	5.316361286
207.9979855	156.2962782	3.1089304	-3.118346072e-10	2.224373986e-11	4.017821392
208	-6.496995777e-13	3.109620639	-1.091179524e-11	8.073867951e-13	4.097807587
208.0059905	119.6142868	3.120993216	3.792253835e-10	-2.373549345e-11	4.037580136
208.0070269	40.93474789	3.121213336	-4.900471113e-10	3.473056815e-11	4.077575733
208.0090143	81.00730253	3.125046152	3.590876631e-10	-1.877720149e-11	4.057499077
208.0099473	-674.3611848	0.669494225	-2.277672008e-11	1.277273192e-12	4.686610116
208.0099708	564.8543525	1.209701254	1.051173813e-11	-8.180718018e-13	3.695805975
208.0411463	-1102.748667	-4.530821918	-2.258994243e-13	-4.084986039e-13	5.410616438
208.0468169	-513.1578533	1.842696234	5.330378818e-13	-3.059982769e-14	4.483146075
208.0733422	760.9657567	-3.317547456	-1.199543765e-11	9.98493335e-13	3.486350949
208.0767057	823.3055495	-5.910170906	-2.04349748e-12	1.737877894e-13	3.418203418
208.0856916	678.5669316	-0.859109409	2.514602357e-12	-2.032492171e-13	3.577182188
208.10245	550.5454632	1.392039056	-7.577964648e-12	5.916808881e-13	3.712159219
208.1237074	-854.9169773	-1.17953818	9.090808269e-12	-5.341529739e-13	4.963590764
208.1348855	-989.5094571	-2.895434816	1.1992937e-12	-6.798257233e-14	5.197908696
208.1441335	-766.9300776	-0.2083700261	1.890402366e-13	-1.178156107e-14	4.824167401
208.1450081	-491.4623639	1.965785144	-1.011887174e-13	6.897573433e-15	4.460684297
208.1532002	-655.4656267	0.8321400131	1.964880284e-12	-1.216545296e-13	4.6633572
208.1795198	-923.1201016	-2.014406662	4.834602678e-13	-2.806757218e-14	5.080288133
208.1907677	535.7783516	1.564786589	-5.033273026e-12	3.891731961e-13	3.728704268
208.2102808	667.4291319	-0.5915384811	5.977319268e-13	-4.776174941e-14	3.59183077
208.2220213	751.7160478	-2.977383825	9.648253706e-12	-8.00588092e-13	3.499547676
208.2378685	-469.260565	2.083316201	-1.935230787e-12	1.262144172e-13	4.438333676
208.2428392	815.2414061	-5.511618334	3.359729388e-13	-2.845319411e-14	3.430232367
208.2610977	-1038.824132	-3.580406214	1.315331168e-12	-7.326734697e-14	5.291608124
208.2748704	520.5263296	1.727980196	-1.41634092e-11	1.087181885e-12	3.745440396
208.2910884	-636.2951381	0.9901494525	-2.797954416e-12	1.745690175e-13	4.640197011
208.3163305	-749.1536552	-0.02483829474	-2.94283624e-12	1.779051521e-13	4.800496766
208.3247057	-837.9912974	-0.9775351705	-4.428364879e-12	2.60595461e-13	4.939550703
208.3254079	-446.4937503	2.195168075	-5.378566411e-13	3.615069316e-14	4.416096638
208.3290479	-1087.425054	-4.285950519	1.128775603e-12	-6.202125496e-14	5.38571901
208.3312329	655.9978565	-0.3335071823	8.184615961e-13	-6.504093723e-14	3.606670144
208.3547058	504.7599319	1.881663059	2.865298664e-11	-2.197875985e-12	3.762366739
208.3675647	742.2597929	-2.64624208	-4.44969083e-12	3.6766517e-13	3.512924842
208.3823062	-973.5698495	-2.668515592	-1.572458941e-12	8.922595785e-14	5.173370312
208.4038131	-906.7326796	-1.79933048	-1.616275565e-12	9.348939864e-14	5.05598661
208.4062787	807.0236272	-5.121342797	5.52064675e-13	-4.647184234e-14	3.442426856
208.4076368	-423.0870868	2.301218047	2.576609873e-12	-1.679928681e-13	4.393975639
208.4236152	-616.8315845	1.143415763	4.315340146e-12	-2.700134812e-13	4.617131685
208.4302227	488.4462617	2.025885007	-2.281164901e-11	1.740571104e-12	3.7794823
208.4484871	644.2592433	-0.08504405533	-4.597336912e-12	3.675031488e-13	3.621700881
208.4831686	-731.1713248	0.1545683248	1.674277307e-12	-1.015405382e-13	4.776908634
208.4845669	-398.9440802	2.401342108	1.052835361e-11	-6.943406652e-13	4.371973158
208.5013709	471.5480214	2.160702317	8.468165973e-13	-6.838553912e-14	3.796785954
208.5099085	732.5878479	-2.324203815	4.214437224e-12	-3.467225439e-13	3.526484076
208.520364	-820.9062524	-0.7792006298	5.701323513e-13	-3.400143244e-14	4.915584013
208.5262125	-1023.167002	-3.345524699	-1.545628305e-12	8.669622789e-14	5.266910494
208.5507851	-597.0549277	1.291830324	-6.218418791e-12	3.913755829e-13	4.594163394
208.5562107	-373.9407645	2.49541507	-2.18354122e-11	1.444823752e-12	4.350091699
208.5619833	632.1985758	0.153829731	-1.484305353e-12	1.171263875e-13	3.636923405
208.5669604	798.645509	-4.739460215	-3.618623456e-12	3.040337367e-13	3.454789204
208.5681015	454.022035	2.286177481	1.325958974e-11	-1.003772411e-12	3.81427645
208.6117303	-1072.017477	-4.043673426	3.112305776e-13	-1.727504126e-14	5.360873469
208.6225817	-347.9212567	2.583310682	1.356266312e-11	-8.997125676e-13	4.328333786
208.6227915	-890.2130355	-1.587594686	-9.591633767e-13	5.60246654e-14	5.031751894
208.6244424	-957.5191767	-2.444640301	-2.075803919e-13	1.195920713e-14	5.148892806
208.6303669	435.816996	2.402378978	-9.848196552e-12	7.399231798e-13	3.83195242
208.6446484	-712.971317	0.3297533219	-1.311776054e-12	8.015307293e-14	4.753404934
208.648989	722.6906252	-2.011344391	5.155114596e-12	-4.210296093e-13	3.540226888
208.6716619	619.8001923	0.3831004058	6.439958252e-12	-5.105302803e-13	3.652337992
208.6726028	-576.9428747	1.435282711	-8.329539082e-12	5.288314851e-13	4.571294346
208.6836942	-320.6973145	2.664901761	6.849603396e-12	-4.590872614e-13	4.306701965
208.6881206	416.8701325	2.509381016	4.719206362e-12	-3.551296341e-13	3.84981238
208.6969813	849.4231828	-7.115476669	1.689641802e-13	-1.434934321e-14	3.402309533
208.7106804	-803.6536694	-0.5846209945	-1.17931042e-12	7.008568418e-14	4.89169242
208.7248207	790.1000557	-4.366082138	1.956609989e-12	-1.647255717e-13	3.467321643
208.739564	-292.0552609	2.740060328	-1.767538013e-11	1.186931907e-12	4.285198793
208.7413174	397.1025526	2.607263268	-1.083826796e-11	8.045466062e-13	3.867854735
208.7774642	607.0473804	0.6027615947	-4.63815805e-12	3.658988353e-13	3.667944768
208.784743	712.5580622	-1.707732726	-7.09875306e-12	5.811242422e-13	3.554154655
208.7860713	-1007.41162	-3.113484453	1.316136159e-12	-7.386929791e-14	5.242269689
208.789074	-556.4703963	1.573660739	2.184865372e-11	-1.386579374e-12	4.548526785
208.7899135	376.4133332	2.696110602	1.491584238e-11	-1.108090228e-12	3.886077788
208.7902074	-261.7735103	2.808657761	2.484211798e-11	-1.677012695e-12	4.263826845
208.800771	-694.5408772	0.5006182871	3.039584564e-12	3.871829869e-13	4.729987634
208.8338661	354.6730429	2.776012794	8.976996669e-13	-6.62357612e-14	3.904479744
208.8356423	-229.652396	2.870564954	-1.12199809e-11	7.575626764e-13	4.242588701
208.8364515	-873.5548624	-1.37927795	1.571993709e-12	-1.373104826e-13	5.007585559
208.861289	-941.3524669	-2.223880348	7.849444456e-14	3.730755321e-13	5.124477607
208.86815	841.7486281	-6.694863673	-1.661969616e-13	1.417218609e-14	3.413897273
208.8731341	331.7183684	2.847064245	-2.582120258e-12	1.895915365e-13	3.923058715
208.8758872	-195.5548675	2.925652489	2.467335923e-12	8.486305052e-14	4.22148695
208.8793325	593.9222537	0.8128142934	2.565274931e-12	-2.031502435e-13	3.683743714
208.8797959	781.3799635	-4.00131545	9.601301921e-13	-8.101375797e-14	3.480026309
208.8891867	-1056.522523	-3.804050603	-7.298262356e-13	1.737651499e-13	5.336081012
208.8956533	-786.2247873	-0.393884558	1.13924107e-13	-9.53911655e-15	4.867877691
208.9002053	-535.6090373	1.706850505	-9.281818276e-12	6.414935993e-13	4.52586299
208.9076773	307.3506615	2.90936368	2.43351201e-11	-1.589674649e-12	3.941812726
208.9109622	-159.4523827	2.97379082	1.727930525e-12	1.826330082e-13	4.200524184
208.9171074	702.1795845	-1.413431115	-4.402967222e-13	3.5498148e-14	3.568268622
208.9342834	-1104.94642	-4.514683059	-6.908904415e-13	4.571587852e-13	5.430293661
208.9374571	281.3421005	2.963013859	-1.691235515e-11	1.105617585e-12	3.960739723
208.9408882	-121.4662625	3.014850465	2.138178713e-11	-1.90425774e-12	4.179702991
208.9515381	-675.8661441	0.6670629219	-2.633695609e-12	2.84718172e-13	4.706658742
208.9624361	253.4530896	3.008121271	-1.095030814e-11	1.393436562e-12	3.979837575
208.9656874	-81.89268901	3.048702213	-3.958316724e-11	3.364116865e-12	4.159025956
208.9772099	580.4056051	1.013266815	-7.747667204e-13	-3.277306958e-15	3.699734664
208.9825781	223.4628832	3.044795842	2.010158219e-11	-1.816588681e-12	3.999104083
208.9853831	-41.20095903	3.075217338	1.061303184e-11	-8.564910217e-13	4.138495653
208.9978485	191.2119955	3.073150632	-1.507834816e-11	1.420907328e-12	4.018536987
