200	-6.669375204e-13	0.5252309112	-1.244258272e-13	1.26036769e-12	9.973738454
200.0178019	-359.0104207	-0.3831519628	1.3139341e-12	-2.47062847e-12	11.3691576
200.0914273	-294.4630975	-0.0155008804	2.710134352e-13	-1.496684534e-13	11.00077504
200.1062894	267.3121944	-0.01977817006	-1.012108241e-13	-6.459526307e-13	9.100988909
200.1361895	66.57925794	0.5178531338	1.35612742e-12	-1.648002899e-13	9.824107343
200.188794	325.8345678	-0.6365698878	5.11954089e-13	6.373743802e-13	8.781828494
200.200068	-374.4074088	-0.4868555396	-6.011788423e-13	1.744791425e-12	11.47434278
200.2004709	-98.96928659	0.4791116603	-2.771893077e-15	-1.443871345e-13	10.22604442
200.2064541	239.3521199	0.1592034974	-4.984662623e-13	-4.230884734e-14	9.242039825
200.2456039	-240.6761941	0.2040681033	3.518894664e-13	-5.744541199e-13	10.73979659
200.2597518	207.5356172	0.3010612835	-5.379377579e-13	5.800666187e-13	9.384946936
200.2659328	170.090381	0.4071821972	9.166256048e-14	8.187750047e-13	9.52964089
200.2821682	-178.2893509	0.3704506402	-7.425378145e-14	3.948693851e-13	10.48147747
200.3288959	355.1442836	-1.126611271	-7.594159306e-14	-2.428827322e-13	8.606330564
200.3310903	-311.4339083	-0.09961385684	3.262540394e-13	-3.867983904e-13	11.10498069
200.367267	-389.5076418	-0.5949857419	-7.482787758e-15	-1.138668471e-13	11.57974929
200.4002663	304.3082113	-0.3597754436	3.635028835e-13	5.45505415e-14	8.917988772
200.4120617	-34.31362045	0.5162594606	-1.392948833e-13	-7.093653556e-13	10.07418703
200.5194654	-404.3368745	-0.7074021549	7.024827681e-13	-1.366036941e-12	11.68537011
200.5278996	-259.5049988	0.1363681446	6.165505531e-14	1.505040912e-14	10.84318159
200.555459	-327.9526133	-0.1887518501	1.859088779e-13	-2.932666018e-13	11.20943759
200.5657767	280.5407444	-0.1232552739	-5.510655139e-13	-1.081845494e-12	9.056162764
200.5690084	-127.969986	0.4488723043	9.977675318e-14	5.689763617e-13	10.32755638
200.5760398	34.06885125	0.5240674372	-8.44335161e-13	-6.870423582e-13	9.923796628
200.6039851	336.3633485	-0.7881944828	2.198762182e-12	3.807558803e-12	8.739409724
200.6074348	-200.6172096	0.3206710982	1.827429072e-14	1.089416475e-12	10.58396645
200.6567295	-418.9176769	-0.823969184	-8.112177983e-13	1.209164661e-12	11.79119846
200.684945	254.0976668	0.0742531334	7.680365725e-13	1.148399985e-12	9.196287343
200.6924563	96.84005481	0.5011549583	-1.366476068e-13	-6.515801859e-13	9.774942252
200.7574456	224.3111258	0.234071405	3.587342094e-13	1.662702043e-13	9.33829643
200.761401	148.5251666	0.4461231217	4.28432106e-13	1.031983373e-13	9.627693844
200.7645979	-344.0683879	-0.2827550385	-1.834111112e-13	8.739536698e-13	11.31413775
200.7830054	189.9300548	0.3575640022	7.041874448e-14	-4.180872757e-13	9.4821218
200.7947476	-277.6227574	0.06314913891	6.620141873e-14	-1.619821125e-13	10.94684254
200.8082862	-67.7065834	0.5000358877	3.427613974e-13	1.650561775e-13	10.17499821
200.8338353	315.791524	-0.491665036	5.868720937e-14	-2.809897858e-13	8.874583252
200.9171103	-221.4900204	0.2648364264	4.536590465e-13	-5.090997315e-13	10.68675818
200.9218238	-154.4689061	0.4119996683	9.386244961e-13	-1.282355974e-12	10.42940002
200.9585721	-359.8219829	-0.3814689045	-9.497086045e-13	9.942398162e-13	11.41907345
201	8.312726047e-14	0.5226090481	2.909118382e-13	-8.93396127e-13	10.02386955
201.0122751	346.4846966	-0.9493899026	1.753290293e-13	3.96780831e-14	8.697469495
201.0179843	293.147692	-0.2358855314	8.168099178e-13	1.179670563e-12	9.011794277
201.04621	-295.1435937	-0.01541393578	2.801473336e-13	-2.364741372e-13	11.0507707
201.1374468	-375.2479455	-0.4847441023	4.483924975e-13	-6.116563863e-13	11.52423721
201.1441825	66.74148421	0.5152302612	9.48008462e-13	-5.121557704e-14	9.874238487
201.1560266	268.062273	-0.0196343943	-4.318443957e-13	-1.63773538e-13	9.15098172
201.1887232	-99.20300718	0.4767817714	-4.388066432e-14	4.425830516e-13	10.27616091
201.2112536	-241.2398431	0.2031372167	-3.066861717e-14	6.225765832e-14	10.78984314
201.2409034	124.2901974	0.4765158432	-3.57220652e-13	-3.236603682e-13	9.726174208
201.2476118	240.00788	0.1583767718	6.184688598e-14	-5.686177117e-13	9.292081161
201.2589722	-178.7102749	0.3687000469	-2.192934928e-13	-9.095033226e-14	10.531565
201.260346	326.7992019	-0.6329658357	-3.311970937e-13	-5.78728777e-13	8.831648292
201.2823499	-312.1489866	-0.09915169162	-6.526210571e-13	1.510974821e-12	11.15495758
201.2902726	170.531922	0.4050683746	-1.63055672e-12	-3.476227313e-12	9.579746581
201.2924427	208.0899337	0.2994865913	-1.432072616e-14	-1.669590501e-13	9.43502567
201.3012877	-390.3759947	-0.5924363218	4.829865471e-13	-5.489979097e-13	11.62962182
201.4081156	-34.39481942	0.5137083913	-4.74604976e-13	-4.408355952e-13	10.12431458
201.4137512	356.2266591	-1.120197791	3.728634473e-12	7.519434379e-13	8.65600989
201.4501607	-405.2319635	-0.7044061502	-4.474813248e-13	8.893650136e-13	11.73522031
201.4629879	305.1894177	-0.3577425969	-1.708009704e-12	-7.826227539e-13	8.96788713
201.4899248	-260.1093114	0.1357582761	1.601836019e-13	3.699224636e-13	10.89321209
201.5032308	-328.7006686	-0.1879002175	-4.014656484e-13	5.849100232e-13	11.25939501
201.5534242	-128.2717935	0.4467129671	-3.962625811e-13	-7.206035529e-13	10.37766435
201.5800161	34.15063779	0.5214385931	-1.43894826e-13	4.375128877e-14	9.97392807
201.5805098	-201.0892699	0.319173888	-3.013437573e-13	-3.285680536e-13	10.63404131
201.5841317	-419.8384916	-0.8205189331	2.189644171e-13	-3.656699145e-13	11.84102595
201.6197697	281.3348857	-0.1225429831	9.123262856e-13	1.32069143e-12	9.106127149
201.6798812	337.367015	-0.7837332862	1.058048172e-13	7.944594922e-14	8.789186664
201.7044754	97.07897636	0.4986058192	9.316597382e-13	5.091678472e-13	9.825069709
201.7089165	-344.8479575	-0.2815009588	-7.831419003e-13	3.52439643e-13	11.36407505
201.7303162	254.8003234	0.07388475336	-6.340569527e-13	-1.060943702e-12	9.246305762
201.7531849	-278.2653819	0.06287870706	8.186445652e-14	-2.01307586e-13	10.99685606
201.7815827	148.9037309	0.4438255253	-6.170229962e-13	-8.589122302e-13	9.677808724
201.7943057	224.9164266	0.2328500748	-2.445209992e-13	-4.733550022e-13	9.388357496
201.800434	-67.8660836	0.497590411	-9.78054291e-14	-1.66545537e-12	10.22512048
201.8114681	190.4290888	0.3557042372	7.384254885e-13	9.446455719e-13	9.532214788
201.886494	-222.0089428	0.2636158253	2.922375038e-13	-1.659723018e-13	10.73681921
201.8994716	-360.6317227	-0.379800592	3.440576655e-13	-1.219026757e-12	11.46899003
201.9008654	316.7135214	-0.48889429	-6.767566474e-13	8.854301756e-14	8.924444714
201.9024423	-154.8326839	0.4100395721	2.160184254e-13	-2.763972057e-13	10.47949802
202	-1.152309636e-12	0.5200133061	5.850158978e-14	1.801531723e-12	10.07399933
202.0010956	-295.822513	-0.01532799922	-4.899812689e-13	1.213258243e-12	11.1007664
202.0749609	-376.0866128	-0.4826508952	3.551014569e-14	-4.365286725e-13	11.57413254
202.0762474	293.9846592	-0.2345513453	-1.339136548e-12	-1.456146914e-12	9.061727567
202.0925255	347.5265307	-0.9440161449	-4.833397299e-13	-9.910274948e-14	8.747200807
202.1521549	66.90331235	0.5126338939	1.875948563e-13	6.109251515e-14	9.924368305
202.1769836	-241.8021614	0.2022147289	-2.896734321e-13	8.89048763e-13	10.83988926
202.1770045	-99.43617092	0.4744744796	6.766869737e-13	-9.086037394e-13	10.32627628
202.2056268	268.8102362	-0.01949275517	6.585305447e-13	8.814176801e-13	9.200974638
202.2337192	-312.862422	-0.09869386089	3.820149245e-13	-1.253422648e-12	11.20493469
202.2354495	-391.242435	-0.5899086145	6.01467391e-13	-1.436812739e-12	11.67949543
202.2358319	-179.1301936	0.3669659157	2.103915877e-13	-2.735959588e-13	10.5816517
202.256968	124.6010683	0.4740826179	-6.282318331e-13	7.973440315e-13	9.776295869
202.2886575	240.6618257	0.1575584356	-3.646952388e-13	1.832270484e-13	9.342122078
202.3145479	170.9722999	0.4029763769	1.516284883e-12	4.04554304e-12	9.629851181
202.3250458	208.64275	0.2979282093	5.210084429e-13	-8.815972865e-13	9.48510359
202.3316966	327.7610204	-0.6294023381	8.422934049e-13	-5.474396508e-14	8.881470117
202.3810026	-406.1251004	-0.7014353299	-2.489977592e-13	4.052886281e-13	11.78507177
202.4041794	-34.47582536	0.5111824791	-1.945258155e-13	1.420346155e-12	10.17444088
202.4511187	-329.4470204	-0.1870562948	2.273566719e-13	3.568091608e-13	11.30935281
202.4520379	-260.7122076	0.1351537705	-8.929041559e-14	-2.809505305e-13	10.94324231
202.4983654	357.3058372	-1.113856271	2.828602229e-14	-3.034721314e-14	8.705692814
202.5116857	-420.7573181	-0.8170973184	1.385381338e-13	-3.68418234e-13	11.89085487
202.5255345	306.0680854	-0.3557327329	7.25678993e-13	3.603278117e-13	9.017786637
202.5378782	-128.5728816	0.444574336	-2.652851976e-13	1.233421195e-12	10.42777128
202.5536487	-201.5602074	0.3176905704	-3.24375269e-13	-2.845565148e-13	10.68411547
202.5839822	34.23222705	0.5188360657	9.064341124e-14	2.367132755e-13	10.0240582
202.6533576	-345.625768	-0.2802579994	1.201146753e-13	-1.721200557e-13	11.4140129
202.6736138	282.1267743	-0.1218390488	-9.113108398e-13	-7.852146623e-13	9.156091952
202.7117174	-278.906512	0.0626105023	4.655074149e-13	-3.394477048e-14	11.04686947
202.7164635	97.31730255	0.4960825395	-5.10820561e-14	-7.072072516e-13	9.875195873
202.7555633	338.3677441	-0.7793221337	-1.129529457e-12	-5.1002391e-13	8.838966107
202.7755636	255.5010222	0.07351981453	7.122003326e-13	-3.164639392e-13	9.296324009
202.7926013	-68.02520561	0.4951687964	-4.513235774e-13	1.025805809e-12	10.27524156
202.8017115	149.2813166	0.4415514923	3.929617357e-13	6.69672994e-13	9.727922425
202.8310663	225.520075	0.2316413112	3.340711597e-13	5.123873579e-13	9.438417934
202.839855	190.9267931	0.3538636773	4.368877755e-14	-4.71751374e-13	9.582306816
202.8404998	-361.4396523	-0.3781468322	-1.883049109e-13	4.294234049e-13	11.51890734
202.8559498	-222.5266378	0.262406384	-4.088075048e-13	4.487115092e-13	10.78687968
202.8831077	-155.1955952	0.4080980508	1.987971107e-13	5.118721507e-14	10.5295951
202.9560832	-296.4998664	-0.01524305318	9.651817526e-13	-1.8476792e-12	11.15076215
202.9677081	317.6328519	-0.486154673	-3.633644774e-13	-3.474936033e-13	8.974307734
203	-1.612677504e-13	0.5174432955	3.206842463e-13	-5.864457566e-13	10.12412784
203.0126095	-376.9234228	-0.4805756831	7.429840751e-14	-2.134182884e-14	11.62402878
203.1343493	294.81924	-0.2332323347	4.337927963e-13	6.825731832e-13	9.111661617
203.1427933	-242.3631583	0.2013005274	7.02810853e-14	1.057005179e-12	10.88993497
203.1601069	67.06474533	0.5100636312	-5.82215539e-13	9.070540693e-14	9.974496818
203.1653146	-99.66878184	0.472189457	2.381654316e-13	4.955149034e-13	10.37639053
203.1697513	-392.106975	-0.5874023444	-8.238400948e-13	1.308999128e-12	11.72937012
203.1725493	348.565309	-0.9387025077	1.218021063e-13	1.133566709e-13	8.796935125
203.1851973	-313.574226	-0.0982403032	-3.715126801e-13	7.512290574e-13	11.25491202
203.2127469	-179.5491142	0.3652480154	3.615205289e-13	2.991404112e-13	10.6317376
203.2550912	269.5561021	-0.01935320581	-8.815734226e-13	-8.123283456e-13	9.25096766
203.2729908	124.9111519	0.4716741566	-1.182741176e-13	-8.813985349e-14	9.826416292
203.31199	-407.0162976	-0.6984893789	6.708024081e-13	-9.624012505e-13	11.83492447
203.3295921	241.3139723	0.1567483644	-3.077117455e-13	-2.996280508e-13	9.392162582
203.3387592	171.4115241	0.400905868	-9.375246112e-13	-1.650548386e-12	9.679954707
203.3575618	209.1940786	0.2963858868	2.593630918e-13	1.315858122e-12	9.535180706
203.399122	-330.1916804	-0.1862199772	-4.555611083e-14	1.037667953e-14	11.359311
203.400253	-34.55663965	0.5086813527	-1.040581474e-13	-1.412171132e-12	10.22456593
203.4028473	328.7200476	-0.6258787149	7.407889806e-14	1.805809498e-13	8.931293936
203.4142382	-261.3136974	0.1345545585	-2.511826416e-13	2.527777375e-13	10.99327227
203.4393906	-421.6741689	-0.8137039867	-6.33173346e-13	9.75029355e-13	11.9406852
203.52237	-128.8732555	0.4424561144	3.977345666e-13	-1.102288172e-12	10.47787719
203.5268513	-202.0300302	0.3162209535	-7.62509825e-14	2.25447003e-14	10.73418895
203.5827404	358.3818452	-1.10758552	-4.685821354e-14	-2.835578118e-13	8.755379276
203.5879076	306.9442363	-0.353745462	2.504833931e-13	-1.463506034e-13	9.067687273
203.5879383	34.31362045	0.5162594606	2.173751701e-13	5.334822579e-14	10.07418703
203.5979203	-346.4018313	-0.2790260127	5.623069874e-13	-1.292303179e-12	11.4639513
203.6703442	-279.5461583	0.06234449844	-6.887779264e-13	6.179053147e-13	11.09688278
203.7273099	282.9164295	-0.1211433225	4.448836393e-14	9.592036593e-13	9.206057166
203.7284207	97.55503788	0.493584727	8.685524165e-13	2.186064041e-13	9.925320764
203.7816556	-362.2457836	-0.3765074352	-3.020348052e-13	7.237740079e-13	11.56882537
203.7847879	-68.18395214	0.4927706955	2.895142154e-13	1.048705598e-12	10.32536147
203.8206881	256.1997797	0.07315827261	-7.202756321e-13	-6.176390724e-13	9.346342086
203.8217877	149.6579316	0.4393006618	4.379732069e-13	8.328500759e-13	9.778034967
203.8254772	-223.0431141	0.2612079509	6.154980768e-13	-8.836044133e-13	10.8369396
203.8310331	339.3655609	-0.7749601909	4.575707979e-13	-1.675129786e-13	8.88874801
203.8638196	-155.5576461	0.4061748413	-3.506446422e-14	-4.990218802e-13	10.57969126
203.8677283	226.1220847	0.230444923	1.084081407e-12	-3.156028398e-14	9.488477754
203.8681667	191.4231783	0.3520420274	-3.66310196e-13	-2.27810002e-13	9.632397899
203.9111722	-297.1756648	-0.01515908052	5.420078145e-13	-1.218731969e-12	11.20075795
203.9503917	-377.7583879	-0.4785182351	5.504823516e-14	-1.770265822e-13	11.67392591
204	2.074349905e-13	0.5148986345	4.377887876e-14	-6.75600788e-14	10.17425507
204.0343651	318.5495387	-0.4834456624	-2.793819727e-13	-3.183958717e-13	9.024172283
204.1041924	-392.9696272	-0.5849172403	5.508161262e-14	-4.016455743e-13	11.77924586
204.1086823	-242.9228433	0.2003945019	-2.522181227e-13	8.488608572e-13	10.93998027
204.1367835	-314.2844096	-0.09779095826	4.274552921e-13	2.679426644e-13	11.30488955
204.1536533	-99.90084391	0.4699263822	5.121441554e-13	1.400220705e-12	10.42650368
204.1680387	67.22578606	0.5075190803	-6.389763324e-13	-5.157091164e-13	10.02462405
204.1897169	-179.967044	0.3635461194	-3.790627561e-13	3.128610575e-14	10.68182269
204.1922912	295.6514547	-0.2319282397	1.331984278e-13	8.612124324e-13	9.161596412
204.2431222	-407.9055677	-0.6955679872	-3.148832686e-13	6.469051486e-13	11.8847784
204.2523485	349.601058	-0.9334479936	2.605615206e-13	-2.236387296e-13	8.8466724
204.2889721	125.2204543	0.4692900826	-3.367178788e-13	-4.348989552e-13	9.876535496
204.304421	270.2998882	-0.01921570071	4.878113083e-13	-6.016215422e-14	9.300960785
204.3472399	-330.9346601	-0.1853911617	3.35198316e-13	-6.507716256e-13	11.40926956
204.3629071	171.8496038	0.3988565186	-1.965010503e-13	1.994635732e-13	9.730057174
204.3672454	-422.5890567	-0.8103385903	-8.510217464e-13	1.407798086e-12	11.99051693
204.3704166	241.9643349	0.1559464361	-1.315540693e-12	6.012415272e-13	9.442202678
204.376525	-261.9137909	0.1339605716	-2.670946924e-14	6.895941347e-13	11.04330197
204.3899913	209.7439315	0.294859378	5.849333255e-13	-1.10838102e-12	9.585257031
204.3963364	-34.63726366	0.5062046481	3.127511008e-13	-1.047449673e-12	10.27468977
204.4738	329.6763075	-0.6223943011	7.5301775e-13	1.070596492e-12	8.981119715
204.5001169	-202.4987462	0.3147648486	3.653579094e-13	-1.314430494e-12	10.78426176
204.5068993	-129.1729203	0.440358011	-3.783480358e-13	-6.978364163e-13	10.5279821
204.5426039	-347.176159	-0.2778048533	1.538179381e-13	-1.050044453e-13	11.51389024
204.5918844	34.39481942	0.5137083913	-1.88159444e-13	-9.538249801e-14	10.12431458
204.6290649	-280.1843309	0.06208066966	2.41866415e-13	-5.812116926e-13	11.14689597
204.6501086	307.8178919	-0.3517804035	8.072218131e-13	9.847966421e-13	9.11758902
204.6668783	359.4547104	-1.101384369	9.527616181e-13	1.595659509e-12	8.805069218
204.7229384	-363.0501287	-0.3748822144	-9.692861231e-14	-1.781017643e-14	11.61874411
204.7403473	97.79218678	0.491111997	6.963892512e-13	-7.732535743e-13	9.9754444
204.7769938	-68.34232587	0.4903957668	-4.577959446e-13	4.273023379e-13	10.37548021
204.7808595	283.7038701	-0.1204556593	-6.986552941e-13	-6.177491075e-14	9.256022783
204.7950755	-223.5583805	0.2600203767	2.508804864e-13	3.4168539e-14	10.88699898
204.8418117	150.0335833	0.4370726803	4.371724728e-13	-1.301310395e-12	9.828146366
204.8445777	-155.9188428	0.4042696858	-1.995699e-13	5.366176974e-14	10.62978652
204.8656908	256.8966121	0.07280008399	-1.780412772e-13	-1.037083796e-12	9.396359996
204.866362	-297.8499189	-0.01507606448	-1.224874012e-12	1.27275329e-12	11.2507538
204.8883066	-378.5915201	-0.4764783242	2.13017433e-13	-2.143368569e-13	11.72382392
204.8964039	191.9182551	0.3502389981	-1.366808874e-13	-2.327762157e-14	9.68248805
204.9042925	226.7224692	0.2292607229	-4.091257524e-13	3.027972809e-14	9.538536964
204.9062925	340.3604905	-0.7706466419	-5.071423331e-13	3.191376846e-13	8.938532332
205	4.462298175e-13	0.5123789489	-3.9056e-13	9.714193529e-13	10.22438105
205.0387719	-393.8304037	-0.5824530358	4.401467027e-13	-6.321493733e-13	11.82912265
205.0746499	-243.4812257	0.1994965439	-2.159004563e-13	3.260568976e-13	10.99002517
205.0884771	-314.992984	-0.0973457669	-2.485233859e-15	2.12054657e-13	11.35486729
205.1008378	319.4636042	-0.4807667472	1.561568198e-13	7.597942458e-13	9.074038337
205.1420204	-100.132361	0.4676849398	-2.119723659e-15	-5.572926087e-13	10.47661575
205.1667415	-180.3839901	0.361860005	-1.063054645e-13	-8.252978607e-14	10.731907
205.1743981	-408.792923	-0.69267085	1.849175273e-13	-8.584333945e-13	11.93463354
205.1759503	67.38643742	0.5049998563	-8.048727389e-13	1.337707557e-12	10.07475001
205.2500746	296.4813234	-0.2306388064	-5.644574151e-13	-1.200193292e-13	9.21153194
205.2952492	-423.5019937	-0.8070007873	4.845972179e-13	-7.823147059e-13	12.04035004
205.2954717	-331.6759708	-0.184569747	-4.151880126e-13	2.88354546e-13	11.45922849
205.3049124	125.5289816	0.4669300268	-8.364181433e-14	-1.9353042e-14	9.926653499
205.3319249	350.6338033	-0.9282516274	3.372302982e-13	4.527112306e-15	8.896412581
205.3388979	-262.5124976	0.1333717429	-3.875061871e-13	-5.297585372e-13	11.09333141
205.3536171	271.0416122	-0.01908019562	-5.918442823e-13	5.650412435e-14	9.35095401
205.3869919	172.286548	0.3968280061	-8.318045689e-13	-1.651823716e-13	9.7801586
205.3924294	-34.71769873	0.5037520083	9.41557696e-13	8.792933753e-14	10.3248124
205.4111318	242.6129281	0.1551525309	-5.320862768e-13	-1.113813244e-12	9.492242373
205.4223352	210.2923208	0.2933484421	-3.400532843e-13	6.244667305e-13	9.635332578
205.4734452	-202.9663635	0.3133220705	3.435566103e-13	-1.998623893e-13	10.8343339
205.4874076	-347.9487628	-0.2765943787	-7.394388769e-13	1.601699834e-12	11.56382972
205.4914659	-129.4718812	0.4382797401	-2.340788825e-13	8.295619512e-13	10.57808601
205.5445561	330.6298237	-0.6189484464	-2.056650926e-13	-2.739113557e-13	9.030947422
205.5878787	-280.8210402	0.06181899054	-2.678382322e-13	8.69903533e-13	11.19690905
205.5958206	34.47582536	0.5111824791	-4.293807642e-13	-2.254149107e-14	10.17444088
205.6643473	-363.8526994	-0.3732709864	-9.35484209e-14	-9.313824065e-14	11.66866355
205.712139	308.6890733	-0.3498371851	8.777374745e-13	-2.747998705e-13	9.167491859
205.750781	360.5244594	-1.095251675	-1.042434636e-13	-3.833606166e-13	8.854762584
205.7522435	98.02875365	0.488663973	9.41527222e-13	3.024393542e-13	10.0255668
205.7647444	-224.0724456	0.2588435152	-7.21939653e-13	1.1886677e-12	10.93705782
205.7692187	-68.50032944	0.4880436752	-4.856194447e-13	-3.913672537e-13	10.42559782
205.8216517	-298.5226394	-0.0149939887	6.16787854e-14	7.280466704e-15	11.3007497
205.8253816	-156.2791915	0.402382331	-4.531504196e-13	1.160637507e-12	10.67988088
205.8263534	-379.4228314	-0.4744557272	-5.087352962e-13	-2.575762094e-13	11.77372279
205.8342637	284.4891149	-0.1197759176	6.896842625e-13	-3.579239753e-13	9.305988796
205.861784	150.4082793	0.4348672013	-4.871450461e-13	4.681950701e-13	9.87825664
205.9105727	257.5915355	0.0724452057	1.066126853e-12	1.50566455e-12	9.44637774
205.9245671	192.412034	0.3484543061	4.063187502e-13	6.27776075e-13	9.732577285
205.9407597	227.3212417	0.2280885275	6.049661155e-13	-7.325037001e-13	9.588595574
205.9734889	-394.6893167	-0.580009469	-3.83044576e-13	1.263847212e-12	11.87900047
205.9813431	341.3525573	-0.7663806884	-3.138937072e-14	-7.928085236e-14	8.988319034
206	-1.503487094e-13	0.5098838719	-3.195844671e-13	-9.422809973e-13	10.27450581
206.0402774	-315.6999602	-0.09690467109	2.062000343e-13	5.975677083e-13	11.40484523
206.0406955	-244.0383146	0.1986065469	1.110969971e-12	-8.607335313e-13	11.04006967
206.105817	-409.6783756	-0.6897976675	-5.276436867e-13	1.009409068e-12	11.98448988
206.1304156	-100.3633371	0.4654648205	5.124225192e-14	-3.116413088e-13	10.52672676
206.1438203	-180.7999594	0.360189454	-6.890035708e-13	5.499667938e-13	10.78199053
206.1671277	320.3750708	-0.4781174276	-5.489826476e-13	-7.998053759e-13	9.123905871
206.183842	67.54670227	0.502505582	-3.5118099e-13	-3.039827797e-13	10.12487472
206.2234012	-424.4129923	-0.8036902414	-2.227052112e-14	-1.694330674e-14	12.09018451
206.2438165	-332.4156238	-0.1837556338	3.815855408e-13	-8.498432285e-13	11.50918778
206.3013563	-263.1098274	0.1327880062	-1.092629173e-13	9.904544321e-13	11.1433606
206.3077006	297.3088659	-0.2293637867	-2.233588739e-13	-4.946635217e-13	9.261468189
206.3208118	125.8367396	0.4645936274	-4.660896666e-14	-1.336012961e-13	9.976770319
206.3885321	-34.79794621	0.5013230835	7.948697472e-13	2.244660404e-13	10.37493385
206.4026808	271.7812911	-0.01894664754	3.486363267e-13	5.08165291e-13	9.400947332
206.4110142	172.7223657	0.3948200146	6.472466667e-13	5.364512415e-13	9.830258999
206.4112802	351.6635706	-0.9231124549	-3.73456067e-13	-7.811130676e-13	8.946155623
206.4323306	-348.7196542	-0.2753944487	6.671315849e-13	-1.177961215e-12	11.61376972
206.4468358	-203.4328897	0.3118924374	3.480162391e-13	-1.522527384e-13	10.88440538
206.4517386	243.2597664	0.1543665316	7.351582948e-13	4.487154025e-13	9.542281673
206.454594	210.8392583	0.2918528431	9.099634999e-13	-4.896055878e-15	9.685407358
206.4760694	-129.7701431	0.4362210215	3.224071543e-13	-1.267715635e-12	10.62818895
206.546785	-281.4562962	0.061559436	2.397619559e-13	-7.387765296e-13	11.24692203
206.599747	34.55663965	0.5086813527	7.710299385e-14	-3.65259952e-13	10.22456593
206.6058815	-364.6535073	-0.3716735712	-3.249535061e-13	1.478895674e-12	11.71858368
206.6151174	331.5806195	-0.6155405149	-2.783753595e-13	-4.787891551e-13	9.080777026
206.7344833	-224.5853177	0.2576772225	-4.195512114e-14	-5.639900073e-13	10.98711614
206.7614626	-68.65796547	0.4857140921	-3.817960259e-13	-4.916270378e-13	10.4757143
206.7641095	98.26474282	0.4862402856	-1.832465769e-13	-4.597295632e-14	10.07568799
206.7645312	-380.2523337	-0.4724502246	-3.393017251e-13	5.774049043e-13	11.82362251
206.7740001	309.5578015	-0.347915443	-6.514569522e-13	1.77748043e-13	9.217395772
206.7770408	-299.1938367	-0.01491283715	-1.952168083e-13	-3.059349985e-13	11.35074564
206.8062311	-156.6386982	0.4005125285	1.588581167e-13	-5.524968498e-13	10.72997437
206.8344505	361.5911187	-1.089186322	-1.936517772e-13	-2.261389686e-13	8.904459316
206.8817049	150.7820269	0.4326838853	-5.319083485e-13	-7.596068312e-13	9.928365806
206.8875236	285.2721822	-0.1191039592	4.283512345e-13	1.037249492e-12	9.355955198
206.9083425	-395.5463782	-0.5775862819	4.133862275e-13	-6.887655375e-13	11.92887931
206.952657	192.9045254	0.3466876735	-1.219149067e-12	-2.673714296e-13	9.782665616
206.9553347	258.2845656	0.07209359538	-4.460239808e-13	9.91743584e-13	9.49639532
206.9771307	227.9184155	0.2269281568	-7.769370294e-13	6.001580572e-13	9.638653592
206.9921836	-316.4053488	-0.09646761387	6.120126133e-13	-1.301126766e-12	11.45482338
207	-1.352177096e-13	0.5074130435	-7.94532543e-14	9.040037402e-14	10.32462935
207.0068188	-244.594119	0.1977244062	-2.820777762e-13	-1.344066782e-13	11.09011378
207.0373779	-410.5619377	-0.6869481449	3.103925494e-13	-4.926908131e-13	12.03434741
207.0561868	342.3417858	-0.7621615497	-6.548425684e-14	-3.872626903e-13	9.038108077
207.1188388	-100.593776	0.4632657208	7.982435712e-14	-3.367176538e-13	10.57683671
207.1209529	-181.214959	0.3585342519	2.233255637e-14	6.721390032e-14	10.83207329
207.1517003	-425.3220647	-0.8004066215	5.177124242e-13	-8.695472221e-13	12.14002033
207.1917138	67.7065834	0.5000358877	-7.608061629e-13	1.598429583e-13	10.17499821
207.1922738	-333.1536301	-0.1829487245	-2.702004045e-14	3.099601467e-13	11.55914744
207.2332364	321.2839605	-0.475497215	1.176502337e-12	9.681224563e-13	9.173774861
207.2638995	-263.7057897	0.1322092967	3.616353496e-13	-1.749773021e-12	11.19338954
207.3366707	126.1437341	0.4622805299	-1.207967318e-13	-6.521746358e-14	10.02688597
207.3651706	298.1341018	-0.2281029381	-7.551005129e-13	-1.694269464e-13	9.311405147
207.3773721	-349.4888444	-0.2742049257	4.081930415e-13	-4.555607374e-13	11.66371025
207.3846443	-34.87800741	0.4989175303	3.090796224e-13	-7.848186776e-13	10.42505412
207.4202882	-203.8983327	0.3104757707	-2.65979501e-13	7.049087967e-13	10.93447621
207.4349745	173.1570657	0.3928322343	-4.372554022e-13	-6.529038854e-13	9.880358388
207.451613	272.5189421	-0.01881501468	-8.775556719e-15	-1.2437934e-13	9.450940751
207.4607097	-130.067711	0.4341815802	6.026644885e-14	-7.361235322e-13	10.67829092
207.4867684	211.3847557	0.2903723498	2.296262533e-13	-9.101878268e-13	9.735481383
207.4904164	352.690385	-0.9180295428	2.648124431e-13	7.908982867e-13	8.995901477
207.4922379	243.9048644	0.1535883228	-2.87130983e-13	-2.81283067e-13	9.592320584
207.5057832	-282.090109	0.06130198137	-6.184730381e-13	1.68694472e-12	11.2969349
207.5475401	-365.4525639	-0.3700897914	-2.260356389e-13	7.943273378e-13	11.76850449
207.6036636	34.63726366	0.5062046481	2.352725576e-13	1.84456952e-13	10.27468977
207.6854854	332.5287179	-0.6121698845	3.05149231e-13	2.1938089e-13	9.130608494
207.7028393	-381.0800385	-0.4704616007	3.153396618e-13	-2.271199183e-13	11.87352308
207.7042917	-225.0970054	0.2565213575	-1.443621626e-13	9.852631179e-13	11.03717393
207.7325287	-299.8635212	-0.0148325942	-2.328885402e-13	1.638318062e-13	11.40074163
207.7537253	-68.81523654	0.4834066951	-1.063736306e-13	-7.499787571e-13	10.52582967
207.7759457	98.50015855	0.483840573	5.537998498e-13	2.813961421e-13	10.12580797
207.7871258	-156.9973689	0.3986600343	3.195817061e-13	-3.689489752e-13	10.780067
207.8356934	310.4240971	-0.3460148211	5.715151471e-14	-6.61631436e-13	9.267300741
207.8433318	-396.4015999	-0.5751832214	3.123663837e-13	-5.138356124e-13	11.97875916
207.9015749	151.1548336	0.4305223999	-5.190806834e-13	-1.337852068e-13	9.97847388
207.9178887	362.6547143	-1.083187215	-5.554995507e-13	-7.903061715e-13	8.954159361
207.9406405	286.0530902	-0.1184396492	2.092169588e-13	1.775678998e-13	9.405921982
207.9441952	-317.1091607	-0.09603453935	8.494261002e-13	-1.345243932e-12	11.50480173
207.9690799	-411.4436211	-0.6841219919	-6.449999184e-14	-9.527213174e-14	12.0842061
207.9730191	-245.1486481	0.1968500189	-1.278585337e-13	6.156915205e-13	11.1401575
207.9806741	193.3957393	0.3449388283	2.444497281e-13	-6.379862096e-13	9.832753059
207.9999778	258.975718	0.07174521135	-6.324046251e-13	-7.179940545e-13	9.546412739
208	3.107791641e-13	0.5049661112	-2.754793677e-13	-7.795538884e-13	10.37475169
208.0134063	228.5140034	0.2257794343	1.254637855e-12	1.253981251e-12	9.688711028
208.0801458	-426.2292227	-0.797149602	2.375024498e-13	-2.941934318e-13	12.18985748
208.0981388	-181.6289958	0.3568941881	-2.405907859e-13	5.595414246e-13	10.88215529
208.1072898	-100.8236814	0.4610873432	4.302790367e-14	2.88097226e-13	10.62694563
208.130825	343.3281998	-0.7579884621	-3.164198447e-13	-2.342059977e-13	9.087899423
208.1408426	-333.8900008	-0.1821489233	3.544234532e-14	-3.536721621e-13	11.60910745
208.199566	67.8660836	0.497590411	-2.781677919e-13	-4.615761211e-13	10.22512048
208.2265269	-264.3003941	0.1316355505	-2.743802612e-13	2.493006903e-13	11.24341822
208.2991653	322.1902948	-0.4729056314	-1.395028818e-13	-6.015109188e-13	9.223645282
208.3225314	-350.2563448	-0.2730256743	3.348091684e-13	2.367369411e-13	11.71365128
208.3524895	126.449971	0.4599903871	5.311461855e-13	-5.048975267e-13	10.07700048
208.380766	-34.95788364	0.4965350123	-2.034249552e-12	1.76681583e-13	10.47517325
208.3938019	-204.3627	0.3090718952	8.21002374e-13	-1.222081776e-13	10.98454641
208.4224859	298.9570503	-0.2268560235	-3.301834521e-13	1.132426684e-13	9.361342801
208.4453865	-130.3645897	0.4321611463	-2.736162431e-13	-3.825574953e-13	10.72839194
208.4588733	173.5906568	0.3908643618	7.087550315e-13	1.164781099e-12	9.930456782
208.4648727	-282.7224885	0.06104660229	3.359478403e-13	-2.35374411e-12	11.34694767
208.4893224	-366.2498807	-0.3685194732	3.166709036e-13	-4.920091725e-13	11.81842597
208.5004149	273.2545817	-0.01868525638	1.717463516e-12	1.180374882e-12	9.500934263
208.5188591	211.9288244	0.2889067355	-9.595500612e-13	-2.869657126e-13	9.785554663
208.5326305	244.5482362	0.1528177914	3.688658392e-13	2.104878827e-13	9.64235911
208.5693352	353.7142713	-0.9130019774	-1.01783228e-12	-1.243553348e-12	9.045650099
208.6075706	34.71769873	0.5037520083	-1.756105223e-13	3.230797945e-13	10.3248124
208.6412768	-381.9059577	-0.4684896435	-2.356812857e-13	-1.695886677e-13	11.92342448
208.6741691	-225.6075169	0.2553757813	4.331851167e-13	-2.541894542e-13	11.08723121
208.6881145	-300.5317032	-0.01475324455	-1.934647209e-13	2.319090647e-14	11.45073766
208.7460066	-68.9721452	0.4811211681	1.868228759e-14	2.615634671e-13	10.57594394
208.7556616	333.4741415	-0.6088359465	-1.409945138e-12	-1.36354971e-12	9.180441797
208.7680653	-157.3552094	0.396824609	4.355024936e-14	-9.880366861e-13	10.83015877
208.7784562	-397.2549936	-0.572800038	-3.332854788e-14	1.851754207e-13	12.02864
208.7877521	98.73500509	0.4814644805	-2.439986345e-14	7.288811604e-13	10.17592678
208.8963113	-317.8114064	-0.09560539267	-4.646672757e-14	7.711243101e-13	11.55478027
208.8972201	311.2879804	-0.3441349717	3.407697589e-13	7.440882056e-13	9.317206749
208.9009221	-412.3234378	-0.6813189233	-8.772719659e-14	1.285461361e-14	12.13406595
208.9213944	151.5267064	0.4283824188	5.456973972e-13	2.582104516e-13	10.02858088
208.9392958	-245.7019104	0.195983284	4.79786771e-13	-5.174180786e-13	11.19020084
208.9936154	286.8318568	-0.1177828558	-9.070756822e-13	-8.77317476e-13	9.455889143
209	-3.165270743e-13	0.502542729	-1.741026627e-13	-2.187768238e-13	10.42487286
209.0010975	363.7152718	-1.077253284	-2.779347871e-13	-3.890523168e-13	9.003862664
209.0086189	193.885686	0.3432075038	4.501999817e-13	4.225049795e-13	9.882839625
209.0087367	-427.1344784	-0.7939188624	-1.872316807e-12	2.898552893e-12	12.23969594
209.044503	259.6650081	0.07140001251	-2.045600556e-13	-6.413440363e-14	9.596429999
209.0495871	229.1080182	0.2246421872	-1.52976113e-13	-1.416276491e-12	9.738767891
209.0753778	-182.0420763	0.3552690561	6.930610883e-13	-8.884329993e-13	10.93223655
209.0895224	-334.6247467	-0.1813561361	-4.642996859e-13	4.311934363e-13	11.65906781
209.0957683	-101.0530571	0.4589293954	2.243230367e-13	-9.949995213e-13	10.67705353
209.189238	-264.8936498	0.131066705	4.116536232e-13	-5.335832371e-13	11.29344666
209.2052597	344.311823	-0.7538606781	7.061366117e-13	-2.315291565e-13	9.137693034
209.2073987	68.02520561	0.4951687964	2.153414043e-13	7.205379122e-13	10.27524156
209.2678077	-351.0221663	-0.2718565616	-8.064142467e-14	-5.764064293e-13	11.76359283
209.3649159	323.0940951	-0.4703422093	7.313716722e-13	3.380861043e-13	9.27351711
209.3673765	-204.8259991	0.3076806387	9.173065891e-13	1.308469211e-13	11.03461597
209.3682685	126.7554558	0.4577228583	1.659951395e-14	9.621274606e-13	10.12711386
209.3768971	-35.03757619	0.4941751992	-9.446529017e-14	-2.450991406e-13	10.52529124
209.4240528	-283.3534443	0.06079327479	-5.250284424e-13	1.03493529e-12	11.39696034
209.4300994	-130.6607843	0.430159455	4.900101049e-13	-6.639913553e-13	10.77849203
209.4312277	-367.0454689	-0.3669624452	7.251851666e-14	6.10758695e-13	11.86834812
209.4796476	299.7777303	-0.2256228111	-3.829855069e-13	1.072910568e-13	9.411281141
209.482711	174.0231476	0.3889160995	-9.361689858e-13	-4.362704365e-15	9.980554195
209.5490875	273.9882267	-0.01855733312	-6.101498248e-13	-9.875169066e-13	9.550927867
209.5508668	212.4714759	0.2874557783	-2.437725707e-13	1.1437966e-13	9.835627211
209.5729173	245.1898956	0.1520548267	-6.954415736e-13	-1.939581424e-12	9.692397259
209.579843	-382.7301025	-0.4665341442	4.654403259e-13	-8.042694506e-13	11.97332671
209.6114679	34.79794621	0.5013230835	2.376546965e-13	-2.690648123e-13	10.37493385
209.6437977	-301.1983927	-0.01467477324	-1.333916656e-13	-1.244744887e-12	11.50073374
209.6441152	-226.1168603	0.2542403577	-5.41357825e-13	5.321084627e-13	11.13728798
209.6480384	354.7352541	-0.9080288651	-1.007400413e-12	-8.808243407e-13	9.095401443
209.7137146	-398.1065709	-0.5704364867	3.826699577e-13	-5.024546074e-13	12.07852182
209.7383064	-69.12869398	0.4788572009	8.136132514e-14	4.90025524e-13	10.62605714
209.7490495	-157.7122256	0.3950060178	-3.067061432e-13	9.11458414e-13	10.8802497
209.7995291	98.96928659	0.4791116603	1.181359066e-13	-6.145431882e-13	10.22604442
209.8256478	334.4169127	-0.6055381055	2.417603556e-13	1.230029624e-12	9.230276905
209.8329038	-413.2013993	-0.6785386582	2.893714052e-13	-3.47541908e-13	12.18392693
209.8485313	-318.5120964	-0.09518011999	-8.967850411e-14	3.814931041e-13	11.60475901
209.9056486	-246.253915	0.1951241019	3.378991088e-13	-4.400367376e-13	11.24024379
209.9374721	-428.0378436	-0.7907140873	1.883285826e-12	-2.970028894e-12	12.2895357
209.9411637	151.8976525	0.4262636226	-1.996374649e-13	-8.713899113e-14	10.07868682
209.9585816	312.1494715	-0.3422755542	3.933704429e-13	2.961044376e-13	9.367113778
210	-3.644831712e-13	0.5001425576	-1.218573416e-13	-2.990492945e-14	10.47499287
210.0364921	194.3743754	0.3414934384	9.180275323e-13	5.977820788e-13	9.932925328
210.0383123	-335.3578784	-0.1805702704	5.338334554e-13	-5.279952878e-13	11.70902851
210.0464496	287.6084995	-0.1171334501	3.545829006e-13	-4.154432135e-13	9.505856673
210.0526695	-182.4542075	0.3536586528	-1.573269552e-12	5.697670801e-13	10.98231707
210.0840787	364.7728165	-1.071383481	1.064481339e-12	1.162228908e-12	9.053569174
210.0842742	-101.2819068	0.456791591	-2.587390339e-13	1.536117971e-12	10.72716042
210.085674	229.7004724	0.2235162459	-9.315312097e-15	-7.03715579e-14	9.788824188
210.0889111	260.352451	0.07105795839	1.165721448e-13	6.041254711e-13	9.646447102
210.1520323	-265.4855661	0.1305026983	3.843819074e-14	-6.708827708e-14	11.34347487
210.2132003	-351.78632	-0.2706974571	-3.146936964e-13	1.294779799e-13	11.81353487
210.2152121	68.18395214	0.4927706955	-3.427100259e-13	-3.691871439e-13	10.32536147
210.2794923	345.2926785	-0.7497774664	4.097024174e-13	3.184741522e-13	9.187488873
210.3410117	-205.2882376	0.306301832	1.799492402e-13	3.325267283e-13	11.08468491
210.3730375	-35.11708632	0.4918377673	-1.354272077e-13	-2.497790939e-13	10.57540811
210.3732551	-367.8393398	-0.3654185394	1.486449959e-13	-1.614591304e-13	11.91827093
210.383323	-283.9829862	0.06054197523	1.956352353e-13	-3.216415679e-13	11.4469729
210.3840078	127.0601942	0.4554776097	-6.804738511e-13	5.699880805e-14	10.17722612
210.4148482	-130.9562993	0.4281762462	-2.405219424e-14	3.51731704e-13	10.82859119
210.4304896	323.9953825	-0.4678064912	2.633635422e-13	1.693197901e-13	9.323390325
210.5064882	174.4545465	0.386987156	5.046614018e-13	4.2655673e-13	10.03065064
210.5185369	-383.5524843	-0.4645948979	-2.528725506e-13	4.430942818e-13	12.02322974
210.5366571	300.5961607	-0.2244030743	-1.032036997e-12	-4.575235011e-13	9.461220154
210.5827921	213.0127214	0.2860192601	-4.981811812e-14	1.557394326e-13	9.885699037
210.5976317	274.7198932	-0.01843120646	-2.354442277e-13	8.019791903e-13	9.60092156
210.5995777	-301.8635999	-0.01459716563	7.455057842e-15	6.659479982e-13	11.55072986
210.6130992	245.8298566	0.1512993197	1.012130176e-12	1.53529594e-12	9.742435034
210.6141293	-226.6250438	0.2531149529	-9.049196174e-14	1.933222705e-13	11.18734425
210.6153557	34.87800741	0.4989175303	-2.503857848e-13	-7.423707437e-13	10.42505412
210.6491063	-398.9563432	-0.5680923263	-2.96164534e-13	3.605204341e-13	12.12840462
210.7265278	355.7533575	-0.9031093308	8.663310466e-13	7.087141218e-13	9.145155467
210.7300778	-158.0684234	0.39320403	-2.215637985e-13	1.909706198e-13	10.9303398
210.7306246	-69.28488536	0.4766144893	-1.307602246e-13	-7.779692496e-13	10.67616928
210.7650241	-414.0775174	-0.6757809204	-1.931071004e-13	3.499405213e-13	12.23378905
210.8008545	-319.2112409	-0.09475866844	1.711562517e-14	-5.594616607e-13	11.65473793
210.8112768	99.20300718	0.4767817714	-1.851930043e-13	-7.360560296e-13	10.27616091
210.8663512	-428.9393297	-0.7875349665	-2.048930953e-13	3.102907247e-13	12.33937675
210.8720768	-246.8046702	0.1942723751	-1.986555102e-13	2.591627756e-13	11.29028638
210.8954453	335.3570536	-0.602275779	-6.345838881e-13	-5.484385034e-13	9.280113789
210.9608833	152.2676789	0.424165698	5.41944548e-13	6.482286788e-13	10.12879172
210.9872117	-336.0894068	-0.1797912353	7.627378102e-14	3.415878475e-13	11.75898956
211	4.280206408e-13	0.4977652642	-4.430501796e-14	-2.524005382e-14	10.52511174
211.0197794	313.0085901	-0.3404362357	-6.094271293e-14	-2.35439757e-13	9.417021812
211.0300134	-182.8653958	0.3520627791	3.839026e-13	-2.045664418e-13	11.03239686
211.0642941	194.8618172	0.339796376	-8.48696232e-13	-1.096627355e-12	9.983010181
211.0728072	-101.5102341	0.4546736486	-6.364324126e-13	-2.589753856e-13	10.77726632
211.0991442	288.3830359	-0.1164913064	9.446362567e-13	1.443711568e-12	9.555824565
211.1149092	-266.076152	0.1299434698	4.064237725e-13	5.070488659e-13	11.39350283
211.1216676	230.2913787	0.2224014441	5.831183334e-14	-1.575569661e-13	9.838879928
211.1332032	261.0380616	0.07071900914	9.28110699e-15	8.326989847e-14	9.69646405
211.1587083	-352.5488167	-0.2695482322	2.777900089e-13	-1.367676898e-12	11.86347741
211.1668341	365.8273734	-1.065576781	-4.564493195e-13	-5.363770729e-14	9.103278839
211.2230062	68.34232587	0.4903957668	5.673083608e-13	2.709150059e-13	10.37548021
211.3147069	-205.7494228	0.3049353091	-5.118340417e-13	4.857896641e-13	11.13475323
211.3154038	-368.6315044	-0.3638875902	1.899393385e-13	-4.227240763e-13	11.96819438
211.3426826	-284.6111236	0.06029268032	-2.085562508e-13	2.114197789e-13	11.49698537
211.3535246	346.2707894	-0.7457381113	1.772082235e-13	4.289888182e-14	9.237286906
211.3691872	-35.19641529	0.4895223989	2.594095762e-13	-3.916286502e-13	10.62552388
211.3996328	-131.2511396	0.426211265	-1.805580004e-14	5.771973066e-13	10.87868944
211.399708	127.3641917	0.453254314	-1.299787833e-13	-2.740025287e-13	10.22733728
211.4573578	-384.3731144	-0.4626717028	4.17332295e-13	-8.139315805e-13	12.07313359
211.4958878	324.8941778	-0.4652980297	6.777414059e-13	1.081409176e-12	9.373264901
211.5302052	174.8848619	0.3850772455	-6.688933524e-13	-9.01180128e-14	10.08074614
211.5554538	-302.5273345	-0.01452040741	-3.705004422e-13	1.150497775e-12	11.60072602
211.5842111	-227.1320753	0.2519994351	3.215386437e-13	-1.815777245e-12	11.23740003
211.5846305	-399.804322	-0.5657673195	8.504201286e-14	-7.413090022e-14	12.17828837
211.5935155	301.4123598	-0.2231965914	-1.222824059e-12	-2.259083278e-12	9.51115983
211.6146357	213.5525718	0.2845969677	2.75063726e-13	5.259249725e-13	9.935770152
211.619234	34.95788364	0.4965350123	-3.325273722e-13	1.541182347e-12	10.47517325
211.6460487	275.4495973	-0.018306839	-1.369284596e-13	1.877638841e-13	9.650915342
211.6531769	246.4681327	0.1505511637	5.212806555e-13	-5.45480102e-13	9.792472442
211.6972821	-414.9518033	-0.6730454381	-4.141578902e-13	7.296210544e-13	12.28365227
211.7111501	-158.4238082	0.3914184189	3.157778919e-13	-9.900064205e-13	10.98042908
211.7229611	-69.44072182	0.4743927345	2.427365988e-13	4.335384799e-14	10.72628036
211.7532803	-319.9088503	-0.09434098615	-1.293994113e-13	-5.381368332e-13	11.70471705
211.7953732	-429.8389485	-0.7843811943	4.602097497e-13	-5.904651426e-13	12.38921906
211.804805	356.7686052	-0.8982425185	6.138133043e-14	-3.832520219e-13	9.194912126
211.8229955	99.43617092	0.4744744796	2.251451674e-13	-6.498387057e-13	10.32627628
211.8385799	-247.3541848	0.1934280076	6.701584518e-14	5.950477863e-13	11.3403286
211.9362199	-336.8193421	-0.1790189416	-2.091246584e-13	8.112902517e-14	11.80895095
211.9650558	336.2945857	-0.5990483966	7.398344508e-14	1.882504006e-13	9.32995242
211.9805534	152.6367926	0.4220883379	-3.509979617e-14	-2.387877373e-13	10.17889558
212	-2.763224868e-13	0.4954105226	-4.801165139e-13	-9.485095903e-13	10.57522947
212.0074093	-183.2756479	0.3504812392	2.827853197e-13	-4.728073514e-13	11.08247594
212.0613673	-101.7380427	0.4525752923	4.447500591e-13	-1.607223449e-13	10.82737124
212.0778681	-266.6654167	0.1293889598	1.123686009e-13	4.79361369e-13	11.44353055
212.0808145	313.8653558	-0.3386166905	4.218879556e-13	2.475728834e-13	9.466930835
212.0920256	195.3480211	0.3381160652	1.45868805e-13	1.044924137e-12	10.0330942
212.1043312	-353.3096672	-0.2684087607	-3.131041884e-14	1.808924428e-13	11.91342044
212.1517002	289.1554829	-0.1158563016	-7.684627416e-14	-1.256372549e-12	9.605792815
212.1575687	230.880749	0.2212976187	2.376364315e-13	1.916025574e-13	9.888935119
212.1773801	261.7218547	0.07038312546	-7.881871803e-13	-1.942817155e-13	9.746480844
212.2307813	68.50032944	0.4880436752	2.908202539e-13	3.378383447e-13	10.42559782
212.2493657	366.8789672	-1.05983218	2.222227676e-13	4.847077348e-13	9.152991609
212.2576732	-369.4219735	-0.362369435	-5.157817924e-13	2.74343514e-14	12.01811847
212.2884619	-206.2095619	0.3035809068	-6.47123633e-13	1.283832211e-12	11.18482095
212.3021311	-285.2378661	0.06004536709	3.620287067e-13	-4.310585708e-13	11.54699773
212.365346	-35.27556436	0.4872287821	-3.426896052e-14	-2.556715801e-13	10.67563856
212.3844527	-131.5453098	0.4242642607	1.050057473e-13	3.402151956e-13	10.92878679
212.396305	-385.1920038	-0.4607643604	2.808060204e-13	-6.106817069e-13	12.12303822
212.4153691	127.6674539	0.4510526504	7.638171121e-13	2.43482027e-13	10.27744737
212.4273581	347.2461783	-0.7417419123	4.175571037e-15	-2.008913131e-13	9.287087096
212.5114254	-303.1896065	-0.0144444846	6.526674278e-13	-7.382623653e-13	11.65072222
212.5202863	-400.6505183	-0.563461233	-7.69007967e-14	1.670858308e-13	12.22817306
212.5538627	175.3141021	0.3831860877	-4.630882347e-13	3.572683421e-13	10.1308407
212.5543601	-227.6379628	0.2508936753	-2.440596889e-13	9.127559516e-13	11.28745532
212.561112	325.7905015	-0.4628163867	-3.065995124e-13	-7.47981336e-13	9.423140819
212.6231029	35.03757619	0.4941751992	4.587589141e-13	-7.782608903e-13	10.52529124
212.629677	-415.8242685	-0.6703319437	-2.742717715e-13	3.864405781e-13	12.3335166
212.6463981	214.0910382	0.2831886916	-3.714168771e-13	3.923733456e-13	9.985840565
212.650224	302.226346	-0.2220031457	1.372376115e-13	2.245286113e-12	9.561100157
212.692266	-158.7783858	0.3896489624	-9.992861475e-13	1.416297988e-12	11.03051755
212.6931512	247.1047373	0.1498102538	6.7584456e-14	2.992334129e-13	9.842509487
212.6943394	276.1773549	-0.01818419435	-7.028752163e-13	-1.865573161e-12	9.70090921
212.7058079	-320.6049346	-0.09392702216	-7.145230651e-13	1.066411858e-12	11.75469635
212.7153157	-69.59620578	0.4721916435	-2.246972771e-13	-8.030297879e-13	10.77639042
212.7245371	-430.7367113	-0.7812524703	1.064630035e-12	-1.641812138e-12	12.43906262
212.8051575	-247.9024671	0.192590905	4.067620265e-14	-1.072614583e-13	11.39037045
212.8346854	99.66878184	0.472189457	-2.834216004e-13	1.128278454e-12	10.37639053
212.8828717	357.7810209	-0.8934275897	-5.028761588e-13	-5.922651911e-13	9.244671379
212.8853362	-337.5476949	-0.1782533016	1.712892746e-13	-5.051849943e-13	11.85891267
212.9848568	-183.6849701	0.348913841	4.370616947e-13	5.124551592e-13	11.13255431
213	-3.986835734e-13	0.4930780124	9.291182173e-13	9.153902211e-13	10.6253461
213.0001745	153.0050003	0.4200312412	-4.176029421e-13	-7.109731846e-14	10.22899844
213.0344806	337.2295307	-0.5958554005	6.528166939e-14	-6.413458227e-13	9.37979277
213.0409084	-267.2533691	0.1288391095	7.338763837e-13	-1.70945541e-12	11.49355804
213.0499541	-101.9653361	0.450496251	-3.469774456e-13	1.148699147e-12	10.87747519
213.0500682	-354.068882	-0.2672789186	8.129112246e-13	-4.588194686e-13	11.96336395
213.1196871	195.8329967	0.3364522599	6.352737481e-13	-1.848442561e-13	10.08317739
213.1416884	314.7197877	-0.3368166	8.400810475e-13	-3.984949334e-13	9.51684083
213.1933781	231.4685957	0.22020461	2.764537888e-13	8.453463696e-14	9.93898977
213.2000624	-370.2107582	-0.360863914	-2.014607367e-13	2.602660339e-13	12.0680432
213.2041187	289.9258577	-0.1152283157	2.257973172e-13	1.969045619e-14	9.655761416
213.2214427	262.4038449	0.0700502687	4.396121148e-13	9.768366301e-13	9.796497487
213.2385374	68.65796547	0.4857140921	7.036227386e-14	1.001022258e-12	10.4757143
213.2616679	-285.863223	0.05980001291	-8.279126826e-13	1.293762177e-12	11.59701
213.2622761	-206.6686621	0.3022384648	-1.459931884e-13	5.84409893e-13	11.23488808
213.3316751	367.9276222	-1.054148695	-9.355307355e-15	-1.881216596e-13	9.202707435
213.3353776	-386.0091635	-0.4588726757	-4.790524749e-13	5.754898044e-13	12.17294363
213.361514	-35.35453475	0.4849566113	-5.867904763e-13	6.355220289e-13	10.72575217
213.3693079	-131.8388145	0.4223349875	1.118823468e-12	-6.446266357e-13	10.97888325
213.4309916	127.969986	0.4488723043	1.390525857e-13	-4.171284842e-14	10.32755638
213.456073	-401.4949434	-0.5611738372	3.224131842e-13	-3.704889465e-13	12.27805869
213.4674919	-303.8504254	-0.01436938349	7.647265282e-13	-7.588423427e-13	11.70071847
213.5009944	348.2188675	-0.7377881836	1.586937081e-13	9.845260833e-13	9.336889409
213.5245758	-228.142714	0.2497975462	-3.843827542e-13	2.230047453e-13	11.33751012
213.562208	-416.6949242	-0.6676401741	8.249506229e-13	-1.156179679e-12	12.38338201
213.5774609	175.7422753	0.381313408	-5.755169438e-13	6.09590735e-14	10.18093433
213.6261636	326.6843738	-0.4603611338	-1.811402336e-13	6.262326698e-13	9.473018057
213.6269625	35.11708632	0.4918377673	-4.543917783e-13	-7.398357219e-14	10.57540811
213.6538421	-431.6326294	-0.7781484985	-8.81093301e-13	1.385951377e-12	12.48890742
213.6584368	-321.2995039	-0.09351672646	5.145951149e-14	-7.013134121e-13	11.80467584
213.6734252	-159.1321618	0.3878954419	5.290719309e-13	-4.947583044e-14	11.08060523
213.67808	214.6281312	0.2817942265	3.808845358e-13	1.204075897e-13	10.03591029
213.7067838	303.0381371	-0.2208225253	4.076731026e-13	-1.073977554e-13	9.611041126
213.7076882	-69.75133965	0.4700109288	-3.402142211e-13	1.480242142e-12	10.82649945
213.733023	247.7396837	0.1490764871	-2.53541977e-13	-6.668911562e-13	9.892546176
213.7425048	276.9031816	-0.01806323711	2.936980935e-13	1.161831147e-12	9.750903162
213.7718091	-248.4495255	0.1917609745	-6.858712245e-14	2.558663017e-13	11.44041195
213.8345598	-338.2744754	-0.1774942292	-5.363585156e-13	1.084971692e-12	11.90887471
213.8463467	99.90084391	0.4699263822	-2.303642806e-13	-7.98641045e-13	10.42650368
213.9607297	358.7906276	-0.8886637239	3.559014592e-13	3.824759841e-13	9.294433186
213.9623555	-184.093369	0.3473603956	-4.392543352e-13	-7.493363375e-13	11.18263198
213.9959185	-354.8264718	-0.2661585839	-6.37672544e-14	-3.081240016e-14	12.01330793
214	-1.369459861e-13	0.4907674196	4.501875166e-13	1.543590848e-13	10.67546163
214.0040297	-267.8400178	0.1282938612	-5.10323156e-13	1.375045153e-12	11.54358531
214.019747	153.3723089	0.4179941127	-1.280940613e-13	1.002360392e-12	10.27910029
214.0385674	-102.1921178	0.4484362588	-1.482220962e-13	-4.805018117e-13	10.92757819
214.1037213	338.1619096	-0.5926962443	6.943127643e-13	4.382508828e-13	9.429634812
214.1425707	-370.9978689	-0.3593708698	6.495194972e-13	-9.677503313e-13	12.11796854
214.1472791	196.3167534	0.3348047184	1.283300784e-13	2.421869077e-13	10.13325976
214.2024024	315.5719049	-0.3350356523	-3.918150446e-13	5.52278885e-13	9.566751783
214.2212924	-286.4872034	0.05955659549	1.257925681e-13	-7.392654502e-13	11.64702217
214.2290964	232.0549305	0.2191222609	-2.057447652e-12	-2.115720438e-12	9.989043887
214.2361491	-207.1267305	0.3009078256	2.872033204e-13	-1.558981268e-12	11.28495461
214.2462747	68.81523654	0.4834066951	-9.258137178e-13	-1.106837218e-12	10.52582967
214.2564009	290.6941768	-0.1146072311	-9.584480869e-14	-2.430577069e-13	9.705730362
214.2653919	263.0840465	0.06972040074	2.320347991e-13	-6.685708314e-13	9.84651398
214.2745749	-386.8246044	-0.4569964566	-3.864932742e-13	-1.404682199e-13	12.22284982
214.354198	-132.1316583	0.420423204	-5.776126048e-13	3.144390239e-13	11.02897884
214.3576911	-35.43332767	0.4827055863	7.354617402e-13	9.115946149e-13	10.77586472
214.3919898	-402.3376083	-0.5589049062	-2.661761184e-13	3.560221873e-13	12.32794525
214.4137641	368.9733623	-1.048525364	5.88564056e-14	1.543591126e-13	9.252426268
214.4236526	-304.509801	-0.01429509069	1.164582425e-13	1.01676961e-14	11.75071475
214.4465758	128.2717935	0.4467129671	1.686499039e-14	1.276565527e-13	10.37766435
214.4948578	-228.6463367	0.248710923	-3.283249943e-13	-4.915224974e-13	11.38756445
214.4948742	-417.5637816	-0.6649698702	-3.974813581e-13	6.803352717e-13	12.43324849
214.5744351	349.1888791	-0.7338762538	-7.206648859e-13	-1.280163299e-12	9.386693813
214.5832874	-432.526714	-0.7750689876	-8.229337149e-13	1.330819809e-12	12.53875345
214.6010003	176.1693895	0.3794589369	1.580801901e-13	4.812871166e-13	10.23102705
214.6111663	-321.992568	-0.09311004992	1.603869944e-13	-1.245825229e-12	11.8546555
214.6308128	35.19641529	0.4895223989	3.452639756e-13	5.267782708e-13	10.62552388
214.6546275	-159.4851416	0.3861576431	4.436577212e-13	-5.571938332e-13	11.13069212
214.6910438	327.5758146	-0.4579318513	2.125855394e-13	-9.188537682e-14	9.522896593
214.7000787	-69.90612582	0.4678503081	5.585997049e-14	-1.292059758e-12	10.87660748
214.7096821	215.1638615	0.2804133713	3.852606253e-13	-1.475455855e-13	10.08597933
214.7385341	-248.9953682	0.1909381249	4.257437786e-13	-1.177724183e-12	11.49045309
214.7631962	303.8477508	-0.2196545226	5.813485899e-15	-4.278937904e-13	9.660982726
214.772793	248.3729849	0.1483497628	5.945533718e-13	-8.134861294e-14	9.942582512
214.7838902	-338.9996938	-0.1767416396	8.692140038e-13	-1.504990767e-12	11.95883708
214.7905459	277.6270928	-0.01794393281	-4.766060328e-13	-3.13381536e-13	9.800897197
214.8579796	100.132361	0.4676849398	5.578524435e-13	5.738971148e-13	10.47661575
214.939905	-184.5008507	0.3458207178	-2.641637473e-13	9.258208944e-13	11.23270896
214.9418814	-355.5824468	-0.2650476367	-1.020790522e-13	8.75549124e-14	12.06325238
214.9672314	-268.4253718	0.127753158	1.711678285e-13	-8.839646839e-13	11.59361234
