200.7802355	-12.31983797	-0.001199040767	-1.197178142e-13	3.461934478e-12	208.001199
200.9731628	11.89868321	-0.001285347044	1.040421714e-14	2.929502747e-13	194.0012853
201	-2.072124899e-14	0.002481389578	-1.207183465e-14	6.813632918e-13	200.9975186
201.7629426	-12.34937087	-0.001193317422	1.760810075e-13	-5.228598294e-12	209.0011933
201.9910657	11.92925879	-0.001278772379	-5.279601717e-14	-1.305234388e-12	195.0012788
202	1.005227479e-14	0.002469135802	3.023596998e-15	2.347582545e-12	201.9975309
202.7456909	-12.37883331	-0.001187648456	-1.173867496e-13	3.438868492e-12	210.0011876
203	-1.713164912e-14	0.002457002457	2.974351883e-15	-4.303825786e-12	202.997543
203.0089229	11.95975621	-0.001272264631	-6.978886868e-14	-2.157822785e-12	196.0012723
203.7284802	-12.4082258	-0.001182033097	1.268006783e-15	3.634298312e-13	211.001182
204	7.062272917e-14	0.002444987775	-2.660037712e-15	6.792426174e-12	203.997555
204.0267347	11.99017605	-0.001265822785	2.229866869e-13	6.407051681e-12	197.0012658
204.7113101	-12.43754882	-0.001176470588	1.63472819e-14	-3.419540786e-13	212.0011765
205	-7.350361569e-14	0.002433090024	-3.519080363e-15	-2.946369693e-12	204.9975669
205.0445014	12.02051892	-0.001259445844	-1.28474503e-13	-3.773540504e-12	198.0012594
205.6941804	-12.46680288	-0.001170960187	6.040803595e-15	-2.470921737e-13	213.001171
206	-4.484062968e-14	0.002421307506	1.076205849e-14	-6.655477651e-12	205.9975787
206.0622234	12.05078538	-0.001253132832	8.958243284e-14	2.666177897e-12	199.0012531
206.6770907	-12.49598845	-0.001165501165	-2.660898699e-14	9.810268257e-14	214.0011655
207	3.952573039e-14	0.002409638554	3.485265223e-15	1.95662267e-12	206.9975904
207.0799011	12.08097602	-0.001246882793	-1.300965948e-13	-3.669989363e-12	200.0012469
207.6600409	-12.52510601	-0.001160092807	5.485419997e-14	-1.538430636e-12	215.0011601
208	2.621081967e-14	0.002398081535	4.360914246e-15	3.823107005e-12	207.9976019
208.0975348	12.1110914	-0.001240694789	8.149923922e-17	1.521195923e-14	201.0012407
208.6430305	-12.55415604	-0.001154734411	3.555801569e-14	-9.107936501e-13	216.0011547
209	2.127429533e-14	0.002386634845	1.699505796e-14	-3.09666889e-12	208.9976134
209.1151247	12.14113208	-0.001234567901	1.093968682e-13	2.892792196e-12	202.0012346
209.6260594	-12.583139	-0.001149425287	-2.003704793e-14	4.353699446e-13	217.0011494
210	2.26085873e-14	0.002375296912	-5.846199976e-15	2.23658114e-12	209.9976247
210.1326713	12.17109861	-0.001228501228	-2.72013525e-13	-7.179599036e-12	203.0012285
210.6091273	-12.61205536	-0.00114416476	-5.342561854e-14	1.909709493e-12	218.0011442
211	-1.328143251e-14	0.002364066194	-6.138596662e-15	-2.01110274e-12	210.9976359
211.1501748	12.20099154	-0.001222493888	2.523790426e-13	6.706461604e-12	204.0012225
211.5922338	-12.64090557	-0.001138952164	-7.387751118e-14	2.143161254e-12	219.001139
212	-4.550282684e-14	0.002352941176	6.07720145e-15	-2.066065317e-12	211.9976471
212.1676356	12.23081141	-0.001216545012	-4.653464676e-14	-1.154557717e-12	205.0012165
212.5753788	-12.66969009	-0.001133786848	1.069021471e-13	-3.076122974e-12	220.0011338
213	-2.685438409e-14	0.002341920375	2.424145011e-14	4.446233919e-12	212.9976581
213.1850539	12.26055876	-0.001210653753	4.744345344e-14	1.398944355e-12	206.0012107
213.558562	-12.69840936	-0.001128668172	-1.079637749e-13	3.452544232e-12	221.0011287
214	6.297611376e-15	0.002331002331	1.036023006e-15	-1.718168881e-12	213.997669
214.2024301	12.29023411	-0.001204819277	-4.675835269e-14	-1.437673546e-12	207.0012048
214.5417831	-12.72706382	-0.001123595506	9.265278055e-14	-2.634706297e-12	222.0011236
215	-4.703498137e-14	0.002320185615	3.281934691e-15	1.974203558e-12	214.9976798
215.2197645	12.31983797	-0.001199040767	2.068074368e-14	1.024798047e-12	208.001199
215.5250418	-12.75565391	-0.001118568233	-6.128249669e-15	3.629278946e-13	223.0011186
216	-1.07870664e-14	0.002309468822	-7.104404562e-15	3.711202244e-12	215.9976905
216.2370574	12.34937087	-0.001193317422	-5.551498648e-14	-1.804428728e-12	209.0011933
216.508338	-12.78418007	-0.001113585746	1.462018915e-15	-1.123047667e-13	224.0011136
217	-3.277964292e-14	0.002298850575	-1.840887694e-14	-4.933466389e-12	216.9977011
217.2543091	12.37883331	-0.001187648456	2.451385451e-14	8.737427203e-13	210.0011876
217.4916713	-12.81264272	-0.00110864745	-7.818809458e-15	7.769790704e-14	225.0011086
218	-2.553479425e-14	0.002288329519	3.423293219e-15	8.042227297e-13	217.9977117
218.2715198	12.4082258	-0.001182033097	-6.727318462e-14	-1.505371985e-12	211.001182
218.4750415	-12.84104227	-0.001103752759	-1.823186027e-14	3.512305971e-13	226.0011038
219	7.432123437e-15	0.002277904328	5.551651129e-15	-6.436490995e-13	218.9977221
219.2886899	12.43754882	-0.001176470588	2.830286998e-14	9.51615189e-13	212.0011765
219.4584484	-12.86937916	-0.001098901099	8.27688491e-14	-2.580751501e-12	227.0010989
220	1.951783879e-14	0.002267573696	1.269921621e-15	-8.232288875e-13	219.9977324
220.3058196	12.46680288	-0.001170960187	-2.121760221e-14	-5.531100849e-13	213.001171
220.4418918	-12.89765379	-0.001094091904	4.025607395e-16	2.213165767e-14	228.0010941
221	-5.901543235e-15	0.002257336343	-7.822005317e-15	3.157898513e-13	220.9977427
221.3229093	12.49598845	-0.001165501166	5.868331566e-14	1.826243691e-12	214.0011655
221.4253713	-12.92586657	-0.001089324619	-1.957857706e-14	7.852086616e-13	229.0010893
222	3.519165878e-14	0.002247191011	-5.57779125e-15	-9.868749977e-14	221.9977528
222.3399591	12.52510601	-0.001160092807	-6.517553602e-14	-1.88616206e-12	215.0011601
222.4088868	-12.9540179	-0.001084598698	-5.687672353e-14	1.425293447e-12	230.0010846
223	5.035312329e-14	0.002237136465	6.870276802e-15	5.32365734e-13	222.9977629
223.3569695	12.55415604	-0.001154734411	2.529741226e-14	5.64464167e-13	216.0011547
223.392438	-12.98210819	-0.001079913607	-1.148354687e-14	5.714713232e-13	231.0010799
224	-4.548025752e-14	0.002227171492	3.953126045e-16	2.063835138e-12	223.9977728
224.3739406	12.583139	-0.001149425287	4.230599998e-15	-3.571835048e-14	217.0011494
224.3760247	-13.01013783	-0.001075268817	4.450242533e-14	-1.635022184e-12	232.0010753
225	-2.020472147e-15	0.0022172949	1.179403248e-14	-4.193885905e-12	224.9977827
225.3596466	-13.03810721	-0.001070663812	-3.713994232e-14	1.333745708e-12	233.0010707
225.3908727	12.61205536	-0.00114416476	-7.29746124e-15	-9.687098507e-14	218.0011442
226	-1.32840107e-14	0.002207505519	1.201486012e-14	5.190123468e-12	225.9977925
226.3433036	-13.06601672	-0.001066098081	8.725678242e-14	-2.872314477e-12	234.0010661
226.4077662	12.64090557	-0.001138952164	7.405409855e-14	2.254448681e-12	219.001139
227	-4.685871244e-15	0.002197802198	2.646445013e-15	-5.903684453e-12	226.9978022
227.3269954	-13.09386674	-0.001061571125	-1.349670452e-13	3.933578183e-12	235.0010616
227.4246212	12.66969009	-0.001133786848	-1.874444745e-13	-5.572072016e-12	220.0011338
228	4.275982572e-14	0.002188183807	-2.400061793e-15	3.032928259e-12	227.9978118
228.3107218	-13.12165765	-0.001057082452	1.106384977e-13	-3.57070687e-12	236.0010571
228.441438	12.69840936	-0.001128668172	7.625404294e-14	2.468854811e-12	221.0011287
229	-6.012811941e-14	0.002178649237	-1.544580986e-15	2.031558929e-12	228.9978214
229.2944825	-13.14938983	-0.001052631579	-5.753720919e-14	1.855913725e-12	237.0010526
229.4582169	12.72706382	-0.001123595506	5.905947581e-14	2.066807864e-12	222.0011236
230	-2.543815e-14	0.002169197397	-2.428608755e-15	-2.908126854e-12	229.9978308
230.2782774	-13.17706364	-0.001048218029	-2.94766996e-14	5.987744206e-13	238.0010482
230.4749582	12.75565391	-0.001118568233	-9.267729919e-15	-4.885564202e-13	223.0011186
231	-4.718370097e-15	0.002159827214	7.221141751e-15	-2.286556694e-12	230.9978402
231.2621062	-13.20467945	-0.001043841336	-4.833503905e-15	9.703838084e-14	239.0010438
231.491662	12.78418007	-0.001113585746	5.056239799e-14	1.703398724e-12	224.0011136
232	1.946631815e-15	0.002150537634	-5.244855468e-15	5.140457989e-12	231.9978495
232.2459688	-13.23223763	-0.001039501039	7.779275017e-14	-2.396293087e-12	240.0010395
232.5083287	12.81264272	-0.00110864745	-1.205786127e-13	-3.320066338e-12	225.0011086
233	3.99285971e-14	0.002141327623	2.338313696e-14	-9.204368673e-13	232.9978587
233.2298649	-13.25973854	-0.001035196687	-2.409736045e-14	7.109461156e-13	241.0010352
233.5249585	12.84104227	-0.001103752759	-6.215954869e-14	-1.846290869e-12	226.0011038
234	2.270903863e-14	0.002132196162	7.942573091e-15	1.692958944e-13	233.9978678
234.2137942	-13.28718252	-0.001030927835	-1.43348436e-13	4.800189347e-12	242.0010309
234.5415516	12.86937916	-0.001098901099	9.693522648e-14	2.896691071e-12	227.0010989
235	-2.226361575e-15	0.00212314225	9.476003719e-15	-2.594864372e-12	234.9978769
235.1977567	-13.31456994	-0.001026694045	7.749603137e-14	-2.057009186e-12	243.0010267
235.5581082	12.89765379	-0.001094091904	3.018721991e-14	5.08074904e-13	228.0010941
236	-3.657833056e-14	0.002114164905	-4.891886577e-15	2.222662544e-12	235.9978858
236.1817521	-13.34190114	-0.001022494888	1.597726266e-13	-5.160398225e-12	244.0010225
236.5746287	12.92586657	-0.001089324619	8.876300209e-14	2.821796727e-12	229.0010893
237	-3.435874108e-14	0.002105263158	-1.271079458e-15	5.597558858e-13	236.9978947
237.1657802	-13.36917646	-0.001018329939	-2.329132877e-14	8.383075308e-13	245.0010183
237.5911132	12.9540179	-0.001084598698	-2.157604185e-13	-6.296037277e-12	230.0010846
238	-2.058217365e-14	0.002096436059	1.786099936e-15	3.264167452e-12	237.9979036
238.1498408	-13.39639625	-0.001014198783	1.969151146e-14	-6.046130825e-13	246.0010142
238.607562	12.98210819	-0.001079913607	5.586768842e-14	1.868313414e-12	231.0010799
239	4.747718118e-14	0.002087682672	8.753703321e-15	-6.915658669e-12	238.9979123
239.1339336	-13.42356085	-0.00101010101	2.751484278e-14	-1.055880962e-12	247.0010101
239.6239753	13.01013783	-0.001075268817	6.895005031e-14	2.168997355e-12	232.0010753
240	1.118604247e-14	0.002079002079	2.153729938e-15	1.693025066e-14	239.997921
240.1180586	-13.45067058	-0.001006036217	-1.747373528e-13	5.473421451e-12	248.001006
240.6403534	13.03810721	-0.001070663812	-2.304481086e-13	-6.866744875e-12	233.0010707
241	2.210609989e-15	0.002070393375	-1.349049969e-14	3.94530044e-12	240.9979296
241.1022155	-13.47772579	-0.001002004008	6.113113176e-14	-1.893453371e-12	249.001002
241.6566964	13.06601672	-0.001066098081	2.163890522e-13	6.779059909e-12	234.0010661
242	-5.298172636e-14	0.00206185567	-2.773863714e-15	-3.591544815e-12	241.9979381
242.0864041	-13.50472679	-0.000998003992	-7.321719968e-15	1.442434853e-13	250.000998
242.6730046	13.09386674	-0.001061571125	-7.953822219e-14	-2.570310362e-12	235.0010616
243	-6.933347644e-14	0.00205338809	7.295489846e-15	3.905456843e-12	242.9979466
243.0706242	-13.53167392	-0.0009940357853	9.430843605e-14	-2.85032298e-12	251.000994
243.6892782	13.12165765	-0.001057082452	3.098563859e-14	9.635900044e-13	236.0010571
244	3.768216708e-15	0.002044989775	1.093878697e-14	1.71654923e-13	243.997955
244.0548757	-13.55856749	-0.0009900990099	-3.932048518e-14	1.226917757e-12	252.0009901
244.7055175	13.14938983	-0.001052631579	-1.402419425e-13	-4.454158979e-12	237.0010526
245	2.309119156e-14	0.002036659878	8.025208239e-16	8.410219865e-12	244.9979633
245.0391583	-13.58540782	-0.0009861932939	2.526591197e-15	-3.174878383e-13	253.0009862
245.7217226	13.17706364	-0.001048218029	8.783455327e-14	2.691759677e-12	238.0010482
246	7.471641361e-15	0.002028397566	4.682855419e-15	-1.354317847e-11	245.9979716
246.0234719	-13.61219523	-0.0009823182711	-1.691139961e-13	5.538276539e-12	254.0009823
246.7378938	13.20467945	-0.001043841336	1.168402007e-13	3.710399289e-12	239.0010438
247	-2.41193286e-14	0.00202020202	3.309743441e-15	3.728675026e-12	246.9979798
247.0078163	-13.63893003	-0.0009784735812	1.102604e-13	-3.499555437e-12	255.0009785
247.7540312	13.23223763	-0.001039501039	-3.790253407e-14	-1.232888557e-12	240.0010395
247.9921913	-13.66561252	-0.0009746588694	1.560154977e-13	-4.523355692e-12	256.0009747
248	1.903342821e-14	0.002012072435	-3.710326854e-15	-2.4174414e-13	247.9979879
248.7701351	13.25973854	-0.001035196687	9.191016623e-14	2.861587227e-12	241.0010352
248.9765967	-13.69224302	-0.0009708737864	-2.467700814e-13	7.679575418e-12	257.0009709
249	2.4356447e-14	0.002004008016	7.329074133e-16	-2.931202624e-12	248.997996
249.7862058	13.28718252	-0.001030927835	-7.336779665e-14	-2.119971282e-12	242.0010309
249.9610324	-13.71882182	-0.0009671179884	2.698490844e-14	-1.125746555e-12	258.0009671
250	2.329106131e-14	0.001996007984	-8.153043578e-15	6.328496917e-12	249.998004
250.8022433	13.31456994	-0.001026694045	-7.808604953e-14	-1.920410341e-12	243.0010267
250.9454982	-13.74534923	-0.0009633911368	2.297239558e-14	-8.805147093e-13	259.0009634
251	1.629468411e-14	0.001988071571	9.359147684e-15	-9.516677909e-12	250.9980119
251.8182479	13.34190114	-0.001022494888	6.910586359e-14	2.231375548e-12	244.0010225
251.9299938	-13.77182554	-0.0009596928983	-1.076173038e-13	3.319204045e-12	260.0009597
252	3.112239921e-14	0.00198019802	6.107625332e-15	4.434770207e-12	251.9980198
252.8342198	13.36917646	-0.001018329939	-4.219928073e-14	-1.271816178e-12	245.0010183
252.9145192	-13.79825105	-0.0009560229445	5.457230896e-14	-1.519002047e-12	261.000956
253	-3.358959186e-14	0.001972386588	-2.758791006e-15	1.904222535e-12	252.9980276
253.8501592	13.39639625	-0.001014198783	6.181282351e-14	1.818514093e-12	246.0010142
253.8990741	-13.82462605	-0.0009523809524	1.237502717e-13	-3.493397564e-12	262.0009524
254	2.553972619e-15	0.001964636542	-2.253449882e-15	-1.666220298e-12	253.9980354
254.8660664	13.42356085	-0.00101010101	-5.353885774e-14	-1.69829512e-12	247.0010101
254.8836585	-13.85095083	-0.0009487666034	-1.613459288e-14	5.507796822e-13	263.0009488
255	-3.943278563e-14	0.001956947162	1.144878463e-15	-4.448676968e-12	254.9980431
255.868272	-13.87722566	-0.0009451795841	1.35663431e-13	-4.605474434e-12	264.0009452
255.8819414	13.45067058	-0.001006036217	-1.01426109e-13	-3.114227479e-12	248.001006
256	4.416541812e-15	0.001949317739	3.373528231e-15	5.669954791e-12	255.9980507
256.8529146	-13.90345084	-0.0009416195857	-2.145507579e-13	7.235584453e-12	265.0009416
256.8977845	13.47772579	-0.001002004008	1.50272484e-13	4.527326507e-12	249.001002
257	6.885489158e-16	0.001941747573	-5.663478532e-15	3.493849438e-12	256.9980583
257.8375861	-13.92962665	-0.0009380863039	2.424071076e-15	-7.04477811e-14	266.0009381
257.9135959	13.50472679	-0.000998003992	-1.726391207e-14	-4.266599943e-13	250.000998
258	3.659420819e-14	0.001934235977	4.943817045e-15	-3.830284344e-12	257.9980658
258.8222864	-13.95575337	-0.0009345794393	9.643134112e-14	-2.992325232e-12	267.0009346
258.9293758	13.53167392	-0.0009940357853	-1.428840547e-13	-4.443796402e-12	251.000994
259	-2.222069009e-14	0.001926782274	2.72808308e-15	-4.986058165e-13	258.9980732
259.8070152	-13.98183126	-0.0009310986965	-3.629898025e-14	1.102895298e-12	268.0009311
259.9451243	13.55856749	-0.0009900990099	7.653847397e-14	2.567420058e-12	252.0009901
260	1.189245784e-14	0.001919385797	-8.804821995e-15	1.28934206e-12	259.9980806
260.7917724	-14.0078606	-0.0009276437848	-3.344069504e-14	1.137219834e-12	269.0009276
260.9608417	13.58540782	-0.0009861932939	-3.784246604e-14	-1.498675058e-12	253.0009862
261	4.485428895e-14	0.001912045889	2.095160747e-15	-2.637459916e-12	260.998088
261.7765579	-14.03384167	-0.0009242144177	4.488642201e-14	-1.455095069e-12	270.0009242
261.9765281	13.61219523	-0.0009823182711	8.022204932e-14	2.767595339e-12	254.0009823
262	-1.465770046e-14	0.001904761905	4.774967035e-15	-1.603219564e-12	261.9980952
262.7613715	-14.05977472	-0.0009208103131	5.569015001e-15	-5.15104119e-13	271.0009208
262.9921837	13.63893003	-0.0009784735812	-1.869539109e-14	-3.969556885e-13	255.0009785
263	2.210929524e-14	0.001897533207	5.542249922e-15	2.763429721e-12	262.9981025
263.746213	-14.08566003	-0.0009174311927	1.179013217e-14	-6.510835193e-13	272.0009174
264	-1.994501327e-14	0.001890359168	-1.717896817e-14	-2.134623899e-12	263.9981096
264.0078087	13.66561252	-0.0009746588694	-4.33811952e-14	-1.418529337e-12	256.0009747
264.7310823	-14.11149786	-0.0009140767825	-2.738705028e-14	9.322017429e-13	273.0009141
265	4.858444223e-15	0.001883239171	-3.158528405e-15	2.392837406e-12	264.9981168
265.0234033	13.69224302	-0.0009708737864	-3.078944211e-14	-1.041686586e-12	257.0009709
265.7159792	-14.13728847	-0.0009107468124	4.059322657e-14	-1.602511426e-12	274.0009107
266	-3.216453612e-14	0.001876172608	-1.097425706e-14	-4.966081955e-12	265.9981238
266.0389676	13.71882182	-0.0009671179884	-6.343540379e-14	-2.084031483e-12	258.0009671
266.7009037	-14.16303211	-0.0009074410163	-1.236162957e-13	4.065987654e-12	275.0009074
267	-8.398404819e-15	0.001869158879	2.568582907e-15	8.342517905e-12	266.9981308
267.0545018	13.74534923	-0.0009633911368	1.241463585e-13	3.861757633e-12	259.0009634
267.6858554	-14.18872904	-0.000904159132	5.28981502e-14	-1.808208501e-12	276.0009042
268	-1.194745192e-14	0.001862197393	6.443389204e-15	-4.351598155e-12	267.9981378
268.0700062	13.77182554	-0.0009596928983	-5.176783978e-14	-1.512344705e-12	260.0009597
268.6708344	-14.21437952	-0.0009009009009	8.875972201e-14	-3.427817516e-12	277.0009009
269	-1.296491116e-14	0.00185528757	8.855255355e-18	-3.44133003e-12	268.9981447
269.0854808	13.79825105	-0.0009560229446	9.696044596e-14	3.106018218e-12	261.000956
269.6558404	-14.2399838	-0.0008976660682	-5.937690874e-14	1.823333935e-12	278.0008977
270	-6.280454608e-15	0.001848428835	4.540419156e-15	5.585333286e-12	269.9981516
270.1009259	13.82462605	-0.0009523809524	-4.323032019e-14	-1.088317626e-12	262.0009524
270.6408733	-14.26554212	-0.0008944543828	-2.077221995e-14	8.209292278e-13	279.0008945
271	-2.391307238e-14	0.001841620626	1.000219192e-14	-2.510820377e-12	270.9981584
271.1163415	13.85095083	-0.0009487666034	-8.255033484e-15	-3.834278714e-13	263.0009488
271.6259329	-14.29105473	-0.0008912655971	-5.89017518e-14	2.068931831e-12	280.0008913
272	-2.087331223e-14	0.001834862385	-3.424400214e-15	-1.765344857e-12	271.9981651
272.131728	13.87722566	-0.0009451795841	1.704403383e-14	3.728234035e-13	264.0009452
272.6110191	-14.31652187	-0.0008880994671	1.054885933e-15	1.65868753e-13	281.0008881
273	-4.839841223e-14	0.001828153565	-2.356233806e-15	7.630707853e-13	272.9981718
273.1470854	13.90345084	-0.0009416195857	8.389456485e-14	2.431046664e-12	265.0009416
273.5961318	-14.3419438	-0.0008849557522	2.83682609e-14	-7.392022604e-13	282.000885
274	1.200839404e-14	0.001821493625	-3.673311987e-15	1.982999989e-12	273.9981785
274.1624139	13.92962665	-0.0009380863039	-1.15346696e-13	-3.795966867e-12	266.0009381
274.5812709	-14.36732074	-0.0008818342152	3.349121169e-14	-1.218597851e-12	283.0008818
275	-6.583656439e-14	0.001814882033	8.953233047e-15	3.206756439e-12	274.9981851
275.1777136	13.95575337	-0.0009345794393	2.538618009e-14	1.257944539e-12	267.0009346
275.5664361	-14.39265293	-0.0008787346221	1.229516398e-13	-4.338860919e-12	284.0008787
276	1.278369378e-14	0.001808318264	8.588286558e-15	-2.47588043e-12	275.9981917
276.1929848	13.98183126	-0.0009310986965	-4.448420169e-14	-1.371280696e-12	268.0009311
276.5516274	-14.41794062	-0.0008756567426	-1.382151951e-13	4.386353158e-12	285.0008757
277	2.240588224e-14	0.001801801802	-6.881596126e-16	-2.476707887e-12	276.9981982
277.2082276	14.0078606	-0.0009276437848	1.206746884e-13	3.927087119e-12	269.0009276
277.5368446	-14.44318404	-0.000872600349	-1.482659083e-13	4.647088555e-12	286.0008726
278	-1.392545618e-14	0.001795332136	1.158194219e-14	1.778209007e-12	277.9982047
278.2234421	14.03384167	-0.0009242144177	-8.13102424e-14	-2.687189402e-12	270.0009242
278.5220875	-14.46838341	-0.0008695652174	1.27977161e-13	-4.456102602e-12	287.0008696
279	2.735284514e-14	0.001788908766	-1.17690883e-14	-4.862490757e-12	278.9982111
279.2386285	14.05977472	-0.0009208103131	3.173360018e-14	7.030032271e-13	271.0009208
279.5073561	-14.49353897	-0.0008665511265	-6.532883087e-14	2.390534832e-12	288.0008666
280	1.144151538e-14	0.001782531194	-1.252418174e-14	5.496567243e-12	279.9982175
280.253787	14.08566003	-0.0009174311926	-9.52208254e-14	-3.298429888e-12	272.0009174
280.4926502	-14.51865094	-0.0008635578584	5.073755161e-14	-1.895744514e-12	289.0008636
281	-1.925948397e-14	0.001776198934	-7.535165874e-15	4.114042052e-14	280.9982238
281.2689177	14.11149786	-0.0009140767824	9.573489716e-14	3.07257362e-12	273.0009141
281.4779697	-14.54371955	-0.0008605851979	-1.09354303e-13	4.07915124e-12	290.0008606
282	8.519851544e-15	0.001769911504	-3.728776836e-15	1.095063509e-13	281.9982301
282.2840208	14.13728847	-0.0009107468124	-2.799570049e-14	-9.904124026e-13	274.0009107
282.4633145	-14.56874503	-0.0008576329331	1.259243323e-13	-4.332413697e-12	291.0008576
283	2.147747844e-15	0.00176366843	1.302846022e-14	-3.58979094e-12	282.9982363
283.2990963	14.16303211	-0.0009074410163	8.070337575e-14	2.72542941e-12	275.0009074
283.4486843	-14.59372759	-0.0008547008547	3.117177391e-14	-1.190104217e-12	292.0008547
284	1.889786627e-14	0.001757469244	4.865400879e-15	-1.404860232e-12	283.9982425
284.3141446	14.18872904	-0.000904159132	-1.36178384e-13	-4.534595e-12	276.0009042
284.4340792	-14.61866746	-0.0008517887564	-3.852202464e-14	1.458556218e-12	293.0008518
285	3.211418973e-15	0.001751313485	8.783393208e-15	3.550038475e-12	284.9982487
285.3291656	14.21437952	-0.0009009009009	1.281964738e-13	4.392779659e-12	277.0009009
285.4194988	-14.64356486	-0.0008488964346	3.47650367e-14	-1.387828892e-12	294.0008489
286	-1.381980608e-14	0.001745200698	8.155333948e-15	1.630427288e-12	285.9982548
286.3441596	14.2399838	-0.0008976660682	-7.811980752e-14	-2.818728202e-12	278.0008977
286.4049433	-14.66841999	-0.0008460236887	-4.130346294e-14	1.397715802e-12	295.000846
287	-2.556910034e-14	0.001739130435	4.769935414e-15	-9.293725096e-13	286.9982609
287.3591267	14.26554212	-0.0008944543828	3.841363897e-14	1.350563411e-12	279.0008945
287.3904123	-14.69323308	-0.0008431703204	3.703401905e-14	-1.353635734e-12	296.0008432
288	-3.529943761e-14	0.001733102253	2.199041114e-15	3.353379468e-12	287.9982669
288.3740671	14.29105473	-0.0008912655972	-4.290650541e-14	-1.65942598e-12	280.0008913
288.3759058	-14.71800434	-0.0008403361344	-6.202403469e-14	2.242737189e-12	297.0008403
289	-1.280748115e-14	0.001727115717	-1.273579126e-14	-2.515465614e-12	288.9982729
289.3614237	-14.74273397	-0.000837520938	-7.779939657e-15	3.914015616e-13	298.0008375
289.3889809	14.31652187	-0.0008880994671	-3.557872759e-14	-1.417944279e-12	281.0008881
290	-9.464462877e-15	0.001721170396	1.655581647e-14	-3.048456522e-12	289.9982788
290.3469659	-14.7674222	-0.0008347245409	7.204662498e-14	-2.779187638e-12	299.0008347
290.4038682	14.3419438	-0.0008849557522	6.686883559e-14	2.366859623e-12	282.000885
291	-3.860556643e-14	0.001715265866	-3.304996932e-15	1.038644825e-11	290.9982847
291.3325321	-14.79206922	-0.0008319467554	9.492253612e-14	-3.647828526e-12	300.0008319
291.4187291	14.36732074	-0.0008818342152	1.044825206e-13	3.349440987e-12	283.0008818
292	-1.130306631e-14	0.001709401709	-1.034615375e-14	-7.317798457e-12	291.9982906
292.3181223	-14.81667524	-0.0008291873963	-2.327932788e-14	6.935108519e-13	301.0008292
292.4335639	14.39265293	-0.0008787346221	-1.965115793e-13	-6.302405852e-12	284.0008787
293	-3.81091353e-14	0.001703577513	5.102758976e-15	-1.962941128e-12	292.9982964
293.3037364	-14.84124046	-0.000826446281	-9.848096237e-14	3.54373396e-12	302.0008264
293.4483726	14.41794062	-0.0008756567426	1.882361358e-13	6.68275164e-12	285.0008757
294	-8.717011376e-15	0.001697792869	1.304781824e-14	1.174168127e-12	293.9983022
294.2893743	-14.86576509	-0.000823723229	-2.174908199e-13	7.55368288e-12	303.0008237
294.4631554	14.44318404	-0.000872600349	-7.474276264e-14	-2.408534626e-12	286.0008726
295	-1.018632388e-14	0.001692047377	9.275375498e-15	2.865044812e-12	294.998308
295.2750358	-14.89024933	-0.0008210180624	1.657872465e-13	-5.743403434e-12	304.000821
295.4779125	14.46838341	-0.0008695652174	6.07629135e-14	1.913660049e-12	287.0008696
296	1.36573836e-14	0.001686340641	-1.102172016e-14	-3.282711585e-12	295.9983137
296.2607209	-14.91469337	-0.0008183306055	-4.523501458e-14	1.971385937e-12	305.0008183
296.4926439	14.49353897	-0.0008665511265	-8.532166493e-15	-5.04377745e-13	288.0008666
297	3.247748008e-14	0.001680672269	-4.737100298e-15	5.590988132e-12	296.9983193
297.2464293	-14.93909742	-0.0008156606851	1.160869929e-13	-4.213762626e-12	306.0008157
297.5073498	14.51865094	-0.0008635578584	-9.575107674e-14	-3.128333111e-12	289.0008636
298	1.018835135e-14	0.001675041876	1.243063948e-14	-4.037348341e-12	297.998325
298.232161	-14.96346167	-0.0008130081301	-4.974673718e-15	-5.847602384e-14	307.000813
298.5220303	14.54371955	-0.0008605851979	4.911793843e-14	1.82562174e-12	290.0008606
299	-3.402169371e-14	0.001669449082	8.900295796e-15	1.21997116e-12	298.9983306
299.217916	-14.98778631	-0.0008103727715	4.372817053e-14	-1.505773209e-12	308.0008104
299.5366855	14.56874503	-0.0008576329331	-3.466986484e-15	-1.231575682e-13	291.0008576
300	-1.551687237e-14	0.001663893511	4.684554915e-15	-2.560154477e-12	299.9983361
300.203694	-15.01207153	-0.0008077544426	-1.254321947e-14	4.03515395e-13	309.0008078
300.5513157	14.59372759	-0.0008547008547	-8.801210179e-14	-3.16891114e-12	292.0008547
301	4.996568492e-14	0.001658374793	1.469371722e-14	2.053155203e-12	300.9983416
301.1894949	-15.03631754	-0.0008051529791	-5.565583516e-14	2.072222297e-12	310.0008052
301.5659208	14.61866746	-0.0008517887564	3.548547283e-15	5.148863566e-13	293.0008518
302	2.342382247e-14	0.001652892562	-7.119995929e-15	-3.284676285e-13	301.9983471
302.1753187	-15.06052451	-0.0008025682183	1.921241032e-13	-6.968460332e-12	311.0008026
302.5805012	14.64356486	-0.0008488964346	1.29371391e-13	4.541938527e-12	294.0008489
303	5.288028733e-15	0.001647446458	-1.601231315e-14	-1.217473951e-12	302.9983526
303.1611652	-15.08469263	-0.0008	-3.449582448e-13	1.212910575e-11	312.0008
303.5950567	14.66841999	-0.0008460236887	-7.337155604e-14	-2.680754333e-12	295.000846
304	1.114423088e-13	0.001642036125	-1.319401186e-14	3.264431096e-12	303.998358
304.1470344	-15.10882209	-0.0007974481659	1.090594002e-13	-4.159255646e-12	313.0007974
304.6095877	14.69323308	-0.0008431703204	-1.453528308e-13	-4.942754427e-12	296.0008432
305	7.795091868e-14	0.001636661211	6.314690683e-15	-4.403256837e-12	304.9983633
305.1329261	-15.13291308	-0.0007949125596	-1.343913899e-13	4.730404222e-12	314.0007949
305.6240942	14.71800434	-0.0008403361345	1.373597898e-13	4.758432222e-12	297.0008403
306	3.113143211e-14	0.00163132137	1.60446231e-14	-3.118075476e-12	305.9983687
306.1188402	-15.15696578	-0.0007923930269	1.377355427e-13	-5.069807864e-12	315.0007924
306.6385763	14.74273397	-0.000837520938	-8.579553353e-14	-2.859132568e-12	298.0008375
307	-4.081829294e-14	0.00162601626	1.38311366e-14	2.828830448e-12	306.998374
307.1047766	-15.18098037	-0.0007898894155	-2.01181211e-14	3.580569245e-13	316.0007899
307.6530341	14.7674222	-0.0008347245409	2.560767277e-14	9.947145833e-13	299.0008347
308	1.418202422e-14	0.001620745543	2.072022823e-15	7.537174462e-12	307.9983793
308.0907352	-15.20495703	-0.0007874015748	1.227540715e-13	-4.383548588e-12	317.0007874
308.6674679	14.79206922	-0.0008319467554	3.310454962e-14	1.212650892e-12	300.0008319
309	3.215696907e-14	0.001615508885	6.557567308e-16	-6.708467005e-12	308.9983845
309.0767159	-15.22889595	-0.0007849293564	-7.815661056e-14	2.295372897e-12	318.0007849
309.6818777	14.81667524	-0.0008291873964	-4.041558655e-14	-1.701217859e-12	301.0008292
310	3.157941054e-14	0.001610305958	3.477959156e-16	-6.678425753e-13	309.9983897
310.0627185	-15.25279729	-0.0007824726135	-4.409002099e-14	1.805508457e-12	319.0007825
310.6962636	14.84124046	-0.000826446281	1.435943463e-13	5.190251358e-12	302.0008264
311	-2.17741339e-14	0.001605136437	1.795603287e-17	3.798197957e-13	310.9983949
311.0487431	-15.27666123	-0.0007800312013	1.0311846e-14	-5.071033659e-13	320.00078
311.7106257	14.86576509	-0.000823723229	-1.317191871e-13	-4.77492218e-12	303.0008237
312	2.327414192e-14	0.0016	1.093897976e-14	1.225399294e-12	311.9984
312.0347895	-15.30048796	-0.0007776049767	-1.961462633e-14	3.243747773e-13	321.0007776
312.7249642	14.89024933	-0.0008210180624	7.726899495e-14	2.525564954e-12	304.000821
313	1.16591075e-14	0.001594896332	5.492445404e-16	1.221282458e-12	312.9984051
313.0208575	-15.32427764	-0.0007751937985	6.571706273e-14	-2.462966536e-12	322.0007752
313.7392791	14.91469337	-0.0008183306056	-1.443128485e-13	-5.034307322e-12	305.0008183
314	-3.349267211e-14	0.001589825119	6.278030445e-15	-5.608311095e-13	313.9984102
314.0069471	-15.34803044	-0.000772797527	-4.052017718e-14	1.627490779e-12	323.0007728
314.7535707	14.93909742	-0.0008156606852	7.747306797e-14	2.961755913e-12	306.0008157
314.9930582	-15.37174654	-0.0007704160247	6.745633268e-14	-2.465014195e-12	324.0007704
315	-2.40852545e-14	0.001584786054	1.068951781e-14	1.428414868e-13	314.9984152
315.767839	14.96346167	-0.0008130081301	5.047892163e-14	2.000997486e-12	307.000813
315.9791907	-15.39542611	-0.0007680491552	-6.577493858e-14	2.5158093e-12	325.000768
316	-3.167385713e-14	0.001579778831	-8.53396862e-15	-9.518808029e-13	315.9984202
316.782084	14.98778631	-0.0008103727715	-2.196659229e-14	-4.211693331e-13	308.0008104
316.9653445	-15.41906931	-0.0007656967841	3.120197926e-14	-1.234354977e-12	326.0007657
317	-3.940544456e-14	0.00157480315	1.166361705e-14	-4.389959944e-12	316.9984252
317.796306	15.01207153	-0.0008077544426	-2.543135733e-14	-6.21585039e-13	309.0008078
317.9515195	-15.44267632	-0.0007633587786	-2.761362372e-15	1.813883343e-14	327.0007634
318	-7.209306139e-15	0.001569858713	-8.176227739e-15	4.409317647e-12	317.9984301
318.8105051	15.03631754	-0.0008051529791	1.579860138e-13	5.360430575e-12	310.0008052
318.9377155	-15.46624729	-0.0007610350076	1.192284116e-13	-4.35800922e-12	328.000761
319	-2.561667027e-14	0.001564945227	1.475094398e-14	-1.776767529e-12	318.9984351
319.8246813	15.06052451	-0.0008025682183	-6.810162575e-14	-2.447406345e-12	311.0008026
319.9239326	-15.48978239	-0.0007587253414	-1.979735952e-13	7.086254738e-12	329.0007587
320	-6.693545829e-14	0.001560062402	-4.1914938e-15	2.394632988e-13	319.9984399
320.8388348	15.08469263	-0.0008	-1.661394432e-13	-5.878874787e-12	312.0008
320.9101705	-15.51328179	-0.0007564296521	-4.926860065e-14	1.861842128e-12	330.0007564
321	3.500591373e-14	0.001555209953	5.643718241e-16	9.353593388e-13	320.9984448
321.8529656	15.10882209	-0.0007974481659	1.290089435e-13	4.462863434e-12	313.0007974
321.8964293	-15.53674564	-0.000754147813	1.590916793e-13	-5.688919994e-12	331.0007541
322	8.776747553e-15	0.001550387597	1.866984091e-15	1.217748705e-12	321.9984496
322.8670739	15.13291308	-0.0007949125596	-1.119072124e-13	-3.720735136e-12	314.0007949
322.8827087	-15.56017412	-0.0007518796992	-4.642118852e-14	1.779522775e-12	332.0007519
323	1.357707547e-14	0.001545595054	-1.978904971e-15	-1.410298271e-15	322.9984544
323.8690088	-15.58356737	-0.0007496251874	6.556576627e-14	-2.466717751e-12	333.0007496
323.8811598	15.15696578	-0.0007923930269	1.210932845e-14	3.659883882e-13	315.0007924
324	-2.825505278e-17	0.001540832049	-1.238081503e-14	-2.126946888e-12	323.9984592
324.8553294	-15.60692555	-0.0007473841554	7.132323045e-14	-3.040677983e-12	334.0007474
324.8952234	15.18098037	-0.0007898894155	6.651786696e-14	2.307148558e-12	316.0007899
325	-2.873315901e-14	0.00153609831	9.996636775e-15	2.676507207e-12	324.9984639
325.8416705	-15.63024883	-0.0007451564829	-3.207989299e-13	1.161605149e-11	335.0007452
325.9092648	15.20495703	-0.0007874015748	1.959184413e-14	3.924237535e-13	317.0007874
326	-6.937717352e-14	0.001531393568	1.263280518e-14	7.866507714e-13	325.9984686
326.8280318	-15.65353736	-0.0007429420505	1.691224706e-13	-6.338824853e-12	336.0007429
326.9232841	15.22889595	-0.0007849293564	-1.375267932e-14	-2.063278729e-13	318.0007849
327	-4.645435536e-14	0.001526717557	9.164802916e-15	-3.609843094e-12	326.9984733
327.8144135	-15.67679129	-0.0007407407407	1.020932116e-13	-4.223814981e-12	337.0007407
327.9372815	15.25279729	-0.0007824726134	1.639810306e-14	4.908513794e-13	319.0007825
328	-1.321401591e-14	0.001522070015	-6.688147931e-15	8.950773016e-13	327.9984779
328.8008153	-15.70001078	-0.0007385524372	-1.721079486e-13	6.377431782e-12	338.0007386
328.9512569	15.27666123	-0.0007800312012	-3.392560799e-14	-1.214296739e-12	320.00078
329	4.021583096e-14	0.001517450683	2.06814299e-14	4.572804423e-12	328.9984825
329.7872371	-15.72319598	-0.000736377025	1.183106998e-13	-4.31255815e-12	339.0007364
329.9652105	15.30048796	-0.0007776049767	3.949558555e-14	1.336628116e-12	321.0007776
330	-4.288515369e-14	0.001512859304	9.995602684e-15	-3.985692792e-12	329.9984871
330.773679	-15.74634704	-0.0007342143906	-1.91338493e-13	7.167614302e-12	340.0007342
330.9791425	15.32427764	-0.0007751937985	7.381431149e-14	2.5485357e-12	322.0007752
331	-7.354672428e-16	0.001508295626	-1.302253565e-14	-8.826197067e-12	330.9984917
331.7601407	-15.76946412	-0.0007320644217	2.504023335e-13	-9.102590785e-12	341.0007321
331.9930529	15.34803044	-0.0007727975271	-8.190618211e-14	-3.165501855e-12	323.0007728
332	2.950946162e-14	0.001503759398	-2.153276976e-14	2.588955928e-12	331.9984962
332.7466222	-15.79254735	-0.0007299270073	-1.272519067e-13	4.865306746e-12	342.0007299
333	-3.65230869e-14	0.001499250375	1.285958695e-14	8.314821643e-12	332.9985007
333.0069418	15.37174654	-0.0007704160247	-5.387526359e-14	-1.946797054e-12	324.0007704
333.7331235	-15.8155969	-0.0007278020379	-2.338631033e-13	8.476891869e-12	343.0007278
334	6.106163013e-14	0.001494768311	1.021866358e-15	-6.143181456e-13	333.9985052
334.0208093	15.39542611	-0.0007680491551	7.10510256e-14	2.676587079e-12	325.000768
334.7196444	-15.8386129	-0.0007256894049	3.88405441e-13	-1.43958335e-11	344.0007257
335	5.357618006e-14	0.001490312966	-1.383978388e-15	-3.628620706e-12	334.9985097
335.0346555	15.41906931	-0.0007656967841	5.796630903e-14	2.551192067e-12	326.0007657
335.7061849	-15.86159551	-0.0007235890014	-2.682715025e-13	1.016740974e-11	345.0007236
336	-1.444018136e-14	0.001485884101	6.896048191e-15	-1.441891804e-12	335.9985141
336.0484805	15.44267632	-0.0007633587786	-2.785804865e-13	-9.969284564e-12	327.0007634
336.6927448	-15.88454486	-0.0007215007215	1.886415614e-13	-6.905932901e-12	346.0007215
337	3.157579084e-14	0.001481481481	7.804516007e-15	4.768901665e-12	336.9985185
337.0622845	15.46624729	-0.0007610350076	1.642978753e-13	6.288447317e-12	328.000761
337.6793241	-15.9074611	-0.0007194244604	-2.849740513e-14	1.425202959e-12	347.0007194
338	8.158340479e-14	0.001477104874	1.05912752e-15	-4.026860755e-12	337.9985229
338.0760674	15.48978239	-0.0007587253414	8.08501862e-14	2.947060421e-12	329.0007587
338.6659226	-15.93034438	-0.0007173601148	1.089146157e-13	-3.993019739e-12	348.0007174
339	-5.921161631e-15	0.00147275405	-4.421255545e-15	5.48320459e-12	338.9985272
339.0898295	15.51328179	-0.000756429652	-1.274439664e-13	-4.612084557e-12	330.0007564
339.6525405	-15.95319483	-0.0007153075823	-1.538917999e-13	5.628994104e-12	349.0007153
340	-9.014493698e-15	0.001468428781	-6.631425252e-15	-4.183582492e-12	339.9985316
340.1035707	15.53674564	-0.000754147813	2.024457641e-13	7.207254819e-12	331.0007541
340.6391774	-15.9760126	-0.0007132667618	6.68380442e-14	-2.287550908e-12	350.0007133
341	1.284787241e-14	0.001464128843	-1.566957683e-15	-1.381323377e-13	340.9985359
341.1172913	15.56017412	-0.0007518796993	-8.884115335e-14	-3.179205376e-12	332.0007519
341.6258334	-15.99879783	-0.0007112375533	-6.525697579e-14	2.655126476e-12	351.0007112
342	-1.276296024e-16	0.001459854015	-6.613592703e-15	-1.603469339e-12	341.9985401
342.1309912	15.58356737	-0.0007496251874	-8.037010137e-14	-3.342886257e-12	333.0007496
342.6125083	-16.02155066	-0.0007092198582	3.383768135e-14	-1.074797167e-12	352.0007092
343	-4.145208349e-14	0.001455604076	-7.824044736e-15	4.323589107e-12	342.9985444
343.1446706	15.60692555	-0.0007473841555	5.5670422e-14	2.170967372e-12	334.0007474
343.5992022	-16.04427121	-0.0007072135785	5.412548497e-14	-2.260171397e-12	353.0007072
344	-4.213459216e-14	0.00145137881	-1.359070642e-15	-3.769266568e-13	343.9985486
344.1583295	15.63024883	-0.0007451564829	-5.43639314e-14	-2.144789517e-12	335.0007452
344.5859148	-16.06695964	-0.0007052186178	-7.89734443e-14	2.794241048e-12	354.0007052
345	-5.164031255e-15	0.001447178003	4.093981387e-15	-1.273783312e-12	344.9985528
345.1719682	15.65353736	-0.0007429420505	5.047955226e-14	1.657938221e-12	336.0007429
345.5726462	-16.08961607	-0.0007032348805	-1.696900553e-13	6.816317244e-12	355.0007032
346	-1.241405838e-14	0.001443001443	-2.748164456e-15	3.762047793e-12	345.998557
346.1855865	15.67679129	-0.0007407407407	1.845491334e-13	6.711789826e-12	337.0007407
346.5593962	-16.11224065	-0.0007012622721	1.534978071e-13	-5.603553609e-12	356.0007013
347	-5.882029658e-14	0.001438848921	-8.445597377e-15	-6.386381577e-12	346.9985612
347.1991847	15.70001078	-0.0007385524372	-1.747724147e-13	-6.587234004e-12	338.0007386
347.5461648	-16.1348335	-0.0006993006993	1.160927168e-13	-4.202896801e-12	357.0006993
348	-2.347356733e-14	0.00143472023	-1.079188628e-14	2.586906291e-12	347.9985653
348.2127629	15.72319598	-0.000736377025	4.491154516e-14	1.563688865e-12	339.0007364
348.5329519	-16.15739476	-0.0006973500697	-9.131982757e-14	3.485169066e-12	358.0006974
349	1.83254251e-14	0.001430615165	-2.39020053e-15	5.566437415e-12	348.9985694
349.226321	15.74634704	-0.0007342143906	-2.406425094e-13	-8.800751163e-12	340.0007342
349.5197574	-16.17992456	-0.0006954102921	-2.142224055e-14	9.738876584e-13	359.0006954
350	1.703878251e-14	0.001426533524	9.294998798e-15	-1.564795506e-12	349.9985735
350.2398593	15.76946412	-0.0007320644217	2.17551126e-13	7.675095201e-12	341.0007321
350.5065812	-16.20242303	-0.000693481276	4.024226208e-14	-1.440800171e-12	360.0006935
351	1.190748181e-15	0.001422475107	-5.285308994e-15	-4.387095683e-12	350.9985775
351.2533778	15.79254735	-0.0007299270073	-9.724620016e-15	-5.528406294e-13	342.0007299
351.4934233	-16.22489031	-0.0006915629322	1.01615415e-13	-4.075338293e-12	361.0006916
352	5.957653007e-15	0.001418439716	2.346946278e-15	-7.710030661e-13	351.9985816
352.2668765	15.8155969	-0.0007278020378	1.1893201e-14	5.552126145e-13	343.0007278
352.4802836	-16.24732651	-0.0006896551724	-1.962865721e-13	7.630028668e-12	362.0006897
353	2.11527899e-14	0.001414427157	-1.205099966e-15	1.877464269e-12	352.9985856
353.2803556	15.8386129	-0.0007256894049	-3.635461256e-14	-1.501340128e-12	344.0007257
353.467162	-16.26973178	-0.0006877579092	-3.198855032e-14	7.739930121e-13	363.0006878
354	-8.525290417e-16	0.001410437236	-1.209827828e-14	-3.680831327e-12	353.9985896
354.2938151	15.86159551	-0.0007235890014	-1.350525678e-13	-5.019410051e-12	345.0007236
354.4540585	-16.29210624	-0.0006858710562	2.405235093e-13	-9.160361067e-12	364.0006859
355	-1.430798411e-14	0.001406469761	-2.183988763e-15	2.111648542e-12	354.9985935
355.3072552	15.88454486	-0.0007215007215	1.681695561e-13	6.318164037e-12	346.0007215
355.4409729	-16.31445	-0.000683994528	-8.76154982e-14	3.349470979e-12	365.000684
356	2.883559807e-14	0.001402524544	-6.339390857e-15	3.138414424e-12	355.9985975
356.3206759	15.9074611	-0.0007194244604	-9.432280819e-14	-3.522467137e-12	347.0007194
356.4279051	-16.33676321	-0.0006821282401	-5.542775153e-14	1.846677061e-12	366.0006821
357	-2.13254565e-15	0.001398601399	-6.241121371e-16	3.521351316e-12	356.9986014
357.3340774	15.93034438	-0.0007173601148	1.740911646e-13	6.71754551e-12	348.0007174
357.4148552	-16.35904599	-0.0006802721089	-6.472871584e-14	2.57419285e-12	367.0006803
358	4.38522513e-14	0.001394700139	-6.904423974e-15	-7.043641402e-12	357.9986053
358.3474595	15.95319483	-0.0007153075823	-1.536274574e-13	-5.629695182e-12	349.0007153
358.4018231	-16.38129845	-0.0006784260516	1.53569375e-13	-6.114759542e-12	368.0006784
359	1.030918877e-14	0.001390820584	-3.065310814e-15	3.723095991e-12	358.9986092
359.3608226	15.9760126	-0.0007132667618	-1.29579118e-14	-4.712468052e-13	350.0007133
359.3888086	-16.40352073	-0.0006765899865	-2.667162122e-13	1.018674723e-11	369.0006766
360	-6.966664759e-14	0.001386962552	5.635254083e-15	9.75503188e-13	359.998613
360.3741666	15.99879783	-0.0007112375533	-6.335619144e-14	-2.363765266e-12	351.0007112
360.3758117	-16.42571294	-0.0006747638327	2.368321582e-13	-9.024729689e-12	370.0006748
361	2.345950514e-14	0.001383125864	-2.393073758e-15	-1.744051249e-12	360.9986169
361.3628324	-16.44787521	-0.0006729475101	-2.173682836e-14	9.653407069e-13	371.0006729
361.3874917	16.02155066	-0.0007092198582	9.574422813e-14	3.530638008e-12	352.0007092
362	6.616488825e-14	0.001379310345	2.557945908e-15	5.04264436e-12	361.9986207
362.3498705	-16.47000766	-0.0006711409396	-7.099149283e-14	2.753752678e-12	372.0006711
362.4007978	16.04427121	-0.0007072135785	1.318216197e-14	4.899174044e-13	353.0007072
363	4.605831276e-14	0.001375515818	-3.583430541e-15	-8.368788782e-12	362.9986245
363.336926	-16.49211041	-0.0006693440428	-2.09676649e-14	4.636249026e-13	373.0006693
363.4140852	16.06695964	-0.0007052186178	6.879432877e-15	1.53210463e-13	354.0007052
364	4.056528027e-14	0.001371742112	-1.867547076e-15	5.866505507e-12	363.9986283
364.3239988	-16.51418357	-0.0006675567423	9.507886519e-14	-3.878152642e-12	374.0006676
364.4273538	16.08961607	-0.0007032348805	7.983683128e-14	2.846714141e-12	355.0007032
365	1.443589934e-14	0.001367989056	2.347819395e-15	9.360579605e-13	364.998632
365.3110888	-16.53622727	-0.0006657789614	-3.820857598e-14	1.37831769e-12	375.0006658
365.4406038	16.11224065	-0.0007012622721	-1.928874343e-14	-5.255809355e-13	356.0007013
366	-9.989525106e-15	0.00136425648	5.368126991e-16	-7.579405252e-12	365.9986357
366.298196	-16.55824163	-0.0006640106242	-6.658763635e-14	2.41104686e-12	376.000664
366.4538352	16.1348335	-0.0006993006993	-8.36297137e-14	-3.105168847e-12	357.0006993
367	-4.030864429e-14	0.001360544218	2.129039583e-14	4.559819505e-12	366.9986395
367.2853204	-16.58022675	-0.0006622516556	7.087082333e-14	-2.582206532e-12	377.0006623
367.4670481	16.15739476	-0.0006973500697	-1.306481307e-13	-5.030299407e-12	358.0006974
368	4.128329751e-14	0.001356852103	1.214089071e-14	-1.331481193e-12	367.9986431
368.2724618	-16.60218276	-0.0006605019815	1.56350574e-14	-6.113537797e-13	378.0006605
368.4802426	16.17992456	-0.0006954102921	1.648953576e-13	6.340588648e-12	359.0006954
369	1.173939481e-14	0.001353179973	-4.586986515e-15	1.831970257e-12	368.9986468
369.2596201	-16.62410978	-0.0006587615283	-1.012444627e-13	4.145983604e-12	379.0006588
369.4934188	16.20242303	-0.000693481276	-1.260068751e-13	-4.748120844e-12	360.0006935
370	2.711681209e-14	0.001349527665	8.469803987e-15	3.294005266e-12	369.9986505
370.2467954	-16.64600791	-0.0006570302234	1.535713906e-13	-6.173289613e-12	380.000657
370.5065767	16.22489031	-0.0006915629322	1.166105725e-13	4.038775894e-12	361.0006916
371	3.280515468e-14	0.00134589502	1.290609437e-15	-9.281955895e-13	370.9986541
371.2339875	-16.66787727	-0.0006553079948	-5.156747684e-14	1.91983181e-12	381.0006553
371.5197164	16.24732651	-0.0006896551724	-8.06330262e-15	-2.449652783e-13	362.0006897
372	-2.154836129e-14	0.001342281879	1.20012243e-18	-2.690993713e-12	371.9986577
372.2211964	-16.68971797	-0.0006535947712	-1.366051887e-13	5.382150089e-12	382.0006536
372.532838	16.26973178	-0.0006877579092	2.236310203e-14	8.778206164e-13	363.0006878
373	6.554836105e-15	0.001338688086	-2.282372605e-15	-2.293272204e-12	372.9986613
373.208422	-16.71153013	-0.0006518904824	8.937387039e-14	-3.575011537e-12	383.0006519
373.5459415	16.29210624	-0.0006858710562	-4.627252856e-14	-1.847768278e-12	364.0006859
374	-4.806501468e-15	0.001335113485	9.827610237e-16	2.673859613e-13	373.9986649
374.1956642	-16.73331386	-0.0006501950585	1.289147952e-13	-4.655169132e-12	384.0006502
374.5590271	16.31445	-0.0006839945281	1.22693301e-13	4.635343484e-12	365.000684
375	2.399508313e-14	0.001331557923	1.120617459e-14	9.766897485e-12	374.9986684
375.182923	-16.75506926	-0.0006485084306	-3.706251225e-14	1.773115657e-12	385.0006485
375.5720949	16.33676321	-0.0006821282401	-7.005526424e-14	-2.407543513e-12	366.0006821
376	1.881461759e-14	0.001328021248	2.899476288e-15	-1.104757943e-11	375.998672
376.1701984	-16.77679646	-0.0006468305304	-3.502139116e-14	1.276747569e-12	386.0006468
376.5851448	16.35904599	-0.0006802721088	-7.448745785e-14	-2.800766268e-12	367.0006803
377	-2.14812427e-14	0.001324503311	1.334501627e-14	7.691281769e-12	376.9986755
377.1574902	-16.79849555	-0.0006451612903	-5.93733699e-14	2.49445672e-12	387.0006452
377.5981769	16.38129845	-0.0006784260516	2.102400168e-14	8.950629341e-13	368.0006784
378	-1.59132897e-14	0.001321003963	1.984685926e-15	-5.131200852e-12	377.998679
378.1447983	-16.82016665	-0.0006435006435	2.423644941e-13	-9.447701999e-12	388.0006435
378.6111914	16.40352073	-0.0006765899865	8.516115297e-14	3.749887711e-12	369.0006766
379	1.573802386e-14	0.001317523057	-2.242318427e-15	-5.331167446e-12	378.9986825
379.1321228	-16.84180986	-0.0006418485238	-2.80292175e-13	1.0783476e-11	389.0006418
379.6241883	16.42571294	-0.0006747638327	7.780013285e-14	3.069107547e-12	370.0006748
380	-8.468232971e-15	0.001314060447	-2.090800459e-15	3.364830142e-12	379.9986859
380.1194636	-16.8634253	-0.0006402048656	3.294110485e-14	-1.137568411e-12	390.0006402
380.6371676	16.44787521	-0.0006729475101	-1.676505966e-13	-6.40597367e-12	371.0006729
381	3.229429076e-15	0.00131061599	-3.183171186e-15	1.428906762e-12	380.9986894
381.1068205	-16.88501306	-0.0006385696041	7.987928606e-14	-3.140102702e-12	391.0006386
381.6501295	16.47000766	-0.0006711409396	-1.851323992e-13	-7.171446103e-12	372.0006711
382	-2.459852104e-14	0.001307189542	-1.535875581e-15	-2.130761562e-12	381.9986928
382.0941936	-16.90657326	-0.0006369426752	1.365718198e-14	-4.614685556e-13	392.0006369
382.663074	16.49211041	-0.0006693440428	2.392628362e-13	9.086877762e-12	373.0006693
383	-2.132865864e-15	0.001303780965	-1.305133345e-14	4.933250386e-12	382.9986962
383.0815828	-16.928106	-0.0006353240152	-6.397119849e-14	2.414938289e-12	393.0006353
383.6760012	16.51418357	-0.0006675567423	4.825957077e-14	1.831663672e-12	374.0006676
384	-1.298141826e-14	0.001300390117	-4.176674575e-16	-5.31438187e-12	383.9986996
384.068988	-16.94961139	-0.0006337135615	-1.282310372e-13	4.9913955e-12	394.0006337
384.6889112	16.53622727	-0.0006657789614	-1.244244991e-13	-4.768529868e-12	375.0006658
385	4.775384255e-14	0.001297016861	-4.630704303e-15	2.919103083e-12	384.998703
385.0564091	-16.97108952	-0.0006321112516	1.423687037e-13	-5.819831302e-12	395.0006321
385.701804	16.55824163	-0.0006640106242	-5.107690809e-14	-1.646867397e-12	376.000664
386	2.335095281e-14	0.001293661061	-8.840511327e-16	-1.623587401e-12	385.9987063
386.0438461	-16.99254051	-0.000630517024	5.35471423e-14	-2.359672004e-12	396.0006305
386.7146796	16.58022675	-0.0006622516556	4.234990995e-14	1.841621397e-12	377.0006623
387	-2.306926171e-14	0.001290322581	4.75226138e-15	4.500786805e-12	386.9987097
387.031299	-17.01396445	-0.0006289308176	1.746328454e-13	-6.808053088e-12	397.0006289
387.7275382	16.60218276	-0.0006605019815	2.549885638e-14	1.037552482e-12	378.0006605
388	-3.162551323e-14	0.001287001287	-3.732475137e-17	1.783096466e-12	387.998713
388.0187676	-17.03536145	-0.0006273525722	-3.270647535e-13	1.32358068e-11	398.0006274
388.7403799	16.62410978	-0.0006587615283	-5.250379437e-14	-1.898580878e-12	379.0006588
389	-1.143196201e-14	0.001283697048	-1.040557882e-14	-2.308533233e-12	388.9987163
389.006252	-17.0567316	-0.0006257822278	-7.459470505e-15	9.141568856e-14	399.0006258
389.7532046	16.64600791	-0.0006570302234	-8.64830276e-15	-5.377192191e-13	380.000657
389.993752	-17.07807502	-0.0006242197253	1.957192401e-14	-1.05739757e-12	400.0006242
390	1.504416084e-14	0.001280409731	5.450254239e-16	-3.918660491e-12	389.9987196
390.7660125	16.66787727	-0.0006553079948	8.993819325e-14	3.452217048e-12	381.0006553
390.9812675	-17.09939179	-0.0006226650062	2.995657068e-14	-1.402330238e-12	401.0006227
391	1.286579253e-14	0.001277139208	-1.271533491e-14	1.270513236e-12	390.9987229
391.7788036	16.68971797	-0.0006535947712	-6.641539977e-14	-2.814601963e-12	382.0006536
391.9687987	-17.12068203	-0.0006211180124	4.940473365e-14	-1.857532139e-12	402.0006211
392	-3.839866969e-14	0.00127388535	5.114395439e-15	-1.52950919e-13	391.9987261
392.791578	16.71153013	-0.0006518904824	1.051049667e-13	4.028381243e-12	383.0006519
392.9563453	-17.14194582	-0.0006195786865	-1.258348082e-14	6.574045248e-13	403.0006196
393	1.417820732e-14	0.00127064803	1.150891659e-14	-6.44583648e-12	392.9987294
393.8043358	16.73331386	-0.0006501950585	-2.467992206e-14	-1.089370196e-12	384.0006502
393.9439073	-17.16318326	-0.0006180469716	-9.264609657e-14	3.902004033e-12	404.000618
394	2.770320325e-14	0.001267427123	1.090011458e-14	6.908597574e-12	393.9987326
394.817077	16.75506926	-0.0006485084306	7.361393651e-15	4.945804336e-13	385.0006485
394.9314847	-17.18439446	-0.0006165228113	9.018539131e-14	-3.734338727e-12	405.0006165
395	3.018637685e-14	0.001264222503	-2.40100189e-15	1.030937981e-12	394.9987358
395.8298016	16.77679646	-0.0006468305304	4.925033714e-14	2.003770712e-12	386.0006468
395.9190774	-17.20557952	-0.00061500615	8.566052327e-14	-3.143757151e-12	406.000615
396	9.355637558e-15	0.001261034048	-6.002664207e-15	-3.346168517e-13	395.998739
396.8425098	16.79849555	-0.0006451612903	2.666512027e-14	9.929483669e-13	387.0006452
396.9066854	-17.22673851	-0.0006134969325	-4.420433763e-14	1.82060592e-12	407.0006135
397	2.550456083e-15	0.001257861635	-2.14771299e-16	-1.95022657e-12	396.9987421
397.8552017	16.82016665	-0.0006435006435	-7.995493499e-14	-3.192814897e-12	388.0006435
397.8943085	-17.24787156	-0.000611995104	-5.789445893e-14	2.254756069e-12	408.000612
398	-3.407252248e-14	0.001254705144	1.372060307e-15	1.434539714e-12	397.9987453
398.8678772	16.84180986	-0.0006418485237	8.745439508e-14	3.240160712e-12	389.0006418
398.8819468	-17.26897873	-0.0006105006105	-8.329806124e-14	3.41767818e-12	409.0006105
399	-2.465473209e-14	0.001251564456	1.247811259e-15	-6.183369903e-13	398.9987484
399.8696002	-17.29006015	-0.0006090133983	8.330673526e-14	-3.561733731e-12	410.000609
399.8805364	16.8634253	-0.0006402048656	-7.200900296e-14	-3.140311458e-12	390.0006402
400	3.023466079e-14	0.001248439451	4.119533857e-15	-7.867985516e-13	399.9987516
400.8572686	-17.31111589	-0.0006075334143	5.229132133e-14	-1.965184844e-12	411.0006075
400.8931795	16.88501306	-0.0006385696041	-9.86896023e-14	-3.639550655e-12	391.0006386
401	-1.034098387e-14	0.001245330012	5.994738289e-15	2.235215123e-12	400.9987547
401.844952	-17.33214605	-0.0006060606061	-9.708101765e-15	4.921313226e-13	412.0006061
401.9058064	16.90657326	-0.0006369426752	2.03707195e-15	9.549465985e-14	392.0006369
402	-2.698655965e-14	0.001242236025	-2.040993969e-15	-7.532738333e-12	401.9987578
402.8326503	-17.35315072	-0.0006045949214	-2.743132418e-14	9.699916674e-13	413.0006046
402.9184172	16.928106	-0.0006353240153	-1.064009844e-13	-4.092911465e-12	393.0006353
403	-9.031823178e-15	0.001239157373	-1.023891742e-14	6.033715903e-12	402.9987608
403.8203635	-17.37413	-0.0006031363088	-9.383706535e-14	3.848989206e-12	414.0006031
403.931012	16.94961139	-0.0006337135615	1.176192383e-13	4.797161965e-12	394.0006337
404	-1.223474935e-14	0.001236093943	3.690980848e-15	1.928003314e-12	403.9987639
404.8080914	-17.39508398	-0.0006016847172	1.098038138e-13	-4.517255915e-12	415.0006017
404.9435909	16.97108952	-0.0006321112516	8.649423754e-14	3.597823051e-12	395.0006321
